7
Mlig.38777 0.0000000 0.0000010 0.0000010 0.0000010 0.3141851 0.2985946 0.2985946 
Mlig.38778 0.0000010 0.0000000 0.0000010 0.0000010 0.3141851 0.2985946 0.2985946 
Mlig.38779 0.0000010 0.0000010 0.0000000 0.0000010 0.3141851 0.2985946 0.2985946 
Mlig.38780 0.0000010 0.0000010 0.0000010 0.0000000 0.3141851 0.2985946 0.2985946 
Mlig.13193 0.3141851 0.3141851 0.3141851 0.3141851 0.0000000 0.0116198 0.0116198 
Mlig.13192 0.2985946 0.2985946 0.2985946 0.2985946 0.0116198 0.0000000 0.0000010 
Mlig.33126 0.2985946 0.2985946 0.2985946 0.2985946 0.0116198 0.0000010 0.0000000 
