7
Hdim.5897  0.0000000 0.0000010 1.3512459 1.2433333 1.3819545 1.3778342 1.8858160 
Hdim.5899  0.0000010 0.0000000 1.3512459 1.2433333 1.3819545 1.3778342 1.8858160 
Hdim.8861  1.3512459 1.3512459 0.0000000 0.9888372 0.6036325 0.7785477 0.8457101 
Hdim.13913 1.2433333 1.2433333 0.9888372 0.0000000 0.6819972 0.4925983 1.0906732 
Hdim.2390  1.3819545 1.3819545 0.6036325 0.6819972 0.0000000 0.3730608 1.0094995 
Hdim.619   1.3778342 1.3778342 0.7785477 0.4925983 0.3730608 0.0000000 1.0063540 
Hdim.10631 1.8858160 1.8858160 0.8457101 1.0906732 1.0094995 1.0063540 0.0000000 
