6
Mlig.19009 0.0000000 0.0111425 0.0156615 0.9922233 0.9863900 1.0003790 
Mlig.27526 0.0111425 0.0000000 0.0044478 1.0009290 0.9950668 1.0091196 
Mlig.27527 0.0156615 0.0044478 0.0000000 0.9970627 0.9912102 1.0052425 
Mlig.19748 0.9922233 1.0009290 0.9970627 0.0000000 0.0067032 0.0112012 
Mlig.9385  0.9863900 0.9950668 0.9912102 0.0067032 0.0000000 0.0134617 
Mlig.36009 1.0003790 1.0091196 1.0052425 0.0112012 0.0134617 0.0000000 
