6
Smed.347   0.0000000 1.0756451 0.9827812 0.5843392 0.7326961 0.5827073 
Smed.16388 1.0756451 0.0000000 0.0531335 0.8277217 0.9338657 0.8227504 
Smed.23161 0.9827812 0.0531335 0.0000000 0.7899561 0.8453502 0.7394429 
Smed.10631 0.5843392 0.8277217 0.7899561 0.0000000 0.2381130 0.1654568 
Smed.3237  0.7326961 0.9338657 0.8453502 0.2381130 0.0000000 0.1727923 
Smed.10005 0.5827073 0.8227504 0.7394429 0.1654568 0.1727923 0.0000000 
