11
Treg.4608  0.0000000 0.4461458 0.4095351 0.3798769 0.2271586 0.2633116 0.2669725 0.5648864 0.3510920 0.3510920 0.3833925 
Treg.13638 0.4461458 0.0000000 0.2628749 0.2808225 0.2380876 0.2766510 0.2533734 0.3137208 0.1254341 0.1254341 0.1566202 
Treg.5169  0.4095351 0.2628749 0.0000000 0.2500696 0.2403964 0.2794288 0.2560088 0.1907382 0.1264686 0.1264686 0.1579385 
Treg.11191 0.3798769 0.2808225 0.2500696 0.0000000 0.3069324 0.3519175 0.3293965 0.3890461 0.1749264 0.1749264 0.2093545 
Treg.5507  0.2271586 0.2380876 0.2403964 0.3069324 0.0000000 0.0304903 0.0309002 0.2940891 0.0972520 0.0972520 0.1298166 
Treg.8925  0.2633116 0.2766510 0.2794288 0.3519175 0.0304903 0.0000000 0.0628070 0.3349087 0.1319732 0.1319732 0.1650368 
Treg.4710  0.2669725 0.2533734 0.2560088 0.3293965 0.0309002 0.0628070 0.0000000 0.3136655 0.1033219 0.1033219 0.1378678 
Treg.13419 0.5648864 0.3137208 0.1907382 0.3890461 0.2940891 0.3349087 0.3136655 0.0000000 0.1716768 0.1716768 0.1381368 
Treg.1210  0.3510920 0.1254341 0.1264686 0.1749264 0.0972520 0.1319732 0.1033219 0.1716768 0.0000000 0.0000010 0.0300256 
Treg.5386  0.3510920 0.1254341 0.1264686 0.1749264 0.0972520 0.1319732 0.1033219 0.1716768 0.0000010 0.0000000 0.0300256 
Treg.13420 0.3833925 0.1566202 0.1579385 0.2093545 0.1298166 0.1650368 0.1378678 0.1381368 0.0300256 0.0300256 0.0000000 
