8
Treg.13468 0.0000000 1.4616621 1.4518994 1.5972501 1.6643410 1.2352044 1.2419363 1.4829696 
Treg.13684 1.4616621 0.0000000 0.2064815 1.4477959 1.6603900 1.1785796 1.2411849 1.4010597 
Treg.13692 1.4518994 0.2064815 0.0000000 1.3986039 1.6767460 1.1683548 1.2308233 1.3093345 
Treg.13688 1.5972501 1.4477959 1.3986039 0.0000000 1.2339428 1.2907637 1.3061837 1.1789554 
Treg.13690 1.6643410 1.6603900 1.6767460 1.2339428 0.0000000 1.2813834 1.4832432 1.5349517 
Treg.13691 1.2352044 1.1785796 1.1683548 1.2907637 1.2813834 0.0000000 0.0652027 0.3579320 
Treg.13694 1.2419363 1.2411849 1.2308233 1.3061837 1.4832432 0.0652027 0.0000000 0.3080277 
Treg.13403 1.4829696 1.4010597 1.3093345 1.1789554 1.5349517 0.3579320 0.3080277 0.0000000 
