18
Mlig.1258  0.0000000 0.0086679 0.0086679 0.0086679 0.0129693 0.0043102 0.0043102 0.0086257 1.2793548 1.2793548 1.2793548 1.2793548 1.2793548 1.2793548 1.2793548 1.0764326 1.0846149 1.0813667 
Mlig.1254  0.0086679 0.0000000 0.0000010 0.0000010 0.0130149 0.0043253 0.0043253 0.0086559 1.2886278 1.2886278 1.2886278 1.2886278 1.2886278 1.2886278 1.2886278 1.0827424 1.0910281 1.0877392 
Mlig.1257  0.0086679 0.0000010 0.0000000 0.0000010 0.0130149 0.0043253 0.0043253 0.0086559 1.2886278 1.2886278 1.2886278 1.2886278 1.2886278 1.2886278 1.2886278 1.0827424 1.0910281 1.0877392 
Mlig.13977 0.0086679 0.0000010 0.0000010 0.0000000 0.0130149 0.0043253 0.0043253 0.0086559 1.2886278 1.2886278 1.2886278 1.2886278 1.2886278 1.2886278 1.2886278 1.0827424 1.0910281 1.0877392 
Mlig.1259  0.0129693 0.0130149 0.0130149 0.0130149 0.0000000 0.0086291 0.0086291 0.0129515 1.2844842 1.2844842 1.2844842 1.2844842 1.2844842 1.2844842 1.2844842 1.0798668 1.0881068 1.0848359 
Mlig.1255  0.0043102 0.0043253 0.0043253 0.0043253 0.0086291 0.0000000 0.0000010 0.0043043 1.2673895 1.2673895 1.2673895 1.2673895 1.2673895 1.2673895 1.2673895 1.0662996 1.0744026 1.0711848 
Mlig.1256  0.0043102 0.0043253 0.0043253 0.0043253 0.0086291 0.0000010 0.0000000 0.0043043 1.2673895 1.2673895 1.2673895 1.2673895 1.2673895 1.2673895 1.2673895 1.0662996 1.0744026 1.0711848 
Mlig.11531 0.0086257 0.0086559 0.0086559 0.0086559 0.0129515 0.0043043 0.0043043 0.0000000 1.2795017 1.2795017 1.2795017 1.2795017 1.2795017 1.2795017 1.2795017 1.0758671 1.0840664 1.0808113 
Mlig.3343  1.2793548 1.2886278 1.2886278 1.2886278 1.2844842 1.2673895 1.2673895 1.2795017 0.0000000 0.0000010 0.0000010 0.0000010 0.0000010 0.0000010 0.0000010 0.6093170 0.5552081 0.5538571 
Mlig.3344  1.2793548 1.2886278 1.2886278 1.2886278 1.2844842 1.2673895 1.2673895 1.2795017 0.0000010 0.0000000 0.0000010 0.0000010 0.0000010 0.0000010 0.0000010 0.6093170 0.5552081 0.5538571 
Mlig.3345  1.2793548 1.2886278 1.2886278 1.2886278 1.2844842 1.2673895 1.2673895 1.2795017 0.0000010 0.0000010 0.0000000 0.0000010 0.0000010 0.0000010 0.0000010 0.6093170 0.5552081 0.5538571 
Mlig.3346  1.2793548 1.2886278 1.2886278 1.2886278 1.2844842 1.2673895 1.2673895 1.2795017 0.0000010 0.0000010 0.0000010 0.0000000 0.0000010 0.0000010 0.0000010 0.6093170 0.5552081 0.5538571 
Mlig.3347  1.2793548 1.2886278 1.2886278 1.2886278 1.2844842 1.2673895 1.2673895 1.2795017 0.0000010 0.0000010 0.0000010 0.0000010 0.0000000 0.0000010 0.0000010 0.6093170 0.5552081 0.5538571 
Mlig.3348  1.2793548 1.2886278 1.2886278 1.2886278 1.2844842 1.2673895 1.2673895 1.2795017 0.0000010 0.0000010 0.0000010 0.0000010 0.0000010 0.0000000 0.0000010 0.6093170 0.5552081 0.5538571 
Mlig.44858 1.2793548 1.2886278 1.2886278 1.2886278 1.2844842 1.2673895 1.2673895 1.2795017 0.0000010 0.0000010 0.0000010 0.0000010 0.0000010 0.0000010 0.0000000 0.6093170 0.5552081 0.5538571 
Mlig.3764  1.0764326 1.0827424 1.0827424 1.0827424 1.0798668 1.0662996 1.0662996 1.0758671 0.6093170 0.6093170 0.6093170 0.6093170 0.6093170 0.6093170 0.6093170 0.0000000 0.0452155 0.0405670 
Mlig.5955  1.0846149 1.0910281 1.0910281 1.0910281 1.0881068 1.0744026 1.0744026 1.0840664 0.5552081 0.5552081 0.5552081 0.5552081 0.5552081 0.5552081 0.5552081 0.0452155 0.0000000 0.0043101 
Mlig.10914 1.0813667 1.0877392 1.0877392 1.0877392 1.0848359 1.0711848 1.0711848 1.0808113 0.5538571 0.5538571 0.5538571 0.5538571 0.5538571 0.5538571 0.5538571 0.0405670 0.0043101 0.0000000 
