6
Mlig.15049 0.0000000 0.0130336 0.0149072 0.8946374 0.8992027 0.8955868 
Mlig.16936 0.0130336 0.0000000 0.0149230 0.9094510 0.9140622 0.9103812 
Mlig.30898 0.0149072 0.0149230 0.0000000 0.9055085 0.9101154 0.9064454 
Mlig.36973 0.8946374 0.9094510 0.9055085 0.0000000 0.0093171 0.0111845 
Mlig.36974 0.8992027 0.9140622 0.9101154 0.0093171 0.0000000 0.0018531 
Mlig.43373 0.8955868 0.9103812 0.9064454 0.0111845 0.0018531 0.0000000 
