9
Mlig.669   0.0000000 0.4600915 0.4600915 0.4507765 0.3547660 0.3560277 0.3603288 0.0000010 0.0000010 
Mlig.39347 0.4600915 0.0000000 0.0000010 0.0026818 0.5764919 0.5731053 0.5745860 0.4600915 0.4600915 
Mlig.39348 0.4600915 0.0000010 0.0000000 0.0026818 0.5764919 0.5731053 0.5745860 0.4600915 0.4600915 
Mlig.32563 0.4507765 0.0026818 0.0026818 0.0000000 0.5698591 0.5665005 0.5679773 0.4507765 0.4507765 
Mlig.45817 0.3547660 0.5764919 0.5764919 0.5698591 0.0000000 0.0026748 0.0053618 0.3547660 0.3547660 
Mlig.10862 0.3560277 0.5731053 0.5731053 0.5665005 0.0026748 0.0000000 0.0026766 0.3560277 0.3560277 
Mlig.13640 0.3603288 0.5745860 0.5745860 0.5679773 0.0053618 0.0026766 0.0000000 0.3603288 0.3603288 
Mlig.13731 0.0000010 0.4600915 0.4600915 0.4507765 0.3547660 0.3560277 0.3603288 0.0000000 0.0000010 
Mlig.13732 0.0000010 0.4600915 0.4600915 0.4507765 0.3547660 0.3560277 0.3603288 0.0000010 0.0000000 
