6
Smed.15539 0.0000000 0.7797574 0.7169361 0.8397225 0.9522163 0.7532310 
Smed.23180 0.7797574 0.0000000 0.7384691 0.8829591 1.0917761 0.8619161 
Smed.3251  0.7169361 0.7384691 0.0000000 0.5605668 0.8969165 0.6676866 
Smed.7549  0.8397225 0.8829591 0.5605668 0.0000000 1.0464773 0.7879035 
Smed.7839  0.9522163 1.0917761 0.8969165 1.0464773 0.0000000 0.9307350 
Smed.16010 0.7532310 0.8619161 0.6676866 0.7879035 0.9307350 0.0000000 
