6
Mlig.43320 0.0000000 0.0119376 0.0119376 0.4571224 0.4578185 0.4571224 
Mlig.12851 0.0119376 0.0000000 0.0000010 0.4551417 0.4558347 0.4551417 
Mlig.46733 0.0119376 0.0000010 0.0000000 0.4551417 0.4558347 0.4551417 
Mlig.15214 0.4571224 0.4551417 0.4551417 0.0000000 0.0023483 0.0000010 
Mlig.33492 0.4578185 0.4558347 0.4558347 0.0023483 0.0000000 0.0023483 
Mlig.33494 0.4571224 0.4551417 0.4551417 0.0000010 0.0023483 0.0000000 
