6
Mlig.22837 0.0000000 0.0160057 0.0085881 0.6040018 0.5971554 0.5958313 
Mlig.22836 0.0160057 0.0000000 0.0097944 0.6018921 0.5950632 0.5937411 
Mlig.22838 0.0085881 0.0097944 0.0000000 0.6009541 0.5941453 0.5928264 
Mlig.39112 0.6040018 0.6018921 0.6009541 0.0000000 0.0206684 0.0182247 
Mlig.39113 0.5971554 0.5950632 0.5941453 0.0206684 0.0000000 0.0121123 
Mlig.39114 0.5958313 0.5937411 0.5928264 0.0182247 0.0121123 0.0000000 
