9
Smed.22593 0.0000000 0.7687010 0.8108448 0.8383178 0.7153850 0.7265950 0.7861498 0.9239534 0.8024338 
Smed.6564  0.7687010 0.0000000 0.9990345 1.0334095 0.8114643 0.8396718 0.8427778 0.9688477 0.9755273 
Smed.13466 0.8108448 0.9990345 0.0000000 0.0079929 0.4251121 0.4389282 0.9088519 0.6949902 0.0242951 
Smed.19056 0.8383178 1.0334095 0.0079929 0.0000000 0.4431461 0.4572760 0.9401406 0.7204233 0.0328190 
Smed.12649 0.7153850 0.8114643 0.4251121 0.4431461 0.0000000 0.0323817 0.7559828 0.5424441 0.4180114 
Smed.28924 0.7265950 0.8396718 0.4389282 0.4572760 0.0323817 0.0000000 0.7563479 0.5193226 0.4346901 
Smed.18891 0.7861498 0.8427778 0.9088519 0.9401406 0.7559828 0.7563479 0.0000000 0.8911117 0.8522357 
Smed.6698  0.9239534 0.9688477 0.6949902 0.7204233 0.5424441 0.5193226 0.8911117 0.0000000 0.7113023 
Smed.7647  0.8024338 0.9755273 0.0242951 0.0328190 0.4180114 0.4346901 0.8522357 0.7113023 0.0000000 
