6
Mlig.12115 0.0000000 0.0000010 0.0072680 0.8214996 0.8214996 0.9346503 
Mlig.35602 0.0000010 0.0000000 0.0072680 0.8214996 0.8214996 0.9346503 
Mlig.914   0.0072680 0.0072680 0.0000000 0.8212020 0.8212020 0.9342717 
Mlig.21638 0.8214996 0.8214996 0.8212020 0.0000000 0.0000010 0.0847571 
Mlig.21639 0.8214996 0.8214996 0.8212020 0.0000010 0.0000000 0.0847571 
Mlig.36981 0.9346503 0.9346503 0.9342717 0.0847571 0.0847571 0.0000000 
