9
Mlig.34143 0.0000000 0.1004060 1.2401148 1.2401148 1.6264132 0.5564617 0.0833211 0.0559995 0.0179755 
Mlig.21196 0.1004060 0.0000000 1.3233783 1.3233783 1.7126502 0.5632698 0.0227598 0.0838457 0.1011636 
Mlig.24890 1.2401148 1.3233783 0.0000000 0.0000010 1.0555407 1.1312836 1.2592997 1.2552397 1.2266654 
Mlig.37394 1.2401148 1.3233783 0.0000010 0.0000000 1.0555407 1.1312836 1.2592997 1.2552397 1.2266654 
Mlig.27119 1.6264132 1.7126502 1.0555407 1.0555407 0.0000000 1.3851341 1.6241023 1.6481948 1.6107065 
Mlig.27941 0.5564617 0.5632698 1.1312836 1.1312836 1.3851341 0.0000000 0.5031103 0.5371069 0.5322656 
Mlig.21195 0.0833211 0.0227598 1.2592997 1.2592997 1.6241023 0.5031103 0.0000000 0.0723263 0.0839425 
Mlig.596   0.0559995 0.0838457 1.2552397 1.2552397 1.6481948 0.5371069 0.0723263 0.0000000 0.0514025 
Mlig.25454 0.0179755 0.1011636 1.2266654 1.2266654 1.6107065 0.5322656 0.0839425 0.0514025 0.0000000 
