6
Smed.14922 0.0000000 0.2548200 0.2420421 0.0786465 0.0148858 0.0000010 
Smed.2520  0.2548200 0.0000000 0.2938784 0.3626936 0.2729332 0.2548200 
Smed.12464 0.2420421 0.2938784 0.0000000 0.3292932 0.2597352 0.2420421 
Smed.23230 0.0786465 0.3626936 0.3292932 0.0000000 0.0947105 0.0786465 
Smed.24785 0.0148858 0.2729332 0.2597352 0.0947105 0.0000000 0.0148858 
Smed.24867 0.0000010 0.2548200 0.2420421 0.0786465 0.0148858 0.0000000 
