7
Mlig.6163  0.0000000 0.5352524 0.5352524 0.0000010 0.0038651 0.0038631 0.1584717 
Mlig.37504 0.5352524 0.0000000 0.0000010 0.5352524 0.5286891 0.5351031 0.6028511 
Mlig.44258 0.5352524 0.0000010 0.0000000 0.5352524 0.5286891 0.5351031 0.6028511 
Mlig.6162  0.0000010 0.5352524 0.5352524 0.0000000 0.0038651 0.0038631 0.1584717 
Mlig.6164  0.0038651 0.5286891 0.5286891 0.0038651 0.0000000 0.0077477 0.1631364 
Mlig.6165  0.0038631 0.5351031 0.5351031 0.0038631 0.0077477 0.0000000 0.1579562 
Mlig.23740 0.1584717 0.6028511 0.6028511 0.1584717 0.1631364 0.1579562 0.0000000 
