8
Hdim.14079 0.0000000 0.2984588 0.4714618 0.3741481 0.2757350 0.7568226 0.2526223 0.3165092 
Hdim.10254 0.2984588 0.0000000 0.3764584 0.3930495 0.2518389 0.5195248 0.2828776 0.2955708 
Hdim.13261 0.4714618 0.3764584 0.0000000 0.5739958 0.4617784 0.8995241 0.5011305 0.4792096 
Hdim.9653  0.3741481 0.3930495 0.5739958 0.0000000 0.3945416 0.6820370 0.3430044 0.3563778 
Hdim.12277 0.2757350 0.2518389 0.4617784 0.3945416 0.0000000 0.6318689 0.2410825 0.3912250 
Hdim.8253  0.7568226 0.5195248 0.8995241 0.6820370 0.6318689 0.0000000 0.7376678 0.7624037 
Hdim.5833  0.2526223 0.2828776 0.5011305 0.3430044 0.2410825 0.7376678 0.0000000 0.3637267 
Hdim.11704 0.3165092 0.2955708 0.4792096 0.3563778 0.3912250 0.7624037 0.3637267 0.0000000 
