13
Mlig.13402 0.0000000 0.0105379 0.0158644 1.5552186 1.5691484 1.6379587 0.6313918 0.6373926 0.6399496 0.0230743 0.0268566 0.0140877 0.0122996 
Mlig.13404 0.0105379 0.0000000 0.0122544 1.5480589 1.5627219 1.6313450 0.6218381 0.6277682 0.6303139 0.0193905 0.0231151 0.0069729 0.0052183 
Mlig.13412 0.0158644 0.0122544 0.0000000 1.5602866 1.5680982 1.6369669 0.6198957 0.6258284 0.6283792 0.0193829 0.0249337 0.0157974 0.0140112 
Mlig.22928 1.5552186 1.5480589 1.5602866 0.0000000 0.2323212 0.3116049 1.4751369 1.4874595 1.4784989 1.5903589 1.5672434 1.5403805 1.5344540 
Mlig.14552 1.5691484 1.5627219 1.5680982 0.2323212 0.0000000 0.0664291 1.6011712 1.6144287 1.5998428 1.6057125 1.5696390 1.5618129 1.5490204 
Mlig.14553 1.6379587 1.6313450 1.6369669 0.3116049 0.0664291 0.0000000 1.6947852 1.7087731 1.6934190 1.6763898 1.6437202 1.6304428 1.6169351 
Mlig.13549 0.6313918 0.6218381 0.6198957 1.4751369 1.6011712 1.6947852 0.0000000 0.0017597 0.0052852 0.6430829 0.6567655 0.6216723 0.6201533 
Mlig.13551 0.6373926 0.6277682 0.6258284 1.4874595 1.6144287 1.7087731 0.0017597 0.0000000 0.0070748 0.6491669 0.6629696 0.6276003 0.6260602 
Mlig.13552 0.6399496 0.6303139 0.6283792 1.4784989 1.5998428 1.6934190 0.0052852 0.0070748 0.0000000 0.6517363 0.6655633 0.6301455 0.6285994 
Mlig.22530 0.0230743 0.0193905 0.0193829 1.5903589 1.6057125 1.6763898 0.6430829 0.6491669 0.6517363 0.0000000 0.0322827 0.0212052 0.0211628 
Mlig.13408 0.0268566 0.0231151 0.0249337 1.5672434 1.5696390 1.6437202 0.6567655 0.6629696 0.6655633 0.0322827 0.0000000 0.0267434 0.0249046 
Mlig.13410 0.0140877 0.0069729 0.0157974 1.5403805 1.5618129 1.6304428 0.6216723 0.6276003 0.6301455 0.0212052 0.0267434 0.0000000 0.0052141 
Mlig.13411 0.0122996 0.0052183 0.0140112 1.5344540 1.5490204 1.6169351 0.6201533 0.6260602 0.6285994 0.0211628 0.0249046 0.0052141 0.0000000 
