6
Smed.15871 0.0000000 0.2350289 0.0498737 0.0403186 0.0456488 0.0204492 
Smed.4168  0.2350289 0.0000000 0.2077259 0.1994092 0.2117665 0.2115023 
Smed.12487 0.0498737 0.2077259 0.0000000 0.0319541 0.0221194 0.0306406 
Smed.15869 0.0403186 0.1994092 0.0319541 0.0000000 0.0272395 0.0268238 
Smed.16612 0.0456488 0.2117665 0.0221194 0.0272395 0.0000000 0.0319735 
Smed.19093 0.0204492 0.2115023 0.0306406 0.0268238 0.0319735 0.0000000 
