25
Smed.12276 0.0000000 1.2613641 1.3018671 1.3320632 1.2531992 1.2968641 1.2799922 1.2157680 1.3334320 1.2421716 1.1957432 1.1752112 1.2133959 1.1679404 1.2301917 1.2793073 1.3077594 1.3904585 1.2302678 1.3910043 1.3368577 1.3368577 1.2752023 1.5866661 1.4403771 
Smed.14006 1.2613641 0.0000000 0.2775275 0.1670683 0.1936010 0.2775773 0.2443643 0.1446595 0.2014057 0.1924426 0.1931524 0.1678707 0.2182629 0.1906604 0.2676632 1.6705755 0.4444231 0.2697777 0.2469281 0.2858777 0.2138809 0.2138809 0.2180991 0.3258633 0.2612512 
Smed.7537  1.3018671 0.2775275 0.0000000 0.2210582 0.2773890 0.2871438 0.2986767 0.1947680 0.2582307 0.1982240 0.2218034 0.1727054 0.2250761 0.1963408 0.2743438 1.5170151 0.5270703 0.2513279 0.2922836 0.2222027 0.2204398 0.2204398 0.2407630 0.3039591 0.3019641 
Smed.25070 1.3320632 0.1670683 0.2210582 0.0000000 0.1911201 0.2216175 0.2328759 0.1406458 0.1956123 0.1433773 0.1639460 0.1206368 0.1673931 0.1420037 0.2136687 1.5796245 0.5631187 0.2150446 0.2509020 0.2315653 0.1635367 0.1635367 0.1930347 0.2211584 0.2078607 
Smed.26546 1.2531992 0.1936010 0.2773890 0.1911201 0.0000000 0.2018010 0.3132856 0.1691215 0.2287186 0.1241767 0.1448729 0.1015657 0.0981643 0.1691998 0.2451183 1.5594601 0.6116374 0.2979041 0.2822019 0.2634770 0.2394222 0.2394222 0.2727873 0.3072087 0.2405445 
Smed.21317 1.2968641 0.2775773 0.2871438 0.2216175 0.2018010 0.0000000 0.2984760 0.1504916 0.2093578 0.1053795 0.1271149 0.0827843 0.1292740 0.1505877 0.2263913 1.4221905 0.6580002 0.2214997 0.2758759 0.1991134 0.2210021 0.2210021 0.2275346 0.2589247 0.2735993 
Smed.8286  1.2799922 0.2443643 0.2986767 0.2328759 0.3132856 0.2984760 0.0000000 0.1665734 0.2253616 0.2103045 0.2336458 0.1848274 0.2104215 0.1372365 0.2877928 1.5670053 0.6610960 0.2902365 0.3355965 0.3078227 0.2322365 0.2322365 0.2666904 0.3569779 0.3350261 
Smed.19741 1.2157680 0.1446595 0.1947680 0.1406458 0.1691215 0.1504916 0.1665734 0.0000000 0.0399764 0.0794217 0.0998446 0.0584947 0.1015479 0.0786135 0.1449511 1.4838189 0.4978973 0.1895247 0.2235034 0.1637150 0.1402877 0.1402877 0.1678997 0.1972029 0.1699213 
Smed.29064 1.3334320 0.2014057 0.2582307 0.1956123 0.2287186 0.2093578 0.2253616 0.0399764 0.0000000 0.1287275 0.1510385 0.1052807 0.1535262 0.1274138 0.1793243 1.4719387 0.6033978 0.2202627 0.2907001 0.2213874 0.1950734 0.1950734 0.2275099 0.2611410 0.2294009 
Smed.12831 1.2421716 0.1924426 0.1982240 0.1433773 0.1241767 0.1053795 0.2103045 0.0794217 0.1287275 0.0000000 0.0587278 0.0191357 0.0598017 0.0795163 0.1464706 1.5114181 0.5712788 0.1928385 0.2273446 0.1653517 0.1414579 0.1414579 0.1709972 0.1991327 0.1897833 
Smed.12134 1.1957432 0.1931524 0.2218034 0.1639460 0.1448729 0.1271149 0.2336458 0.0998446 0.1510385 0.0587278 0.0000000 0.0384599 0.0801157 0.0999472 0.1683741 1.5584613 0.5649007 0.2157519 0.2517606 0.1407097 0.1644334 0.1644334 0.1750190 0.2226815 0.2110726 
Smed.12475 1.1752112 0.1678707 0.1727054 0.1206368 0.1015657 0.0827843 0.1848274 0.0584947 0.1052807 0.0191357 0.0384599 0.0000000 0.0391831 0.0585731 0.1232461 1.4383552 0.5300188 0.1680874 0.2006068 0.1418829 0.1203357 0.1203357 0.1467281 0.1736124 0.1655818 
Smed.15973 1.2133959 0.2182629 0.2250761 0.1673931 0.0981643 0.1292740 0.2104215 0.1015479 0.1535262 0.0598017 0.0801157 0.0391831 0.0000000 0.1016521 0.1709860 1.5418792 0.6120867 0.2188885 0.2553501 0.1900858 0.1669522 0.1669522 0.1966063 0.2259535 0.2152217 
Smed.9821  1.1679404 0.1906604 0.1963408 0.1420037 0.1691998 0.1505877 0.1372365 0.0786135 0.1274138 0.0795163 0.0999472 0.0585731 0.1016521 0.0000000 0.1450477 1.4690181 0.5676135 0.1910399 0.2252282 0.1637968 0.1416416 0.1416416 0.1693538 0.1972456 0.1880416 
Smed.17167 1.2301917 0.2676632 0.2743438 0.2136687 0.2451183 0.2263913 0.2877928 0.1449511 0.1793243 0.1464706 0.1683741 0.1232461 0.1709860 0.1450477 0.0000000 1.3545356 0.6618884 0.2688456 0.2829537 0.2375660 0.2130922 0.2130922 0.1888250 0.2592579 0.2465018 
Smed.19399 1.2793073 1.6705755 1.5170151 1.5796245 1.5594601 1.4221905 1.5670053 1.4838189 1.4719387 1.5114181 1.5584613 1.4383552 1.5418792 1.4690181 1.3545356 0.0000000 1.7238522 1.6083082 1.5406394 1.6395179 1.4902614 1.4902614 1.5169912 1.8423818 1.7299220 
Smed.7921  1.3077594 0.4444231 0.5270703 0.5631187 0.6116374 0.6580002 0.6610960 0.4978973 0.6033978 0.5712788 0.5649007 0.5300188 0.6120867 0.5676135 0.6618884 1.7238522 0.0000000 0.6644058 0.6352129 0.6437004 0.6025661 0.6025661 0.5631433 0.6461793 0.5738384 
Smed.13613 1.3904585 0.2697777 0.2513279 0.2150446 0.2979041 0.2214997 0.2902365 0.1895247 0.2202627 0.1928385 0.2157519 0.1680874 0.2188885 0.1910399 0.2688456 1.6083082 0.6644058 0.0000000 0.2748276 0.2489036 0.2144580 0.2144580 0.2411991 0.3279630 0.3156003 
Smed.19983 1.2302678 0.2469281 0.2922836 0.2509020 0.2822019 0.2758759 0.3355965 0.2235034 0.2907001 0.2273446 0.2517606 0.2006068 0.2553501 0.2252282 0.2829537 1.5406394 0.6352129 0.2748276 0.0000000 0.3298332 0.2501902 0.2501902 0.2871213 0.2955310 0.3366746 
Smed.10141 1.3910043 0.2858777 0.2222027 0.2315653 0.2634770 0.1991134 0.3078227 0.1637150 0.2213874 0.1653517 0.1407097 0.1418829 0.1900858 0.1637968 0.2375660 1.6395179 0.6437004 0.2489036 0.3298332 0.0000000 0.2321422 0.2321422 0.2353625 0.2359009 0.2315205 
Smed.23876 1.3368577 0.2138809 0.2204398 0.1635367 0.2394222 0.2210021 0.2322365 0.1402877 0.1950734 0.1414579 0.1644334 0.1203357 0.1669522 0.1416416 0.2130922 1.4902614 0.6025661 0.2144580 0.2501902 0.2321422 0.0000000 0.0000010 0.1925087 0.2701815 0.2564627 
Smed.26693 1.3368577 0.2138809 0.2204398 0.1635367 0.2394222 0.2210021 0.2322365 0.1402877 0.1950734 0.1414579 0.1644334 0.1203357 0.1669522 0.1416416 0.2130922 1.4902614 0.6025661 0.2144580 0.2501902 0.2321422 0.0000010 0.0000000 0.1925087 0.2701815 0.2564627 
Smed.21901 1.2752023 0.2180991 0.2407630 0.1930347 0.2727873 0.2275346 0.2666904 0.1678997 0.2275099 0.1709972 0.1750190 0.1467281 0.1966063 0.1693538 0.1888250 1.5169912 0.5631433 0.2411991 0.2871213 0.2353625 0.1925087 0.1925087 0.0000000 0.1996136 0.2920375 
Smed.2303  1.5866661 0.3258633 0.3039591 0.2211584 0.3072087 0.2589247 0.3569779 0.1972029 0.2611410 0.1991327 0.2226815 0.1736124 0.2259535 0.1972456 0.2592579 1.8423818 0.6461793 0.3279630 0.2955310 0.2359009 0.2701815 0.2701815 0.1996136 0.0000000 0.2393741 
Smed.3619  1.4403771 0.2612512 0.3019641 0.2078607 0.2405445 0.2735993 0.3350261 0.1699213 0.2294009 0.1897833 0.2110726 0.1655818 0.2152217 0.1880416 0.2465018 1.7299220 0.5738384 0.3156003 0.3366746 0.2315205 0.2564627 0.2564627 0.2920375 0.2393741 0.0000000 
