6
Smed.9791  0.0000000 0.4608808 0.4608808 2.0305151 2.0305151 0.0000010 
Smed.6538  0.4608808 0.0000000 0.0000010 1.9406675 1.9406675 0.4608808 
Smed.17474 0.4608808 0.0000010 0.0000000 1.9406675 1.9406675 0.4608808 
Smed.1837  2.0305151 1.9406675 1.9406675 0.0000000 0.0000010 2.0305151 
Smed.1838  2.0305151 1.9406675 1.9406675 0.0000010 0.0000000 2.0305151 
Smed.9792  0.0000010 0.4608808 0.4608808 2.0305151 2.0305151 0.0000000 
