11
Mlig.6915  0.0000000 0.0072502 0.7677946 0.7677946 0.7677946 0.7558935 0.7548723 0.7548723 1.0434421 1.0641994 1.0542736 
Mlig.6917  0.0072502 0.0000000 0.7531297 0.7531297 0.7531297 0.7522953 0.7512692 0.7512692 1.0420587 1.0527628 1.0528855 
Mlig.11701 0.7677946 0.7531297 0.0000000 0.0000010 0.0000010 0.4580589 0.4606699 0.4606699 0.8514802 0.8604802 0.8606458 
Mlig.11702 0.7677946 0.7531297 0.0000010 0.0000000 0.0000010 0.4580589 0.4606699 0.4606699 0.8514802 0.8604802 0.8606458 
Mlig.11703 0.7677946 0.7531297 0.0000010 0.0000010 0.0000000 0.4580589 0.4606699 0.4606699 0.8514802 0.8604802 0.8606458 
Mlig.22859 0.7558935 0.7522953 0.4580589 0.4580589 0.4580589 0.0000000 0.0036584 0.0036584 0.9019915 0.9099615 0.9113898 
Mlig.33168 0.7548723 0.7512692 0.4606699 0.4606699 0.4606699 0.0036584 0.0000000 0.0000010 0.9097495 0.9177573 0.9192097 
Mlig.22860 0.7548723 0.7512692 0.4606699 0.4606699 0.4606699 0.0036584 0.0000010 0.0000000 0.9097495 0.9177573 0.9192097 
Mlig.33389 1.0434421 1.0420587 0.8514802 0.8514802 0.8514802 0.9019915 0.9097495 0.9097495 0.0000000 0.0074483 0.0036749 
Mlig.18773 1.0641994 1.0527628 0.8604802 0.8604802 0.8604802 0.9099615 0.9177573 0.9177573 0.0074483 0.0000000 0.0111941 
Mlig.18774 1.0542736 1.0528855 0.8606458 0.8606458 0.8606458 0.9113898 0.9192097 0.9192097 0.0036749 0.0111941 0.0000000 
