7
Mlig.9245  0.0000000 0.9685052 0.9624846 1.4399363 1.4264148 1.2820382 1.3013858 
Mlig.39900 0.9685052 0.0000000 0.1371988 0.8406451 0.8376563 0.9692633 0.9608917 
Mlig.46242 0.9624846 0.1371988 0.0000000 0.8727250 0.8585225 0.9315199 0.9234110 
Mlig.13631 1.4399363 0.8406451 0.8727250 0.0000000 0.0290053 1.2115307 1.2029620 
Mlig.13633 1.4264148 0.8376563 0.8585225 0.0290053 0.0000000 1.2227471 1.2122672 
Mlig.14067 1.2820382 0.9692633 0.9315199 1.2115307 1.2227471 0.0000000 0.0589595 
Mlig.34098 1.3013858 0.9608917 0.9234110 1.2029620 1.2122672 0.0589595 0.0000000 
