6
Mlig.12640 0.0000000 0.0062287 0.0049855 0.3039619 0.3019781 0.3040054 
Mlig.12641 0.0062287 0.0000000 0.0037355 0.3012581 0.2992777 0.3012997 
Mlig.12642 0.0049855 0.0037355 0.0000000 0.3008257 0.2988478 0.3008670 
Mlig.39550 0.3039619 0.3012581 0.3008257 0.0000000 0.0098632 0.0111039 
Mlig.25834 0.3019781 0.2992777 0.2988478 0.0098632 0.0000000 0.0086316 
Mlig.25835 0.3040054 0.3012997 0.3008670 0.0111039 0.0086316 0.0000000 
