6
Treg.2759  0.0000000 0.6028947 0.6275939 0.6322086 0.5920653 0.5856969 
Treg.2567  0.6028947 0.0000000 0.0354253 0.0317275 0.0139905 0.0175380 
Treg.4974  0.6275939 0.0354253 0.0000000 0.0209904 0.0458911 0.0495648 
Treg.3811  0.6322086 0.0317275 0.0209904 0.0000000 0.0389063 0.0425668 
Treg.8060  0.5920653 0.0139905 0.0458911 0.0389063 0.0000000 0.0034897 
Treg.8061  0.5856969 0.0175380 0.0495648 0.0425668 0.0034897 0.0000000 
