33
Smed.3571  0.0000000 0.0542349 1.5046448 1.0458238 0.0702207 0.7815385 0.9499569 0.9444283 0.9853211 0.9943901 0.8625555 0.7593274 0.7876177 0.7784311 0.7553860 0.7302453 0.7747855 0.6926479 0.8039811 0.7835206 0.8637666 0.7799612 0.7472799 0.7797281 0.7468376 0.7759801 0.8045229 0.7728040 0.7641591 0.7712439 0.7860079 0.7469608 0.8002568 
Smed.11952 0.0542349 0.0000000 1.4525806 1.0075112 0.0783666 0.7090087 0.8926105 0.9491184 0.9484854 0.9711641 0.8069329 0.7063652 0.7329411 0.7255982 0.7020342 0.6783471 0.7180846 0.6401309 0.7446450 0.7255428 0.8032496 0.7226863 0.6946185 0.7258175 0.6940877 0.7369783 0.7491425 0.7199505 0.7106323 0.7171573 0.7314955 0.6916002 0.7414137 
Smed.10434 1.5046448 1.4525806 0.0000000 2.4386316 1.5286887 2.0929754 1.9935246 2.3798063 2.4303353 2.3191761 2.1133430 1.8544978 1.9470444 1.8893173 1.8984822 1.8489278 1.9637411 1.8395246 2.0042743 1.9897454 2.1862654 1.9113028 1.8871633 1.8891832 1.9369902 2.0506687 1.8375355 1.9295666 1.9771103 1.8761463 1.9828823 1.9344653 1.9998656 
Smed.19606 1.0458238 1.0075112 2.4386316 0.0000000 1.0598210 0.9172830 0.7732489 0.2261784 0.0967124 0.1268975 0.8546660 0.8076965 0.8198737 0.8615940 0.8228396 0.8117377 0.8059576 0.8177973 0.8424084 0.8296545 0.9472457 0.8091580 0.8306609 0.8194311 0.8233140 0.8582774 0.8455588 0.8515439 0.8427158 0.8253808 0.8588178 0.8183223 0.8475640 
Smed.13886 0.0702207 0.0783666 1.5286887 1.0598210 0.0000000 0.7423175 0.9232142 0.9300275 0.9995479 1.0085934 0.8222858 0.7193333 0.7434049 0.7392787 0.7151694 0.6908136 0.7342875 0.6613835 0.7620068 0.7422485 0.8071452 0.7391494 0.7074866 0.7393762 0.7069708 0.7348155 0.7633334 0.7078238 0.7239143 0.7306573 0.7452698 0.7070747 0.7585834 
Smed.2571  0.7815385 0.7090087 2.0929754 0.9172830 0.7423175 0.0000000 0.8485767 0.8115650 0.8622254 0.8810742 0.6691756 0.6159247 0.6499383 0.6358795 0.5517698 0.5735349 0.5932789 0.5583332 0.6052271 0.6009829 0.6978325 0.6158461 0.5883473 0.6369258 0.5601129 0.6226853 0.6616123 0.6056040 0.5748022 0.6081168 0.6005673 0.5729995 0.6151105 
Smed.7717  0.9499569 0.8926105 1.9935246 0.7732489 0.9232142 0.8485767 0.0000000 0.7627907 0.7185368 0.7709617 0.9314378 0.8568205 0.8725433 0.8960515 0.8294811 0.8495341 0.9819441 0.9027614 0.9771229 0.9520892 0.8130837 0.9563733 0.8688445 0.8824410 0.8815381 0.9647432 0.9078749 0.8763018 0.9016204 0.8968812 0.9043515 0.9116645 0.9720628 
Smed.15885 0.9444283 0.9491184 2.3798063 0.2261784 0.9300275 0.8115650 0.7627907 0.0000000 0.1769772 0.2406325 0.8866911 0.8187932 0.8716447 0.8290380 0.8108510 0.8033026 0.7949283 0.7951799 0.8135554 0.7855354 0.9510073 0.7868636 0.8223736 0.8198352 0.8148426 0.8135182 0.8464073 0.8165798 0.8343984 0.8497710 0.8265475 0.7993011 0.8031292 
Smed.5655  0.9853211 0.9484854 2.4303353 0.0967124 0.9995479 0.8622254 0.7185368 0.1769772 0.0000000 0.0898793 0.8556481 0.8076839 0.8279171 0.8630014 0.8142547 0.8030364 0.7912539 0.8034304 0.8428181 0.8152710 1.0070297 0.8003688 0.8222921 0.8197292 0.8146865 0.8442035 0.8465516 0.8224159 0.8344309 0.8169720 0.8508318 0.8039546 0.8334010 
Smed.11634 0.9943901 0.9711641 2.3191761 0.1268975 1.0085934 0.8810742 0.7709617 0.2406325 0.0898793 0.0000000 0.9230446 0.8649973 0.8868171 0.9214195 0.8523309 0.8598898 0.8544976 0.8661958 0.9075393 0.8790616 1.0921290 0.8574496 0.8795809 0.8771227 0.8726875 0.9089946 0.9049851 0.8811046 0.8928855 0.8550006 0.9095029 0.8667632 0.8977089 
Smed.15933 0.8625555 0.8069329 2.1133430 0.8546660 0.8222858 0.6691756 0.9314378 0.8866911 0.8556481 0.9230446 0.0000000 0.0824404 0.0571189 0.0988457 0.1178227 0.0939938 0.1497351 0.1177202 0.1401978 0.1294720 0.4271194 0.1737807 0.0852629 0.0997521 0.0950499 0.1494640 0.0999918 0.0817567 0.0862327 0.0945783 0.1223117 0.1084035 0.1361016 
Smed.11179 0.7593274 0.7063652 1.8544978 0.8076965 0.7193333 0.6159247 0.8568205 0.8187932 0.8076839 0.8649973 0.0824404 0.0000000 0.0640550 0.0465090 0.0564127 0.0237134 0.0855455 0.0743794 0.1135848 0.1032746 0.3634181 0.0749971 0.0157635 0.0307438 0.0484076 0.1226984 0.0308041 0.0631526 0.0402232 0.0238396 0.0485092 0.0655712 0.1093540 
Smed.21956 0.7876177 0.7329411 1.9470444 0.8198737 0.7434049 0.6499383 0.8725433 0.8716447 0.8279171 0.8868171 0.0571189 0.0640550 0.0000000 0.0891058 0.1010336 0.0659858 0.1241832 0.1015515 0.1234990 0.1129372 0.3886293 0.1327416 0.0746128 0.0722386 0.0742650 0.1327551 0.0892635 0.0722352 0.0829440 0.0836555 0.0929170 0.0923028 0.1192924 
Smed.9285  0.7784311 0.7255982 1.8893173 0.8615940 0.7392787 0.6358795 0.8960515 0.8290380 0.8630014 0.9214195 0.0988457 0.0465090 0.0891058 0.0000000 0.0565994 0.0398849 0.1148585 0.0918191 0.1324983 0.1217971 0.3811365 0.1034718 0.0480993 0.0465643 0.0651525 0.1418036 0.0627464 0.0464069 0.0736665 0.0566011 0.0653024 0.0827787 0.1283367 
Smed.20439 0.7553860 0.7020342 1.8984822 0.8228396 0.7151694 0.5517698 0.8294811 0.8108510 0.8142547 0.8523309 0.1178227 0.0564127 0.1010336 0.0565994 0.0000000 0.0305900 0.1024166 0.0733241 0.1118064 0.1016939 0.3456790 0.0983221 0.0384351 0.0564810 0.0546787 0.1207576 0.0733678 0.0911653 0.0628178 0.0305920 0.0547938 0.0646615 0.1076337 
Smed.26158 0.7302453 0.6783471 1.8489278 0.8117377 0.6908136 0.5735349 0.8495341 0.8033026 0.8030364 0.8598898 0.0939938 0.0237134 0.0659858 0.0398849 0.0305900 0.0000000 0.0740507 0.0470368 0.0827679 0.0733837 0.3434391 0.0640870 0.0075348 0.0237434 0.0229647 0.0913227 0.0399614 0.0568499 0.0307750 0.0151936 0.0230044 0.0388719 0.0784021 
Smed.16308 0.7747855 0.7180846 1.9637411 0.8059576 0.7342875 0.5932789 0.9819441 0.7949283 0.7912539 0.8544976 0.1497351 0.0855455 0.1241832 0.1148585 0.1024166 0.0740507 0.0000000 0.0560220 0.0663895 0.0572668 0.3814631 0.0486508 0.0826886 0.1041315 0.0653619 0.0748503 0.1044420 0.1146190 0.0738969 0.0917770 0.0805701 0.0479995 0.0617264 
Smed.26857 0.6926479 0.6401309 1.8395246 0.8177973 0.6613835 0.5583332 0.9027614 0.7951799 0.8034304 0.8661958 0.1177202 0.0743794 0.1015515 0.0918191 0.0733241 0.0470368 0.0560220 0.0000000 0.0724440 0.0634659 0.3449763 0.0892946 0.0551664 0.0744686 0.0549142 0.0807177 0.0919851 0.0884254 0.0630949 0.0636121 0.0691343 0.0229365 0.0680277 
Smed.20033 0.8039811 0.7446450 2.0042743 0.8424084 0.7620068 0.6052271 0.9771229 0.8135554 0.8428181 0.9075393 0.1401978 0.1135848 0.1234990 0.1324983 0.1118064 0.0827679 0.0663895 0.0724440 0.0000000 0.0076604 0.3621539 0.0813010 0.0915623 0.1137180 0.0739177 0.0233597 0.1140647 0.1322427 0.0825982 0.1008647 0.0823692 0.0561965 0.0153612 
Smed.28066 0.7835206 0.7255428 1.9897454 0.8296545 0.7422485 0.6009829 0.9520892 0.7855354 0.8152710 0.8790616 0.1294720 0.1032746 0.1129372 0.1217971 0.1016939 0.0733837 0.0572668 0.0634659 0.0076604 0.0000000 0.3570501 0.0721110 0.0819985 0.1033964 0.0647282 0.0153515 0.1037047 0.1215526 0.0732314 0.0910686 0.0730418 0.0474668 0.0075725 
Smed.18837 0.8637666 0.8032496 2.1862654 0.9472457 0.8071452 0.6978325 0.8130837 0.9510073 1.0070297 1.0921290 0.4271194 0.3634181 0.3886293 0.3811365 0.3456790 0.3434391 0.3814631 0.3449763 0.3621539 0.3570501 0.0000000 0.3765252 0.3554811 0.3789731 0.3404189 0.3847059 0.3955038 0.4045282 0.3524737 0.3700184 0.3623134 0.3486398 0.3683438 
Smed.23900 0.7799612 0.7226863 1.9113028 0.8091580 0.7391494 0.6158461 0.9563733 0.7868636 0.8003688 0.8574496 0.1737807 0.0749971 0.1327416 0.1034718 0.0983221 0.0640870 0.0486508 0.0892946 0.0813010 0.0721110 0.3765252 0.0000000 0.0725029 0.0930963 0.0731032 0.0723953 0.0933669 0.1230461 0.0816832 0.0813229 0.0637997 0.0728662 0.0769965 
Smed.23997 0.7472799 0.6946185 1.8871633 0.8306609 0.7074866 0.5883473 0.8688445 0.8223736 0.8222921 0.8795809 0.0852629 0.0157635 0.0746128 0.0480993 0.0384351 0.0075348 0.0826886 0.0551664 0.0915623 0.0819985 0.3554811 0.0725029 0.0000000 0.0318110 0.0307750 0.1002008 0.0318757 0.0652990 0.0230080 0.0075722 0.0308311 0.0468918 0.0872950 
Smed.19040 0.7797281 0.7258175 1.8891832 0.8194311 0.7393762 0.6369258 0.8824410 0.8198352 0.8197292 0.8771227 0.0997521 0.0307438 0.0722386 0.0465643 0.0564810 0.0237434 0.1041315 0.0744686 0.1137180 0.1033964 0.3789731 0.0930963 0.0318110 0.0000000 0.0484671 0.1228405 0.0466503 0.0632267 0.0568230 0.0400975 0.0485690 0.0656505 0.1094844 
Smed.25647 0.7468376 0.6940877 1.9369902 0.8233140 0.7069708 0.5601129 0.8815381 0.8148426 0.8146865 0.8726875 0.0950499 0.0484076 0.0742650 0.0651525 0.0546787 0.0229647 0.0653619 0.0549142 0.0739177 0.0647282 0.3404189 0.0731032 0.0307750 0.0484671 0.0000000 0.0823771 0.0485962 0.0649952 0.0075887 0.0387961 0.0310850 0.0466768 0.0694324 
Smed.29427 0.7759801 0.7369783 2.0506687 0.8582774 0.7348155 0.6226853 0.9647432 0.8135182 0.8442035 0.9089946 0.1494640 0.1226984 0.1327551 0.1418036 0.1207576 0.0913227 0.0748503 0.0807177 0.0233597 0.0153515 0.3847059 0.0723953 0.1002008 0.1228405 0.0823771 0.0000000 0.1232190 0.1415421 0.0911393 0.1096327 0.0908743 0.0643982 0.0230904 
Smed.13806 0.8045229 0.7491425 1.8375355 0.8455588 0.7633334 0.6616123 0.9078749 0.8464073 0.8465516 0.9049851 0.0999918 0.0308041 0.0892635 0.0627464 0.0733678 0.0399614 0.1044420 0.0919851 0.1140647 0.1037047 0.3955038 0.0933669 0.0318757 0.0466503 0.0485962 0.1232190 0.0000000 0.0798914 0.0403795 0.0401811 0.0486987 0.0829300 0.1098198 
Smed.25164 0.7728040 0.7199505 1.9295666 0.8515439 0.7078238 0.6056040 0.8763018 0.8165798 0.8224159 0.8811046 0.0817567 0.0631526 0.0722352 0.0464069 0.0911653 0.0568499 0.1146190 0.0884254 0.1322427 0.1215526 0.4045282 0.1230461 0.0652990 0.0632267 0.0649952 0.1415421 0.0798914 0.0000000 0.0734939 0.0741152 0.0831434 0.0825897 0.1280825 
Smed.14377 0.7641591 0.7106323 1.9771103 0.8427158 0.7239143 0.5748022 0.9016204 0.8343984 0.8344309 0.8928855 0.0862327 0.0402232 0.0829440 0.0736665 0.0628178 0.0307750 0.0738969 0.0630949 0.0825982 0.0732314 0.3524737 0.0816832 0.0230080 0.0568230 0.0075887 0.0911393 0.0403795 0.0734939 0.0000000 0.0309362 0.0390575 0.0547464 0.0782367 
Smed.20466 0.7712439 0.7171573 1.8761463 0.8253808 0.7306573 0.6081168 0.8968812 0.8497710 0.8169720 0.8550006 0.0945783 0.0238396 0.0836555 0.0566011 0.0305920 0.0151936 0.0917770 0.0636121 0.1008647 0.0910686 0.3700184 0.0813229 0.0075722 0.0400975 0.0387961 0.1096327 0.0401811 0.0741152 0.0309362 0.0000000 0.0388708 0.0551917 0.0966593 
Smed.6393  0.7860079 0.7314955 1.9828823 0.8588178 0.7452698 0.6005673 0.9043515 0.8265475 0.8508318 0.9095029 0.1223117 0.0485092 0.0929170 0.0653024 0.0547938 0.0230044 0.0805701 0.0691343 0.0823692 0.0730418 0.3623134 0.0637997 0.0308311 0.0485690 0.0310850 0.0908743 0.0486987 0.0831434 0.0390575 0.0388708 0.0000000 0.0636895 0.0780215 
Smed.15235 0.7469608 0.6916002 1.9344653 0.8183223 0.7070747 0.5729995 0.9116645 0.7993011 0.8039546 0.8667632 0.1084035 0.0655712 0.0923028 0.0827787 0.0646615 0.0388719 0.0479995 0.0229365 0.0561965 0.0474668 0.3486398 0.0728662 0.0468918 0.0656505 0.0466768 0.0643982 0.0829300 0.0825897 0.0547464 0.0551917 0.0636895 0.0000000 0.0514035 
Smed.27370 0.8002568 0.7414137 1.9998656 0.8475640 0.7585834 0.6151105 0.9720628 0.8031292 0.8334010 0.8977089 0.1361016 0.1093540 0.1192924 0.1283367 0.1076337 0.0784021 0.0617264 0.0680277 0.0153612 0.0075725 0.3683438 0.0769965 0.0872950 0.1094844 0.0694324 0.0230904 0.1098198 0.1280825 0.0782367 0.0966593 0.0780215 0.0514035 0.0000000 
