46
Oviv.11326 0.0000000 0.1256444 0.1928376 0.0600613 0.0600613 0.0590012 0.2855302 0.5067894 0.1255028 0.1266284 0.2660720 0.5474262 0.6521133 0.4300345 0.1926799 0.2100348 0.1298697 0.4383001 0.7324359 0.7243289 0.3880542 0.6773150 0.4282769 0.6484193 0.4807164 0.2942989 0.8817846 0.3760102 0.2142214 0.7674322 0.5832682 0.2872692 0.1974573 0.4191307 0.5211085 0.3500815 0.4082362 0.2199770 0.7315757 0.4400532 0.5107766 0.8149177 0.5316622 0.2206401 0.8912908 0.5474262 
Oviv.15452 0.1256444 0.0000000 0.1313065 0.0579819 0.0579819 0.1925027 0.1825746 0.3906328 0.1211701 0.1222233 0.1746715 0.5050630 0.6052805 0.3208493 0.1312747 0.2146835 0.0605786 0.3374229 0.5850659 0.6201159 0.2868588 0.5357458 0.3200240 0.5247235 0.3708498 0.1902327 0.7905669 0.2785724 0.2064418 0.6121515 0.4935970 0.1996737 0.1229136 0.3845803 0.5272093 0.3563837 0.3788023 0.2044063 0.5695379 0.4381583 0.3843146 0.7100430 0.5393017 0.2897798 0.8327583 0.5050630 
Oviv.9856  0.1928376 0.1313065 0.0000000 0.1186353 0.1186353 0.2619956 0.2656099 0.4229222 0.1857653 0.1216015 0.1121903 0.5346928 0.6089814 0.3578783 0.1091072 0.2585063 0.1110698 0.3700940 0.6106652 0.6453478 0.3247317 0.3922660 0.3568035 0.5302460 0.4031460 0.2395332 0.5088569 0.3160661 0.2813700 0.6383575 0.5234289 0.2422400 0.1686027 0.5023706 0.5566893 0.3940500 0.4113309 0.2475376 0.6664303 0.4697736 0.4201187 0.5435961 0.5692031 0.3703909 0.8293922 0.5346928 
Oviv.10492 0.0600613 0.0579819 0.1186353 0.0000000 0.0000010 0.1228552 0.1970595 0.3877779 0.0580329 0.0585281 0.1841891 0.5020421 0.6026494 0.3180239 0.1186192 0.2123469 0.0597815 0.3348630 0.5824575 0.6175780 0.2842483 0.5329646 0.3172279 0.5222390 0.3681103 0.2028762 0.7676017 0.2760593 0.1313021 0.6094987 0.4905804 0.1975643 0.1214849 0.4224987 0.5241717 0.3532333 0.3759941 0.2022182 0.5656359 0.4351342 0.3811420 0.7078480 0.5362055 0.2073839 0.8306914 0.5020421 
Oviv.10113 0.0600613 0.0579819 0.1186353 0.0000010 0.0000000 0.1228552 0.1970595 0.3877779 0.0580329 0.0585281 0.1841891 0.5020421 0.6026494 0.3180239 0.1186192 0.2123469 0.0597815 0.3348630 0.5824575 0.6175780 0.2842483 0.5329646 0.3172279 0.5222390 0.3681103 0.2028762 0.7676017 0.2760593 0.1313021 0.6094987 0.4905804 0.1975643 0.1214849 0.4224987 0.5241717 0.3532333 0.3759941 0.2022182 0.5656359 0.4351342 0.3811420 0.7078480 0.5362055 0.2073839 0.8306914 0.5020421 
Oviv.14614 0.0590012 0.1925027 0.2619956 0.1228552 0.1228552 0.0000000 0.3619761 0.5970032 0.1918693 0.1936268 0.3377934 0.6470357 0.7541365 0.5174848 0.2615666 0.2855154 0.1990242 0.5210645 0.8435186 0.8338377 0.4722675 0.6969402 0.5155371 0.7418733 0.4943507 0.3729873 1.0004612 0.4577442 0.2207141 0.7891983 0.6883991 0.3651600 0.2677744 0.5166311 0.6208924 0.4398665 0.4940522 0.2983857 0.8530965 0.5315253 0.6062099 0.9304755 0.6365095 0.2980041 0.8854606 0.6470357 
Oviv.15658 0.2855302 0.1825746 0.2656099 0.1970595 0.1970595 0.3619761 0.0000000 0.2595170 0.2739694 0.2768273 0.3430045 0.4539622 0.5392350 0.3065477 0.1321116 0.3277803 0.1762784 0.3571695 0.5211667 0.5529071 0.3240441 0.5605096 0.3559902 0.4489818 0.1845940 0.1711367 0.7566377 0.1746738 0.2057578 0.4694979 0.4450118 0.1454815 0.1152565 0.2977589 0.4600661 0.2955759 0.3207854 0.1742971 0.5396075 0.3657877 0.3560597 0.5991336 0.4422643 0.4830029 0.7336178 0.4539622 
Oviv.14673 0.5067894 0.3906328 0.4229222 0.3877779 0.3877779 0.5970032 0.2595170 0.0000000 0.2979288 0.4906289 0.3694779 0.6328621 0.7355339 0.4347117 0.3457575 0.3853658 0.2773560 0.3343821 0.2755339 0.7495292 0.3769318 0.6526513 0.4154630 0.4215243 0.3031776 0.3848136 1.0487608 0.1821320 0.4074342 0.5293919 0.6199027 0.1911123 0.2748076 0.6335370 0.5293528 0.4430472 0.2809906 0.2751671 0.6764190 0.5240918 0.5076333 0.8004406 0.6358812 0.6365015 0.9913607 0.6328621 
Oviv.5899  0.1255028 0.1211701 0.1857653 0.0580329 0.0580329 0.1918693 0.2739694 0.2979288 0.0000000 0.1221021 0.1177891 0.6132103 0.7161135 0.4101648 0.1856321 0.2960862 0.1250940 0.4194369 0.4787426 0.7301219 0.3708643 0.6416169 0.4085916 0.4320357 0.4588805 0.2820551 0.8851167 0.3598396 0.2056140 0.7253583 0.6002069 0.2754576 0.1900828 0.5347038 0.6393312 0.4560214 0.2883957 0.2822901 0.4494131 0.5389239 0.4850029 0.8227778 0.6553332 0.2876964 0.9614865 0.6132103 
Oviv.11001 0.1266284 0.1222233 0.1216015 0.0585281 0.0585281 0.1936268 0.2768273 0.4906289 0.1221021 0.0000000 0.1887857 0.6265200 0.6942506 0.4159445 0.1872884 0.2995038 0.1262158 0.4249922 0.7099038 0.7485307 0.3756008 0.5451714 0.4143033 0.5965356 0.4656875 0.2851023 0.7804810 0.3642339 0.2076458 0.7440702 0.6128791 0.2783794 0.1918173 0.5452594 0.6541607 0.4635826 0.4764272 0.2853826 0.7067571 0.5489387 0.4933589 0.7206469 0.6713084 0.2908572 0.9404494 0.6265200 
Oviv.10756 0.2660720 0.1746715 0.1121903 0.1841891 0.1841891 0.3377934 0.3430045 0.3694779 0.1177891 0.1887857 0.0000000 0.6990176 0.7797337 0.4834994 0.2320530 0.3670635 0.1878085 0.4883407 0.5572612 0.8211881 0.4417901 0.5305043 0.4816719 0.4806204 0.5312054 0.3353452 0.7152953 0.4288819 0.3632110 0.8185997 0.6849345 0.3426655 0.2525747 0.6207167 0.7286464 0.5361494 0.3584793 0.3510447 0.5207874 0.6192395 0.5645971 0.6984792 0.7476039 0.4585316 1.0354475 0.6990176 
Oviv.11000 0.5474262 0.5050630 0.5346928 0.5020421 0.5020421 0.6470357 0.4539622 0.6328621 0.6132103 0.6265200 0.6990176 0.0000000 0.0589160 0.2049537 0.5309001 0.4385074 0.3610819 0.5245820 0.7523293 0.2398592 0.4414403 0.7632567 0.4738913 0.4567022 0.6020823 0.5280344 0.3079342 0.4865670 0.5686011 0.7387498 0.0625493 0.3891376 0.4454078 0.1857645 0.1899997 0.1846910 0.2835058 0.2110956 1.0233816 0.3900017 0.0607677 0.3079342 0.3415779 0.8812440 0.1401906 0.0000010 
Oviv.8795  0.6521133 0.6052805 0.6089814 0.6026494 0.6026494 0.7541365 0.5392350 0.7355339 0.7161135 0.6942506 0.7797337 0.0589160 0.0000000 0.2794425 0.6254694 0.5287841 0.4523073 0.6275767 0.8745349 0.3225177 0.5375609 0.8571334 0.5774698 0.3764095 0.7022380 0.6221713 0.3632050 0.5788100 0.6722322 0.8580536 0.1290992 0.4759468 0.5368064 0.2527746 0.2589559 0.2515116 0.3616697 0.2865013 1.1739142 0.4712675 0.1250406 0.3632050 0.4272710 1.0097377 0.0693479 0.0589160 
Oviv.15574 0.4300345 0.3208493 0.3578783 0.3180239 0.3180239 0.5174848 0.3065477 0.4347117 0.4101648 0.4159445 0.4834994 0.2049537 0.2794425 0.0000000 0.3567584 0.4166832 0.2150609 0.3895696 0.5340549 0.2141931 0.3214764 0.5919226 0.3580363 0.4638883 0.4141054 0.3556615 0.4880438 0.3247008 0.3740859 0.5509813 0.2010280 0.2487942 0.2861274 0.2713772 0.2786101 0.2699975 0.3812250 0.2543818 0.7956972 0.3519591 0.1288919 0.4880438 0.4021535 0.6900086 0.4162805 0.2049537 
Oviv.11569 0.1926799 0.1312747 0.1091072 0.1186192 0.1186192 0.2615666 0.1321116 0.3457575 0.1856321 0.1872884 0.2320530 0.5309001 0.6254694 0.3567584 0.0000000 0.2388130 0.1110612 0.3568853 0.5197131 0.6394015 0.3239226 0.5587502 0.3557017 0.5457458 0.2619034 0.2392330 0.6890682 0.2476862 0.2807993 0.5218649 0.5198790 0.2225041 0.0543126 0.4990769 0.5416706 0.3924444 0.4096870 0.2471937 0.6593506 0.4672055 0.4181932 0.7261943 0.5644884 0.3549070 0.8483424 0.5309001 
Oviv.5046  0.2100348 0.2146835 0.2585063 0.2123469 0.2123469 0.2855154 0.3277803 0.3853658 0.2960862 0.2995038 0.3670635 0.4385074 0.5287841 0.4166832 0.2388130 0.0000000 0.1266522 0.2606686 0.5745348 0.6851265 0.3762872 0.6573848 0.4150368 0.6310450 0.4553485 0.4007843 0.9433315 0.2758248 0.4261935 0.6361229 0.5490891 0.1288522 0.1664575 0.3329365 0.1641216 0.2158008 0.3343471 0.1816549 1.0057420 0.3755389 0.4942597 0.7456672 0.5556232 0.2356799 0.7283289 0.4385074 
Oviv.9826  0.1298697 0.0605786 0.1110698 0.0597815 0.0597815 0.1990242 0.1762784 0.2773560 0.1250940 0.1262158 0.1878085 0.3610819 0.4523073 0.2150609 0.1110612 0.1266522 0.0000000 0.2410871 0.4427965 0.4678300 0.1909254 0.3976028 0.2153971 0.4031264 0.2644984 0.2090825 0.7064647 0.1860850 0.2139429 0.4560871 0.3529439 0.1184823 0.0550809 0.3637451 0.3764440 0.2359312 0.2689410 0.1208981 0.6346550 0.3100710 0.2581036 0.5507361 0.3820214 0.3005806 0.6420561 0.3610819 
Oviv.15163 0.4383001 0.3374229 0.3700940 0.3348630 0.3348630 0.5210645 0.3571695 0.3343821 0.4194369 0.4249922 0.4883407 0.5245820 0.6275767 0.3895696 0.3568853 0.2606686 0.2410871 0.0000000 0.2852113 0.6428172 0.1293017 0.2771709 0.1216932 0.4767119 0.4078472 0.4261870 0.9399637 0.3079760 0.4523554 0.3287119 0.5127714 0.1728614 0.2894368 0.5262936 0.3300513 0.3920537 0.4051033 0.3189299 0.8703442 0.5349920 0.4046763 0.7573499 0.5795852 0.4608905 0.8769176 0.5245820 
Oviv.11570 0.7324359 0.5850659 0.6106652 0.5824575 0.5824575 0.8435186 0.5211667 0.2755339 0.4787426 0.7099038 0.5572612 0.7523293 0.8745349 0.5340549 0.5197131 0.5745348 0.4427965 0.2852113 0.0000000 0.8520860 0.2729597 0.5283583 0.3095156 0.5907813 0.5987486 0.7013715 1.2560128 0.4128967 0.7619305 0.3966791 0.7362735 0.4333414 0.4396295 0.8265552 0.6973936 0.6567167 0.4703204 0.5576679 1.0410963 0.8173966 0.6008190 1.0238766 0.9132417 0.9014644 1.1939116 0.7523293 
Oviv.11927 0.7243289 0.6201159 0.6453478 0.6175780 0.6175780 0.8338377 0.5529071 0.7495292 0.7301219 0.7485307 0.8211881 0.2398592 0.3225177 0.2141931 0.6394015 0.6851265 0.4678300 0.6428172 0.8520860 0.0000000 0.5528955 0.9093116 0.5933559 0.5605231 0.7162549 0.5289382 0.4433393 0.4874686 0.6868674 0.8736057 0.1475779 0.4906555 0.5513054 0.3292404 0.3395023 0.3276866 0.5135108 0.4236209 1.0146889 0.5446280 0.2255658 0.4433393 0.4618332 1.0905384 0.4788648 0.2398592 
Oviv.11794 0.3880542 0.2868588 0.3247317 0.2842483 0.2842483 0.4722675 0.3240441 0.3769318 0.3708643 0.3756008 0.4417901 0.4414403 0.5375609 0.3214764 0.3239226 0.3762872 0.1909254 0.1293017 0.2729597 0.5528955 0.0000000 0.2120658 0.0618737 0.5210932 0.3709160 0.3784708 0.8193760 0.3445895 0.4006693 0.3042495 0.4315254 0.2629871 0.2572673 0.4437247 0.4603639 0.3197623 0.3354231 0.2692927 0.7519902 0.3957047 0.3314316 0.6587017 0.4867450 0.6350353 0.7556372 0.4414403 
Oviv.8796  0.6773150 0.5357458 0.3922660 0.5329646 0.5329646 0.6969402 0.5605096 0.6526513 0.6416169 0.5451714 0.5305043 0.7632567 0.8571334 0.5919226 0.5587502 0.6573848 0.3976028 0.2771709 0.5283583 0.9093116 0.2120658 0.0000000 0.1273363 0.7150689 0.3753799 0.6491898 0.9617178 0.6035532 0.4042256 0.3172938 0.7462677 0.4953109 0.4762580 0.7626316 0.8005861 0.5905219 0.5487614 0.5087183 1.1355169 0.6979129 0.6036952 0.7774777 0.8468986 1.0369818 0.8836946 0.7632567 
Oviv.11830 0.4282769 0.3200240 0.3568035 0.3172279 0.3172279 0.5155371 0.3559902 0.4154630 0.4085916 0.4143033 0.4816719 0.4738913 0.5774698 0.3580363 0.3557017 0.4150368 0.2153971 0.1216932 0.3095156 0.5933559 0.0618737 0.1273363 0.0000000 0.5005185 0.4085858 0.4159467 0.8810431 0.3795998 0.4429126 0.3480634 0.4626616 0.2929125 0.2857154 0.4760852 0.4955293 0.3411207 0.3417792 0.3003230 0.7600707 0.4344070 0.3538957 0.7066852 0.5256728 0.6889597 0.8170483 0.4738913 
Oviv.15529 0.6484193 0.5247235 0.5302460 0.5222390 0.5222390 0.7418733 0.4489818 0.4215243 0.4320357 0.5965356 0.4806204 0.4567022 0.3764095 0.4638883 0.5457458 0.6310450 0.4031264 0.4767119 0.5907813 0.5605231 0.5210932 0.7150689 0.5005185 0.0000000 0.5763127 0.4931638 0.7801230 0.4569638 0.5460659 0.8475714 0.4474644 0.3930022 0.4727156 0.6779918 0.7054058 0.4905469 0.3260210 0.4020335 0.6644108 0.6283333 0.3562023 0.5854851 0.6830806 0.9634860 0.5434793 0.4567022 
Oviv.15053 0.4807164 0.3708498 0.4031460 0.3681103 0.3681103 0.4943507 0.1845940 0.3031776 0.4588805 0.4656875 0.5312054 0.6020823 0.7022380 0.4141054 0.2619034 0.4553485 0.2644984 0.4078472 0.5987486 0.7162549 0.3709160 0.3753799 0.4085858 0.5763127 0.0000000 0.3662306 1.0107212 0.2629023 0.1892557 0.2914633 0.5897599 0.2371398 0.1952691 0.6030256 0.6157578 0.4192578 0.4348393 0.2623563 0.8986831 0.4974931 0.4822332 0.7674506 0.6030535 0.7363973 0.7152691 0.6020823 
Oviv.10753 0.2942989 0.1902327 0.2395332 0.2028762 0.2028762 0.3729873 0.1711367 0.3848136 0.2820551 0.2851023 0.3353452 0.5280344 0.6221713 0.3556615 0.2392330 0.4007843 0.2090825 0.4261870 0.7013715 0.5289382 0.3784708 0.6491898 0.4159467 0.4931638 0.3662306 0.0000000 0.7230400 0.1388154 0.2120871 0.6652532 0.5171179 0.2021543 0.2772807 0.3921050 0.5492836 0.3519013 0.3736746 0.2067994 0.4119708 0.4292671 0.4163377 0.6857575 0.5230623 0.5112364 0.8448827 0.5280344 
Oviv.10428 0.8817846 0.7905669 0.5088569 0.7676017 0.7676017 1.0004612 0.7566377 1.0487608 0.8851167 0.7804810 0.7152953 0.3079342 0.3632050 0.4880438 0.6890682 0.9433315 0.7064647 0.9399637 1.2560128 0.4433393 0.8193760 0.9617178 0.8810431 0.7801230 1.0107212 0.7230400 0.0000000 0.8560935 0.8447463 1.2254672 0.2472458 0.7298651 0.7989705 0.4777978 0.5283488 0.5092916 0.7468904 0.6422940 1.3230535 0.4928030 0.3049454 0.1155521 0.4773545 1.2012248 0.5279269 0.3079342 
Oviv.9853  0.3760102 0.2785724 0.3160661 0.2760593 0.2760593 0.4577442 0.1746738 0.1821320 0.3598396 0.3642339 0.4288819 0.4865670 0.5788100 0.3247008 0.2476862 0.2758248 0.1860850 0.3079760 0.4128967 0.4874686 0.3445895 0.6035532 0.3795998 0.4569638 0.2629023 0.1388154 0.8560935 0.0000000 0.2890147 0.4841686 0.4764420 0.1145063 0.1843111 0.4884123 0.3963304 0.3160569 0.3407133 0.1839661 0.6729264 0.3911463 0.3798374 0.6427342 0.4775790 0.4883793 0.7953706 0.4865670 
Oviv.9482  0.2142214 0.2064418 0.2813700 0.1313021 0.1313021 0.2207141 0.2057578 0.4074342 0.2056140 0.2076458 0.3632110 0.5686011 0.6722322 0.3740859 0.2807993 0.4261935 0.2139429 0.4523554 0.7619305 0.6868674 0.4006693 0.4042256 0.4429126 0.5460659 0.1892557 0.2120871 0.8447463 0.2890147 0.0000000 0.4129097 0.5560458 0.2063764 0.2878406 0.4895403 0.5934488 0.3731711 0.3947619 0.2114853 0.5976194 0.4586036 0.4433606 0.7396780 0.5669486 0.4112973 0.6838649 0.5686011 
Oviv.11822 0.7674322 0.6121515 0.6383575 0.6094987 0.6094987 0.7891983 0.4694979 0.5293919 0.7253583 0.7440702 0.8185997 0.7387498 0.8580536 0.5509813 0.5218649 0.6361229 0.4560871 0.3287119 0.3966791 0.8736057 0.3042495 0.3172938 0.3480634 0.8475714 0.2914633 0.6652532 1.2254672 0.4841686 0.4129097 0.0000000 0.7230645 0.4124345 0.4359094 0.7384088 0.6564462 0.6188830 0.6503544 0.5216867 1.2998574 0.7764831 0.5902492 1.0572404 0.8655866 1.0110846 0.8840248 0.7387498 
Oviv.9829  0.5832682 0.4935970 0.5234289 0.4905804 0.4905804 0.6883991 0.4450118 0.6199027 0.6002069 0.6128791 0.6849345 0.0625493 0.1290992 0.2010280 0.5198790 0.5490891 0.3529439 0.5127714 0.7362735 0.1475779 0.4315254 0.7462677 0.4626616 0.4474644 0.5897599 0.5171179 0.2472458 0.4764420 0.5560458 0.7230645 0.0000000 0.3810167 0.4358409 0.2271931 0.2336272 0.2257681 0.3977247 0.3131380 1.0044470 0.4301891 0.0597528 0.2472458 0.3434791 0.9208439 0.2335003 0.0625493 
Oviv.10755 0.2872692 0.1996737 0.2422400 0.1975643 0.1975643 0.3651600 0.1454815 0.1911123 0.2754576 0.2783794 0.3426655 0.3891376 0.4759468 0.2487942 0.2225041 0.1288522 0.1184823 0.1728614 0.4333414 0.4906555 0.2629871 0.4953109 0.2929125 0.3930022 0.2371398 0.2021543 0.7298651 0.1145063 0.2063764 0.4124345 0.3810167 0.0000000 0.1544506 0.3915064 0.2247606 0.2272771 0.2606012 0.1167864 0.6186546 0.2998963 0.2923253 0.5375513 0.3689394 0.3048833 0.6659763 0.3891376 
Oviv.10943 0.1974573 0.1229136 0.1686027 0.1214849 0.1214849 0.2677744 0.1152565 0.2748076 0.1900828 0.1918173 0.2525747 0.4454078 0.5368064 0.2861274 0.0543126 0.1664575 0.0550809 0.2894368 0.4396295 0.5513054 0.2572673 0.4762580 0.2857154 0.4727156 0.1952691 0.2772807 0.7989705 0.1843111 0.2878406 0.4359094 0.4358409 0.1544506 0.0000000 0.4475668 0.4515094 0.3144185 0.3388882 0.1839035 0.7351539 0.3882480 0.3387901 0.6345068 0.4723817 0.3640849 0.7391705 0.4454078 
Oviv.10944 0.4191307 0.3845803 0.5023706 0.4224987 0.4224987 0.5166311 0.2977589 0.6335370 0.5347038 0.5452594 0.6207167 0.1857645 0.2527746 0.2713772 0.4990769 0.3329365 0.3637451 0.5262936 0.8265552 0.3292404 0.4437247 0.7626316 0.4760852 0.6779918 0.6030256 0.3921050 0.4777978 0.4884123 0.4895403 0.7384088 0.2271931 0.3915064 0.4475668 0.0000000 0.1186260 0.1155610 0.3427738 0.2712202 0.8237170 0.3561106 0.2059887 0.5101844 0.3535165 0.7299494 0.3715172 0.1857645 
Oviv.11673 0.5211085 0.5272093 0.5566893 0.5241717 0.5241717 0.6208924 0.4600661 0.5293528 0.6393312 0.6541607 0.7286464 0.1899997 0.2589559 0.2786101 0.5416706 0.1641216 0.3764440 0.3300513 0.6973936 0.3395023 0.4603639 0.8005861 0.4955293 0.7054058 0.6157578 0.5492836 0.5283488 0.3963304 0.5934488 0.6564462 0.2336272 0.2247606 0.4515094 0.1186260 0.0000000 0.1178777 0.3526208 0.2784106 1.0729046 0.3665713 0.2112691 0.5283488 0.3653934 0.5746814 0.3828716 0.1899997 
Oviv.15738 0.3500815 0.3563837 0.3940500 0.3532333 0.3532333 0.4398665 0.2955759 0.4430472 0.4560214 0.4635826 0.5361494 0.1846910 0.2515116 0.2699975 0.3924444 0.2158008 0.2359312 0.3920537 0.6567167 0.3276866 0.3197623 0.5905219 0.3411207 0.4905469 0.4192578 0.3519013 0.5092916 0.3160569 0.3731711 0.6188830 0.2257681 0.2272771 0.3144185 0.1155610 0.1178777 0.0000000 0.1972069 0.1310408 0.7567624 0.2067637 0.2047336 0.3401499 0.1791583 0.6304435 0.3700989 0.1846910 
Oviv.12097 0.4082362 0.3788023 0.4113309 0.3759941 0.3759941 0.4940522 0.3207854 0.2809906 0.2883957 0.4764272 0.3584793 0.2835058 0.3616697 0.3812250 0.4096870 0.3343471 0.2689410 0.4051033 0.4703204 0.5135108 0.3354231 0.5487614 0.3417792 0.3260210 0.4348393 0.3736746 0.7468904 0.3407133 0.3947619 0.6503544 0.3977247 0.2606012 0.3388882 0.3427738 0.3526208 0.1972069 0.0000000 0.1176675 0.3913082 0.2841198 0.3796392 0.5461935 0.3729847 0.6850512 0.5160221 0.2835058 
Oviv.11945 0.2199770 0.2044063 0.2475376 0.2022182 0.2022182 0.2983857 0.1742971 0.2751671 0.2822901 0.2853826 0.3510447 0.2110956 0.2865013 0.2543818 0.2471937 0.1816549 0.1208981 0.3189299 0.5576679 0.4236209 0.2692927 0.5087183 0.3003230 0.4020335 0.2623563 0.2067994 0.6422940 0.1839661 0.2114853 0.5216867 0.3131380 0.1167864 0.1839035 0.2712202 0.2784106 0.1310408 0.1176675 0.0000000 0.6362329 0.2129523 0.2998161 0.4530479 0.2833136 0.4488585 0.4256277 0.2110956 
Oviv.9828  0.7315757 0.5695379 0.6664303 0.5656359 0.5656359 0.8530965 0.5396075 0.6764190 0.4494131 0.7067571 0.5207874 1.0233816 1.1739142 0.7956972 0.6593506 1.0057420 0.6346550 0.8703442 1.0410963 1.0146889 0.7519902 1.1355169 0.7600707 0.6644108 0.8986831 0.4119708 1.3230535 0.6729264 0.5976194 1.2998574 1.0044470 0.6186546 0.7351539 0.8237170 1.0729046 0.7567624 0.3913082 0.6362329 0.0000000 0.8247303 0.8333534 1.2222904 0.8663174 1.1547018 1.5835613 1.0233816 
Oviv.11509 0.4400532 0.4381583 0.4697736 0.4351342 0.4351342 0.5315253 0.3657877 0.5240918 0.5389239 0.5489387 0.6192395 0.3900017 0.4712675 0.3519591 0.4672055 0.3755389 0.3100710 0.5349920 0.8173966 0.5446280 0.3957047 0.6979129 0.4344070 0.6283333 0.4974931 0.4292671 0.4928030 0.3911463 0.4586036 0.7764831 0.4301891 0.2998963 0.3882480 0.3561106 0.3665713 0.2067637 0.2841198 0.2129523 0.8247303 0.0000000 0.4019622 0.3215143 0.1993218 0.6972020 0.6419258 0.3900017 
Oviv.15406 0.5107766 0.3843146 0.4201187 0.3811420 0.3811420 0.6062099 0.3560597 0.5076333 0.4850029 0.4933589 0.5645971 0.0607677 0.1250406 0.1288919 0.4181932 0.4942597 0.2581036 0.4046763 0.6008190 0.2255658 0.3314316 0.6036952 0.3538957 0.3562023 0.4822332 0.4163377 0.3049454 0.3798374 0.4433606 0.5902492 0.0597528 0.2923253 0.3387901 0.2059887 0.2112691 0.2047336 0.3796392 0.2998161 0.8333534 0.4019622 0.0000000 0.3049454 0.3278046 0.8025973 0.2240751 0.0607677 
Oviv.11946 0.8149177 0.7100430 0.5435961 0.7078480 0.7078480 0.9304755 0.5991336 0.8004406 0.8227778 0.7206469 0.6984792 0.3079342 0.3632050 0.4880438 0.7261943 0.7456672 0.5507361 0.7573499 1.0238766 0.4433393 0.6587017 0.7774777 0.7066852 0.5854851 0.7674506 0.6857575 0.1155521 0.6427342 0.7396780 1.0572404 0.2472458 0.5375513 0.6345068 0.5101844 0.5283488 0.3401499 0.5461935 0.4530479 1.2222904 0.3215143 0.3049454 0.0000000 0.3085681 1.1222670 0.5279269 0.3079342 
Oviv.12058 0.5316622 0.5393017 0.5692031 0.5362055 0.5362055 0.6365095 0.4422643 0.6358812 0.6553332 0.6713084 0.7476039 0.3415779 0.4272710 0.4021535 0.5644884 0.5556232 0.3820214 0.5795852 0.9132417 0.4618332 0.4867450 0.8468986 0.5256728 0.6830806 0.6030535 0.5230623 0.4773545 0.4775790 0.5669486 0.8655866 0.3434791 0.3689394 0.4723817 0.3535165 0.3653934 0.1791583 0.3729847 0.2833136 0.8663174 0.1993218 0.3278046 0.3085681 0.0000000 0.8618071 0.6020782 0.3415779 
Oviv.14678 0.2206401 0.2897798 0.3703909 0.2073839 0.2073839 0.2980041 0.4830029 0.6365015 0.2876964 0.2908572 0.4585316 0.8812440 1.0097377 0.6900086 0.3549070 0.2356799 0.3005806 0.4608905 0.9014644 1.0905384 0.6350353 1.0369818 0.6889597 0.9634860 0.7363973 0.5112364 1.2012248 0.4883793 0.4112973 1.0110846 0.9208439 0.3048833 0.3640849 0.7299494 0.5746814 0.6304435 0.6850512 0.4488585 1.1547018 0.6972020 0.8025973 1.1222670 0.8618071 0.0000000 1.3485821 0.8812440 
Oviv.10491 0.8912908 0.8327583 0.8293922 0.8306914 0.8306914 0.8854606 0.7336178 0.9913607 0.9614865 0.9404494 1.0354475 0.1401906 0.0693479 0.4162805 0.8483424 0.7283289 0.6420561 0.8769176 1.1939116 0.4788648 0.7556372 0.8836946 0.8170483 0.5434793 0.7152691 0.8448827 0.5279269 0.7953706 0.6838649 0.8840248 0.2335003 0.6659763 0.7391705 0.3715172 0.3828716 0.3700989 0.5160221 0.4256277 1.5835613 0.6419258 0.2240751 0.5279269 0.6020782 1.3485821 0.0000000 0.1401906 
Oviv.11914 0.5474262 0.5050630 0.5346928 0.5020421 0.5020421 0.6470357 0.4539622 0.6328621 0.6132103 0.6265200 0.6990176 0.0000010 0.0589160 0.2049537 0.5309001 0.4385074 0.3610819 0.5245820 0.7523293 0.2398592 0.4414403 0.7632567 0.4738913 0.4567022 0.6020823 0.5280344 0.3079342 0.4865670 0.5686011 0.7387498 0.0625493 0.3891376 0.4454078 0.1857645 0.1899997 0.1846910 0.2835058 0.2110956 1.0233816 0.3900017 0.0607677 0.3079342 0.3415779 0.8812440 0.1401906 0.0000000 
