7
Mlig.45234 0.0000000 0.0014935 1.0231027 1.0231027 1.0248797 1.0973355 0.0166267 
Mlig.45235 0.0014935 0.0000000 1.0212816 1.0212816 1.0230570 1.1016168 0.0181500 
Mlig.38474 1.0231027 1.0212816 0.0000000 0.0000010 0.0029319 1.1864639 1.0413191 
Mlig.38473 1.0231027 1.0212816 0.0000010 0.0000000 0.0029319 1.1864639 1.0413191 
Mlig.38475 1.0248797 1.0230570 0.0029319 0.0029319 0.0000000 1.1931249 1.0431066 
Mlig.32338 1.0973355 1.1016168 1.1864639 1.1864639 1.1931249 0.0000000 1.0909433 
Mlig.45233 0.0166267 0.0181500 1.0413191 1.0413191 1.0431066 1.0909433 0.0000000 
