7
Mlig.12319 0.0000000 0.0058265 1.3697465 1.3743137 1.3420820 1.3532413 1.3522775 
Mlig.48491 0.0058265 0.0000000 1.3796919 1.3842887 1.3505778 1.3618265 1.3608499 
Mlig.3277  1.3697465 1.3796919 0.0000000 0.0098639 0.4097763 0.4101705 0.4082196 
Mlig.3278  1.3743137 1.3842887 0.0098639 0.0000000 0.4159898 0.4163943 0.4144084 
Mlig.25042 1.3420820 1.3505778 0.4097763 0.4159898 0.0000000 0.0097678 0.0136939 
Mlig.25043 1.3532413 1.3618265 0.4101705 0.4163943 0.0097678 0.0000000 0.0078056 
Mlig.25044 1.3522775 1.3608499 0.4082196 0.4144084 0.0136939 0.0078056 0.0000000 
