8
Smar.1719  0.0000000 0.0000010 0.0013776 0.0041342 0.0082924 0.0027566 0.0027565 0.0041382 
Smar.3899  0.0000010 0.0000000 0.0013776 0.0041342 0.0082924 0.0027566 0.0027565 0.0041382 
Smar.7196  0.0013776 0.0013776 0.0000000 0.0055171 0.0069086 0.0041379 0.0041378 0.0055226 
Smar.474   0.0041342 0.0041342 0.0055171 0.0000000 0.0124527 0.0068997 0.0068995 0.0082871 
Smar.1504  0.0082924 0.0082924 0.0069086 0.0124527 0.0000000 0.0110708 0.0055212 0.0069077 
Smar.6410  0.0027566 0.0027566 0.0041379 0.0068997 0.0110708 0.0000000 0.0055202 0.0069065 
Smar.6344  0.0027565 0.0027565 0.0041378 0.0068995 0.0055212 0.0055202 0.0000000 0.0013777 
Smar.9339  0.0041382 0.0041382 0.0055226 0.0082871 0.0069077 0.0069065 0.0013777 0.0000000 
