18
Mlig.12293 0.0000000 0.0117808 1.2727114 1.2719911 1.2636602 1.2241566 1.2507530 1.3438108 1.3353967 1.3428479 1.3249377 1.3254511 1.3213710 1.5004909 1.4999096 1.4052523 1.3813635 1.3702800 
Mlig.12294 0.0117808 0.0000000 1.2691306 1.2606943 1.2600973 1.1934233 1.2195421 1.3281070 1.3197639 1.3270993 1.3068620 1.3073530 1.3033483 1.4696580 1.4691184 1.3773091 1.3559369 1.3450292 
Mlig.42403 1.2727114 1.2691306 0.0000000 0.0045651 0.0022788 1.0066656 1.0165996 0.4718442 0.4709266 0.4840268 0.4820116 0.4744727 0.4706522 1.2864308 1.2787770 1.1645757 1.1414104 1.1474248 
Mlig.42402 1.2719911 1.2606943 0.0045651 0.0000000 0.0022797 0.9998472 1.0097318 0.4677734 0.4668712 0.4799078 0.4780020 0.4704929 0.4666835 1.2779588 1.2703608 1.1569841 1.1339315 1.1399069 
Mlig.42404 1.2636602 1.2600973 0.0022788 0.0022797 0.0000000 0.9994091 1.0092882 0.4676180 0.4667166 0.4797474 0.4778464 0.4703403 0.4665322 1.2773569 1.2697639 1.1564626 1.1334219 1.1393935 
Mlig.14201 1.2241566 1.1934233 1.0066656 0.9998472 0.9994091 0.0000000 0.0119787 0.9910252 0.9684329 0.9774211 0.9046123 0.9101831 0.9066701 1.4105996 1.4008550 1.3472464 1.3290654 1.3336608 
Mlig.14202 1.2507530 1.2195421 1.0165996 1.0097318 1.0092882 0.0119787 0.0000000 0.9981846 0.9754515 0.9897430 0.9195318 0.9251387 0.9215640 1.4169823 1.4071861 1.3558011 1.3375365 1.3421596 
Mlig.37584 1.3438108 1.3281070 0.4718442 0.4677734 0.4676180 0.9910252 0.9981846 0.0000000 0.0118123 0.0190674 0.4422463 0.4381565 0.4394819 1.2891454 1.2795899 1.1695072 1.1502047 1.1563762 
Mlig.7358  1.3353967 1.3197639 0.4709266 0.4668712 0.4667166 0.9684329 0.9754515 0.0118123 0.0000000 0.0117711 0.4423671 0.4382848 0.4396077 1.2769513 1.2675404 1.1576720 1.1385450 1.1446450 
Mlig.40951 1.3428479 1.3270993 0.4840268 0.4799078 0.4797474 0.9774211 0.9897430 0.0190674 0.0117711 0.0000000 0.4565967 0.4523700 0.4537336 1.2999475 1.2923834 1.1721251 1.1527796 1.1589683 
Mlig.38020 1.3249377 1.3068620 0.4820116 0.4780020 0.4778464 0.9046123 0.9195318 0.4422463 0.4423671 0.4565967 0.0000000 0.0189609 0.0261680 1.2218918 1.2224600 1.1400335 1.1202968 1.1262264 
Mlig.19867 1.3254511 1.3073530 0.4744727 0.4704929 0.4703403 0.9101831 0.9251387 0.4381565 0.4382848 0.4523700 0.0189609 0.0000000 0.0069568 1.2198959 1.2204700 1.1381993 1.1185097 1.1244238 
Mlig.19868 1.3213710 1.3033483 0.4706522 0.4666835 0.4665322 0.9066701 0.9215640 0.4394819 0.4396077 0.4537336 0.0261680 0.0069568 0.0000000 1.2234713 1.2240340 1.1403455 1.1206610 1.1265754 
Mlig.15945 1.5004909 1.4696580 1.2864308 1.2779588 1.2773569 1.4105996 1.4169823 1.2891454 1.2769513 1.2999475 1.2218918 1.2198959 1.2234713 0.0000000 0.0165799 1.0029568 1.0077995 1.0014821 
Mlig.41350 1.4999096 1.4691184 1.2787770 1.2703608 1.2697639 1.4008550 1.4071861 1.2795899 1.2675404 1.2923834 1.2224600 1.2204700 1.2240340 0.0165799 0.0000000 0.9811126 0.9859044 0.9796349 
Mlig.13568 1.4052523 1.3773091 1.1645757 1.1569841 1.1564626 1.3472464 1.3558011 1.1695072 1.1576720 1.1721251 1.1400335 1.1381993 1.1403455 1.0029568 0.9811126 0.0000000 0.0142808 0.0167247 
Mlig.37106 1.3813635 1.3559369 1.1414104 1.1339315 1.1334219 1.3290654 1.3375365 1.1502047 1.1385450 1.1527796 1.1202968 1.1185097 1.1206610 1.0077995 0.9859044 0.0142808 0.0000000 0.0070647 
Mlig.37107 1.3702800 1.3450292 1.1474248 1.1399069 1.1393935 1.3336608 1.3421596 1.1563762 1.1446450 1.1589683 1.1262264 1.1244238 1.1265754 1.0014821 0.9796349 0.0167247 0.0070647 0.0000000 
