13
Hdim.9342  0.0000000 1.0406320 1.2027824 1.0149625 0.6996032 1.1418817 0.8354236 0.8354236 0.8429659 1.1432062 1.2838394 0.6691770 0.8654302 
Hdim.11814 1.0406320 0.0000000 1.4471082 0.8395883 0.9102407 1.2448883 0.8586298 0.8586298 0.8884013 1.1410536 1.3912633 0.7659591 1.0399385 
Hdim.9534  1.2027824 1.4471082 0.0000000 1.1805325 1.0045902 0.1737111 1.1261649 1.1261649 0.9226351 1.2246451 1.2832672 0.9614633 1.3986261 
Hdim.6581  1.0149625 0.8395883 1.1805325 0.0000000 0.8466849 1.1044193 0.6895554 0.6895554 0.9919221 1.2366831 1.3564660 0.7567375 0.8730878 
Hdim.11668 0.6996032 0.9102407 1.0045902 0.8466849 0.0000000 0.8912108 0.7371045 0.7371045 0.5964456 1.1710821 0.7088424 0.5344830 0.6894955 
Hdim.9545  1.1418817 1.2448883 0.1737111 1.1044193 0.8912108 0.0000000 1.0871502 1.0871502 0.9012876 1.2425802 1.2138510 0.9829555 1.3058384 
Hdim.2869  0.8354236 0.8586298 1.1261649 0.6895554 0.7371045 1.0871502 0.0000000 0.0000010 0.7175518 1.0288023 1.1368641 0.6557861 0.8360394 
Hdim.3729  0.8354236 0.8586298 1.1261649 0.6895554 0.7371045 1.0871502 0.0000010 0.0000000 0.7175518 1.0288023 1.1368641 0.6557861 0.8360394 
Hdim.3213  0.8429659 0.8884013 0.9226351 0.9919221 0.5964456 0.9012876 0.7175518 0.7175518 0.0000000 1.0491792 0.9385070 0.6346048 0.7692663 
Hdim.1667  1.1432062 1.1410536 1.2246451 1.2366831 1.1710821 1.2425802 1.0288023 1.0288023 1.0491792 0.0000000 1.4921752 0.7788049 1.4266089 
Hdim.9257  1.2838394 1.3912633 1.2832672 1.3564660 0.7088424 1.2138510 1.1368641 1.1368641 0.9385070 1.4921752 0.0000000 0.8054758 1.0352456 
Hdim.668   0.6691770 0.7659591 0.9614633 0.7567375 0.5344830 0.9829555 0.6557861 0.6557861 0.6346048 0.7788049 0.8054758 0.0000000 0.5096292 
Hdim.5182  0.8654302 1.0399385 1.3986261 0.8730878 0.6894955 1.3058384 0.8360394 0.8360394 0.7692663 1.4266089 1.0352456 0.5096292 0.0000000 
