6
Mlig.14596 0.0000000 0.0461176 0.0461176 1.0904795 1.0904795 1.2059910 
Mlig.24788 0.0461176 0.0000000 0.0000010 1.1170256 1.1170256 1.2328755 
Mlig.42732 0.0461176 0.0000010 0.0000000 1.1170256 1.1170256 1.2328755 
Mlig.40187 1.0904795 1.1170256 1.1170256 0.0000000 0.0000010 0.0936303 
Mlig.43919 1.0904795 1.1170256 1.1170256 0.0000010 0.0000000 0.0936303 
Mlig.45003 1.2059910 1.2328755 1.2328755 0.0936303 0.0936303 0.0000000 
