6
Smed.8685  0.0000000 0.1137246 0.1228264 0.1036299 0.1461984 0.1491970 
Smed.13810 0.1137246 0.0000000 0.0709257 0.0670681 0.1025252 0.0854300 
Smed.11364 0.1228264 0.0709257 0.0000000 0.0708333 0.0970645 0.0979721 
Smed.25347 0.1036299 0.0670681 0.0708333 0.0000000 0.0890789 0.0902407 
Smed.19816 0.1461984 0.1025252 0.0970645 0.0890789 0.0000000 0.1187910 
Smed.24316 0.1491970 0.0854300 0.0979721 0.0902407 0.1187910 0.0000000 
