6
Mlig.41123 0.0000000 0.2518462 0.2533698 0.2518462 0.0190480 0.0000010 
Mlig.43081 0.2518462 0.0000000 0.0037691 0.0000010 0.2609377 0.2518462 
Mlig.43079 0.2533698 0.0037691 0.0000000 0.0037691 0.2625014 0.2533698 
Mlig.43080 0.2518462 0.0000010 0.0037691 0.0000000 0.2609377 0.2518462 
Mlig.35576 0.0190480 0.2609377 0.2625014 0.2609377 0.0000000 0.0190480 
Mlig.42432 0.0000010 0.2518462 0.2533698 0.2518462 0.0190480 0.0000000 
