8
Mlig.41902 0.0000000 1.6240352 1.6149439 1.5240562 1.4590779 1.4278958 1.4280029 1.4328654 
Mlig.45653 1.6240352 0.0000000 0.0082639 1.2157494 1.2266276 1.2055781 1.2014656 1.2133764 
Mlig.23824 1.6149439 0.0082639 0.0000000 1.2128197 1.2206309 1.2001663 1.1960732 1.2079212 
Mlig.26386 1.5240562 1.2157494 1.2128197 0.0000000 0.9571118 1.0707117 1.0642828 1.0766639 
Mlig.48087 1.4590779 1.2266276 1.2206309 0.9571118 0.0000000 0.3855521 0.3825529 0.3888384 
Mlig.41500 1.4278958 1.2055781 1.2001663 1.0707117 0.3855521 0.0000000 0.0016473 0.0066178 
Mlig.28296 1.4280029 1.2014656 1.1960732 1.0642828 0.3825529 0.0016473 0.0000000 0.0049566 
Mlig.41499 1.4328654 1.2133764 1.2079212 1.0766639 0.3888384 0.0066178 0.0049566 0.0000000 
