6
Mlig.19852 0.0000000 0.0140184 0.0119871 0.4787165 0.4790791 0.4714759 
Mlig.19850 0.0140184 0.0000000 0.0059820 0.4841965 0.4845639 0.4769412 
Mlig.19851 0.0119871 0.0059820 0.0000000 0.4880226 0.4883941 0.4807433 
Mlig.27254 0.4787165 0.4841965 0.4880226 0.0000000 0.0020249 0.0143254 
Mlig.31407 0.4790791 0.4845639 0.4883941 0.0020249 0.0000000 0.0122553 
Mlig.36915 0.4714759 0.4769412 0.4807433 0.0143254 0.0122553 0.0000000 
