7
Mlig.9095  0.0000000 0.0000010 0.0479789 0.0605670 0.0479789 0.4584662 0.4584662 
Mlig.9093  0.0000010 0.0000000 0.0479789 0.0605670 0.0479789 0.4584662 0.4584662 
Mlig.20300 0.0479789 0.0479789 0.0000000 0.0118021 0.0000010 0.4733661 0.4733661 
Mlig.14178 0.0605670 0.0605670 0.0118021 0.0000000 0.0118021 0.4575053 0.4575053 
Mlig.14179 0.0479789 0.0479789 0.0000010 0.0118021 0.0000000 0.4733661 0.4733661 
Mlig.27706 0.4584662 0.4584662 0.4733661 0.4575053 0.4733661 0.0000000 0.0000010 
Mlig.27707 0.4584662 0.4584662 0.4733661 0.4575053 0.4733661 0.0000010 0.0000000 
