12
Mcor.11220 0.0000000 0.8427628 1.0316274 0.6876912 0.8174673 0.9198850 0.5728898 0.8693471 0.6698355 0.7313302 0.6920607 0.9566530 
Mcor.14551 0.8427628 0.0000000 1.5984397 1.0620525 1.2505970 1.0162493 1.1435051 1.1646857 1.0955786 0.6936535 0.9313575 1.0466834 
Mcor.10973 1.0316274 1.5984397 0.0000000 1.0745968 0.8093059 1.2749489 0.7248051 0.8610274 1.2487038 0.8853200 0.7918031 1.1438174 
Mcor.11958 0.6876912 1.0620525 1.0745968 0.0000000 0.9940679 1.0374465 0.2586506 0.9750164 0.6490812 0.5068187 0.6681774 0.8102272 
Mcor.13710 0.8174673 1.2505970 0.8093059 0.9940679 0.0000000 1.2358727 0.7890073 0.1009840 0.5363465 0.4428210 0.4553663 0.6444155 
Mcor.1475  0.9198850 1.0162493 1.2749489 1.0374465 1.2358727 0.0000000 0.8080436 1.1534388 1.0686738 0.8075137 0.9480171 0.9506506 
Mcor.14603 0.5728898 1.1435051 0.7248051 0.2586506 0.7890073 0.8080436 0.0000000 0.8402173 0.5004812 0.6112933 0.5639163 0.7772545 
Mcor.14057 0.8693471 1.1646857 0.8610274 0.9750164 0.1009840 1.1534388 0.8402173 0.0000000 0.6457303 0.4134872 0.4987626 0.7175388 
Mcor.14668 0.6698355 1.0955786 1.2487038 0.6490812 0.5363465 1.0686738 0.5004812 0.6457303 0.0000000 0.5810613 0.5948615 0.6571286 
Mcor.11175 0.7313302 0.6936535 0.8853200 0.5068187 0.4428210 0.8075137 0.6112933 0.4134872 0.5810613 0.0000000 0.1400628 0.2558105 
Mcor.13728 0.6920607 0.9313575 0.7918031 0.6681774 0.4553663 0.9480171 0.5639163 0.4987626 0.5948615 0.1400628 0.0000000 0.3546836 
Mcor.14207 0.9566530 1.0466834 1.1438174 0.8102272 0.6444155 0.9506506 0.7772545 0.7175388 0.6571286 0.2558105 0.3546836 0.0000000 
