8
Mlig.34028 0.0000000 0.0079250 0.0000010 0.0000010 0.0079250 0.2942002 0.3041077 0.2942002 
Mlig.34029 0.0079250 0.0000000 0.0079250 0.0079250 0.0000010 0.3033668 0.3132866 0.3033668 
Mlig.34030 0.0000010 0.0079250 0.0000000 0.0000010 0.0079250 0.2942002 0.3041077 0.2942002 
Mlig.41293 0.0000010 0.0079250 0.0000010 0.0000000 0.0079250 0.2942002 0.3041077 0.2942002 
Mlig.48862 0.0079250 0.0000010 0.0079250 0.0079250 0.0000000 0.3033668 0.3132866 0.3033668 
Mlig.10141 0.2942002 0.3033668 0.2942002 0.2942002 0.3033668 0.0000000 0.0078424 0.0000010 
Mlig.10142 0.3041077 0.3132866 0.3041077 0.3041077 0.3132866 0.0078424 0.0000000 0.0078424 
Mlig.39318 0.2942002 0.3033668 0.2942002 0.2942002 0.3033668 0.0000010 0.0078424 0.0000000 
