6
Mlig.28024 0.0000000 0.0221646 0.0110601 0.0333179 0.0221646 0.0332832 
Mlig.38163 0.0221646 0.0000000 0.0110186 0.0110050 0.0000010 0.0109939 
Mlig.38164 0.0110601 0.0110186 0.0000000 0.0220828 0.0110186 0.0220600 
Mlig.38165 0.0333179 0.0110050 0.0220828 0.0000000 0.0110050 0.0220334 
Mlig.38166 0.0221646 0.0000010 0.0110186 0.0110050 0.0000000 0.0109939 
Mlig.38167 0.0332832 0.0109939 0.0220600 0.0220334 0.0109939 0.0000000 
