6
Hdim.1901  0.0000000 0.6510206 0.6723558 0.2886292 0.6106093 0.5931776 
Hdim.3894  0.6510206 0.0000000 0.5406945 0.6060573 0.4971116 0.6120470 
Hdim.14333 0.6723558 0.5406945 0.0000000 0.6174147 0.6351239 0.6178006 
Hdim.6435  0.2886292 0.6060573 0.6174147 0.0000000 0.6549452 0.6362926 
Hdim.11834 0.6106093 0.4971116 0.6351239 0.6549452 0.0000000 0.0905845 
Hdim.12278 0.5931776 0.6120470 0.6178006 0.6362926 0.0905845 0.0000000 
