6
Mlig.48626 0.0000000 0.0039656 1.1290719 1.1892694 1.1705082 1.1772706 
Mlig.48628 0.0039656 0.0000000 1.1214719 1.1807623 1.1620136 1.1687323 
Mlig.47402 1.1290719 1.1214719 0.0000000 0.9142203 0.9303109 0.9298674 
Mlig.6084  1.1892694 1.1807623 0.9142203 0.0000000 0.0260350 0.0280925 
Mlig.1490  1.1705082 1.1620136 0.9303109 0.0260350 0.0000000 0.0260506 
Mlig.1492  1.1772706 1.1687323 0.9298674 0.0280925 0.0260506 0.0000000 
