6
Mlig.22413 0.0000000 0.0061726 0.0092760 0.7552774 0.7538792 0.7681336 
Mlig.22411 0.0061726 0.0000000 0.0030885 0.7614404 0.7600290 0.7743532 
Mlig.22412 0.0092760 0.0030885 0.0000000 0.7602181 0.7588112 0.7731024 
Mlig.19431 0.7552774 0.7614404 0.7602181 0.0000000 0.0061136 0.0153589 
Mlig.17511 0.7538792 0.7600290 0.7588112 0.0061136 0.0000000 0.0091866 
Mlig.38008 0.7681336 0.7743532 0.7731024 0.0153589 0.0091866 0.0000000 
