13
Mlig.36990 0.0000000 1.1025609 1.3774977 1.1225918 1.1419332 1.2073319 1.1022434 1.1163892 1.1411164 1.0984190 0.0154006 1.2240266 1.2466341 
Mlig.35243 1.1025609 0.0000000 0.7526207 0.8582270 0.8407342 0.9828610 0.8296755 0.8420496 0.8502725 0.0233451 1.1062299 0.7088366 0.5921128 
Mlig.40043 1.3774977 0.7526207 0.0000000 1.1599673 1.1524555 1.1835320 1.1352331 1.1366990 1.1462276 0.7444192 1.3928434 0.9725929 0.9600035 
Mlig.8972  1.1225918 0.8582270 1.1599673 0.0000000 0.0608037 0.3968564 0.0384011 0.0508463 0.0712331 0.8539629 1.1197806 1.0540418 1.0101749 
Mlig.39390 1.1419332 0.8407342 1.1524555 0.0608037 0.0000000 0.3748383 0.0415702 0.0631943 0.0302178 0.8399465 1.1390586 1.0427315 0.9821430 
Mlig.16700 1.2073319 0.9828610 1.1835320 0.3968564 0.3748383 0.0000000 0.3766365 0.3907341 0.3975393 0.9647489 1.2067371 1.1069366 1.0581500 
Mlig.8973  1.1022434 0.8296755 1.1352331 0.0384011 0.0415702 0.3766365 0.0000000 0.0320504 0.0607336 0.8284214 1.0982353 1.0287624 1.0006338 
Mlig.8971  1.1163892 0.8420496 1.1366990 0.0508463 0.0631943 0.3907341 0.0320504 0.0000000 0.0350260 0.8378112 1.1123283 1.0316593 1.0194768 
Mlig.39389 1.1411164 0.8502725 1.1462276 0.0712331 0.0302178 0.3975393 0.0607336 0.0350260 0.0000000 0.8464898 1.1382474 1.0343974 1.0112338 
Mlig.14410 1.0984190 0.0233451 0.7444192 0.8539629 0.8399465 0.9647489 0.8284214 0.8378112 0.8464898 0.0000000 1.1020920 0.6879697 0.5860537 
Mlig.36991 0.0154006 1.1062299 1.3928434 1.1197806 1.1390586 1.2067371 1.0982353 1.1123283 1.1382474 1.1020920 0.0000000 1.2249314 1.2454811 
Mlig.24629 1.2240266 0.7088366 0.9725929 1.0540418 1.0427315 1.1069366 1.0287624 1.0316593 1.0343974 0.6879697 1.2249314 0.0000000 0.7702676 
Mlig.28742 1.2466341 0.5921128 0.9600035 1.0101749 0.9821430 1.0581500 1.0006338 1.0194768 1.0112338 0.5860537 1.2454811 0.7702676 0.0000000 
