6
Smed.18450 0.0000000 0.0553851 0.0442280 0.0442280 0.0442658 0.0518317 
Smed.15272 0.0553851 0.0000000 0.0216271 0.0216271 0.0289746 0.0289622 
Smed.12779 0.0442280 0.0216271 0.0000000 0.0000010 0.0071337 0.0071303 
Smed.21921 0.0442280 0.0216271 0.0000010 0.0000000 0.0071337 0.0071303 
Smed.19734 0.0442658 0.0289746 0.0071337 0.0071337 0.0000000 0.0143285 
Smed.28437 0.0518317 0.0289622 0.0071303 0.0071303 0.0143285 0.0000000 
