6
Mlig.26831 0.0000000 0.0000010 0.0000010 0.5569993 0.5670573 0.5583363 
Mlig.26828 0.0000010 0.0000000 0.0000010 0.5569993 0.5670573 0.5583363 
Mlig.26829 0.0000010 0.0000010 0.0000000 0.5569993 0.5670573 0.5583363 
Mlig.10401 0.5569993 0.5569993 0.5569993 0.0000000 0.0140641 0.0212320 
Mlig.33758 0.5670573 0.5670573 0.5670573 0.0140641 0.0000000 0.0355623 
Mlig.13815 0.5583363 0.5583363 0.5583363 0.0212320 0.0355623 0.0000000 
