6
Mlig.22685 0.0000000 0.2335503 0.2335503 0.0200422 0.3051395 0.3051395 
Mlig.35736 0.2335503 0.0000000 0.0000010 0.2182089 0.0703631 0.0703631 
Mlig.35737 0.2335503 0.0000010 0.0000000 0.2182089 0.0703631 0.0703631 
Mlig.35738 0.0200422 0.2182089 0.2182089 0.0000000 0.3092799 0.3092799 
Mlig.22684 0.3051395 0.0703631 0.0703631 0.3092799 0.0000000 0.0000010 
Mlig.35735 0.3051395 0.0703631 0.0703631 0.3092799 0.0000010 0.0000000 
