8
Smed.14305 0.0000000 0.0363824 0.0363824 0.0241160 0.4721328 0.4237839 0.4039605 0.4039605 
Smed.8743  0.0363824 0.0000000 0.0000010 0.0120323 0.4937823 0.4447536 0.4245172 0.4245172 
Smed.8744  0.0363824 0.0000010 0.0000000 0.0120323 0.4937823 0.4447536 0.4245172 0.4245172 
Smed.14306 0.0241160 0.0120323 0.0120323 0.0000000 0.4739940 0.4254299 0.4055084 0.4055084 
Smed.17238 0.4721328 0.4937823 0.4937823 0.4739940 0.0000000 0.0751816 0.0621564 0.0621564 
Smed.26046 0.4237839 0.4447536 0.4447536 0.4254299 0.0751816 0.0000000 0.0123618 0.0123618 
Smed.20631 0.4039605 0.4245172 0.4245172 0.4055084 0.0621564 0.0123618 0.0000000 0.0000010 
Smed.25662 0.4039605 0.4245172 0.4245172 0.4055084 0.0621564 0.0123618 0.0000010 0.0000000 
