10
Smed.1891  0.0000000 0.1763495 0.2417553 0.1145483 0.1145483 0.2436370 0.3140607 0.1959969 0.2216068 0.3140607 
Smed.13020 0.1763495 0.0000000 0.0933145 0.0544562 0.0544562 0.1297437 0.1724798 0.1303045 0.1124727 0.1724798 
Smed.2180  0.2417553 0.0933145 0.0000000 0.1090274 0.1090274 0.2116754 0.2599111 0.1903513 0.1721058 0.2599111 
Smed.5968  0.1145483 0.0544562 0.1090274 0.0000000 0.0000010 0.1305345 0.1735960 0.0726449 0.0930790 0.1735960 
Smed.28283 0.1145483 0.0544562 0.1090274 0.0000010 0.0000000 0.1305345 0.1735960 0.0726449 0.0930790 0.1735960 
Smed.18956 0.2436370 0.1297437 0.2116754 0.1305345 0.1305345 0.0000000 0.1349961 0.2106251 0.1750192 0.1349961 
Smed.16927 0.3140607 0.1724798 0.2599111 0.1735960 0.1735960 0.1349961 0.0000000 0.1530322 0.1946680 0.0000010 
Smed.19178 0.1959969 0.1303045 0.1903513 0.0726449 0.0726449 0.2106251 0.1530322 0.0000000 0.1720121 0.1530322 
Smed.17250 0.2216068 0.1124727 0.1721058 0.0930790 0.0930790 0.1750192 0.1946680 0.1720121 0.0000000 0.1946680 
Smed.28438 0.3140607 0.1724798 0.2599111 0.1735960 0.1735960 0.1349961 0.0000010 0.1530322 0.1946680 0.0000000 
