6
Mlig.645   0.0000000 0.0000010 0.0137890 1.1187142 1.1187142 1.1292683 
Mlig.1329  0.0000010 0.0000000 0.0137890 1.1187142 1.1187142 1.1292683 
Mlig.36328 0.0137890 0.0137890 0.0000000 1.1116755 1.1116755 1.1221664 
Mlig.18929 1.1187142 1.1187142 1.1116755 0.0000000 0.0000010 0.0032886 
Mlig.47962 1.1187142 1.1187142 1.1116755 0.0000010 0.0000000 0.0032886 
Mlig.36206 1.1292683 1.1292683 1.1221664 0.0032886 0.0032886 0.0000000 
