27
Mlig.41901 0.0000000 1.2652868 0.0077377 0.0096934 0.0097020 1.4413121 1.4531654 1.4433396 1.4413121 1.4413121 1.4510503 1.4413121 1.4413121 1.4180196 1.4029837 1.5328136 1.5280049 1.5819971 1.5698371 1.5345756 1.5491829 1.5772754 1.5866866 1.6084044 1.5835474 1.5751734 1.5788117 
Mlig.43860 1.2652868 0.0000000 1.2562353 1.2733690 1.2601890 1.0541612 1.0616026 1.0553277 1.0541612 1.0541612 1.0614890 1.0541612 1.0541612 1.0025064 0.9910154 1.4436472 1.4351137 1.4736877 1.4584485 1.4390608 1.4569685 1.4673961 1.4723860 1.4817996 1.4610362 1.4642550 1.4673196 
Mlig.41907 0.0077377 1.2562353 0.0000000 0.0096657 0.0096742 1.4343761 1.4461589 1.4363866 1.4343761 1.4343761 1.4440614 1.4343761 1.4343761 1.4048007 1.3899446 1.5315499 1.5267499 1.5808948 1.5687616 1.5333065 1.5478788 1.5761855 1.5855757 1.6072482 1.5824428 1.5740866 1.5777190 
Mlig.41904 0.0096934 1.2733690 0.0096657 0.0000000 0.0077308 1.4601966 1.4722243 1.4622670 1.4601966 1.4601966 1.4700641 1.4601966 1.4601966 1.4273135 1.4121721 1.5221736 1.5173879 1.5848579 1.5726787 1.5239079 1.5383708 1.5801238 1.5895512 1.6113014 1.5864084 1.5780220 1.5816610 
Mlig.41906 0.0097020 1.2601890 0.0096742 0.0077308 0.0000000 1.4474709 1.4593780 1.4495118 1.4474709 1.4474709 1.4572487 1.4474709 1.4474709 1.4250645 1.4099671 1.5265336 1.5217332 1.5714064 1.5593574 1.5282811 1.5428191 1.5667460 1.5760671 1.5976000 1.5729514 1.5646498 1.5682739 
Mlig.28291 1.4413121 1.0541612 1.4343761 1.4601966 1.4474709 0.0000000 0.0019367 0.0019427 0.0000010 0.0000010 0.0019396 0.0000010 0.0000010 0.4048013 0.3971802 1.4082069 1.3952117 1.4201137 1.4151089 1.4020829 1.4269271 1.4123618 1.4351153 1.4563811 1.4107033 1.4140112 1.4210674 
Mlig.28285 1.4531654 1.0616026 1.4461589 1.4722243 1.4593780 0.0019367 0.0000000 0.0038940 0.0019367 0.0019367 0.0038877 0.0019367 0.0019367 0.4088036 0.4011196 1.4047149 1.3917597 1.4165671 1.4115834 1.3986065 1.4233560 1.4088446 1.4315144 1.4527038 1.4071965 1.4104897 1.4175229 
Mlig.41498 1.4433396 1.0553277 1.4363866 1.4622670 1.4495118 0.0019427 0.0038940 0.0000000 0.0019427 0.0019427 0.0038997 0.0019427 0.0019427 0.4098927 0.4021866 1.4172365 1.4041634 1.4292624 1.4242117 1.4110846 1.4361248 1.4214495 1.4443750 1.4657975 1.4197672 1.4231058 1.4302087 
Mlig.41501 1.4413121 1.0541612 1.4343761 1.4601966 1.4474709 0.0000010 0.0019367 0.0019427 0.0000000 0.0000010 0.0019396 0.0000010 0.0000010 0.4048013 0.3971802 1.4082069 1.3952117 1.4201137 1.4151089 1.4020829 1.4269271 1.4123618 1.4351153 1.4563811 1.4107033 1.4140112 1.4210674 
Mlig.28287 1.4413121 1.0541612 1.4343761 1.4601966 1.4474709 0.0000010 0.0019367 0.0019427 0.0000010 0.0000000 0.0019396 0.0000010 0.0000010 0.4048013 0.3971802 1.4082069 1.3952117 1.4201137 1.4151089 1.4020829 1.4269271 1.4123618 1.4351153 1.4563811 1.4107033 1.4140112 1.4210674 
Mlig.28292 1.4510503 1.0614890 1.4440614 1.4700641 1.4572487 0.0019396 0.0038877 0.0038997 0.0019396 0.0019396 0.0000000 0.0019396 0.0019396 0.4088433 0.4011674 1.4110081 1.3979841 1.4297184 1.4246717 1.4048732 1.4297876 1.4219111 1.4448200 1.4662277 1.4202296 1.4235668 1.4306633 
Mlig.28290 1.4413121 1.0541612 1.4343761 1.4601966 1.4474709 0.0000010 0.0019367 0.0019427 0.0000010 0.0000010 0.0019396 0.0000000 0.0000010 0.4048013 0.3971802 1.4082069 1.3952117 1.4201137 1.4151089 1.4020829 1.4269271 1.4123618 1.4351153 1.4563811 1.4107033 1.4140112 1.4210674 
Mlig.28295 1.4413121 1.0541612 1.4343761 1.4601966 1.4474709 0.0000010 0.0019367 0.0019427 0.0000010 0.0000010 0.0019396 0.0000010 0.0000000 0.4048013 0.3971802 1.4082069 1.3952117 1.4201137 1.4151089 1.4020829 1.4269271 1.4123618 1.4351153 1.4563811 1.4107033 1.4140112 1.4210674 
Mlig.48088 1.4180196 1.0025064 1.4048007 1.4273135 1.4250645 0.4048013 0.4088036 0.4098927 0.4048013 0.4048013 0.4088433 0.4048013 0.4048013 0.0000000 0.0060160 1.4938249 1.4851756 1.4940884 1.4937815 1.4905897 1.5161198 1.4847498 1.4970790 1.5193118 1.4808517 1.4864526 1.4938416 
Mlig.48089 1.4029837 0.9910154 1.3899446 1.4121721 1.4099671 0.3971802 0.4011196 0.4021866 0.3971802 0.3971802 0.4011674 0.3971802 0.3971802 0.0060160 0.0000000 1.4913745 1.4827476 1.4916296 1.4913255 1.4881466 1.5135998 1.4823165 1.4946123 1.5167813 1.4784308 1.4840156 1.4913851 
Mlig.45601 1.5328136 1.4436472 1.5315499 1.5221736 1.5265336 1.4082069 1.4047149 1.4172365 1.4082069 1.4082069 1.4110081 1.4082069 1.4082069 1.4938249 1.4913745 0.0000000 0.0099574 0.2299145 0.2300978 0.0119576 0.0201740 0.2305997 0.2352391 0.2458563 0.2302160 0.2246129 0.2273369 
Mlig.45598 1.5280049 1.4351137 1.5267499 1.5173879 1.5217332 1.3952117 1.3917597 1.4041634 1.3952117 1.3952117 1.3979841 1.3952117 1.3952117 1.4851756 1.4827476 0.0099574 0.0000000 0.2184316 0.2186077 0.0019742 0.0099913 0.2190830 0.2236816 0.2340954 0.2187202 0.2132044 0.2158885 
Mlig.36478 1.5819971 1.4736877 1.5808948 1.5848579 1.5714064 1.4201137 1.4165671 1.4292624 1.4201137 1.4201137 1.4297184 1.4201137 1.4201137 1.4940884 1.4916296 0.2299145 0.2184316 0.0000000 0.0078564 0.2204503 0.2278565 0.0078725 0.0118000 0.0180445 0.0078608 0.0039161 0.0058829 
Mlig.45652 1.5698371 1.4584485 1.5687616 1.5726787 1.5593574 1.4151089 1.4115834 1.4242117 1.4151089 1.4151089 1.4246717 1.4151089 1.4151089 1.4937815 1.4913255 0.2300978 0.2186077 0.0078564 0.0000000 0.2206280 0.2280390 0.0078796 0.0118107 0.0180609 0.0078679 0.0039196 0.0058882 
Mlig.45599 1.5345756 1.4390608 1.5333065 1.5239079 1.5282811 1.4020829 1.3986065 1.4110846 1.4020829 1.4020829 1.4048732 1.4020829 1.4020829 1.4905897 1.4881466 0.0119576 0.0019742 0.2204503 0.2206280 0.0000000 0.0119983 0.2211086 0.2257208 0.2361843 0.2207416 0.2152024 0.2178975 
Mlig.45600 1.5491829 1.4569685 1.5478788 1.5383708 1.5428191 1.4269271 1.4233560 1.4361248 1.4269271 1.4269271 1.4297876 1.4269271 1.4269271 1.5161198 1.5135998 0.0201740 0.0099913 0.2278565 0.2280390 0.0119983 0.0000000 0.2285376 0.2331832 0.2437951 0.2281566 0.2225530 0.2252777 
Mlig.12853 1.5772754 1.4673961 1.5761855 1.5801238 1.5667460 1.4123618 1.4088446 1.4214495 1.4123618 1.4123618 1.4219111 1.4123618 1.4123618 1.4847498 1.4823165 0.2305997 0.2190830 0.0078725 0.0078796 0.2211086 0.2285376 0.0000000 0.0118349 0.0180985 0.0078841 0.0039277 0.0059003 
Mlig.45651 1.5866866 1.4723860 1.5855757 1.5895512 1.5760671 1.4351153 1.4315144 1.4443750 1.4351153 1.4351153 1.4448200 1.4351153 1.4351153 1.4970790 1.4946123 0.2352391 0.2236816 0.0118000 0.0118107 0.2257208 0.2331832 0.0118349 0.0000000 0.0059611 0.0118173 0.0078494 0.0098265 
Mlig.45654 1.6084044 1.4817996 1.6072482 1.6113014 1.5976000 1.4563811 1.4527038 1.4657975 1.4563811 1.4563811 1.4662277 1.4563811 1.4563811 1.5193118 1.5167813 0.2458563 0.2340954 0.0180445 0.0180609 0.2361843 0.2437951 0.0180985 0.0059611 0.0000000 0.0180711 0.0140069 0.0160302 
Mlig.1497  1.5835474 1.4610362 1.5824428 1.5864084 1.5729514 1.4107033 1.4071965 1.4197672 1.4107033 1.4107033 1.4202296 1.4107033 1.4107033 1.4808517 1.4784308 0.2302160 0.2187202 0.0078608 0.0078679 0.2207416 0.2281566 0.0078841 0.0118173 0.0180711 0.0000000 0.0039218 0.0058915 
Mlig.45649 1.5751734 1.4642550 1.5740866 1.5780220 1.5646498 1.4140112 1.4104897 1.4231058 1.4140112 1.4140112 1.4235668 1.4140112 1.4140112 1.4864526 1.4840156 0.2246129 0.2132044 0.0039161 0.0039196 0.2152024 0.2225530 0.0039277 0.0078494 0.0140069 0.0039218 0.0000000 0.0019567 
Mlig.45650 1.5788117 1.4673196 1.5777190 1.5816610 1.5682739 1.4210674 1.4175229 1.4302087 1.4210674 1.4210674 1.4306633 1.4210674 1.4210674 1.4938416 1.4913851 0.2273369 0.2158885 0.0058829 0.0058882 0.2178975 0.2252777 0.0059003 0.0098265 0.0160302 0.0058915 0.0019567 0.0000000 
