8
Mcor.8051  0.0000000 1.6026791 1.1082920 0.8697125 0.6973388 0.9989602 0.8589954 0.8802740 
Mcor.14095 1.6026791 0.0000000 1.0002145 1.1174557 1.0266944 1.2401341 1.2229463 1.3105526 
Mcor.11037 1.1082920 1.0002145 0.0000000 0.7374260 0.6874860 0.8706763 0.9532658 0.9775045 
Mcor.7512  0.8697125 1.1174557 0.7374260 0.0000000 0.4152743 0.2873169 0.5559291 0.5705202 
Mcor.9715  0.6973388 1.0266944 0.6874860 0.4152743 0.0000000 0.4475243 0.4490164 0.4451388 
Mcor.7509  0.9989602 1.2401341 0.8706763 0.2873169 0.4475243 0.0000000 0.5766805 0.6105818 
Mcor.10963 0.8589954 1.2229463 0.9532658 0.5559291 0.4490164 0.5766805 0.0000000 0.1242375 
Mcor.11432 0.8802740 1.3105526 0.9775045 0.5705202 0.4451388 0.6105818 0.1242375 0.0000000 
