8
Smed.5468  0.0000000 0.1218090 0.1511541 0.6700664 0.1166697 0.1735478 0.0763762 0.0375187 
Smed.26118 0.1218090 0.0000000 0.2019597 0.7651956 0.1667839 0.2653178 0.1667589 0.1228248 
Smed.19771 0.1511541 0.2019597 0.0000000 0.6719955 0.1939767 0.2878502 0.1938930 0.1523113 
Smed.18160 0.6700664 0.7651956 0.6719955 0.0000000 0.6265766 0.8781469 0.7377569 0.6742577 
Smed.11964 0.1166697 0.1667839 0.1939767 0.6265766 0.0000000 0.2543800 0.1597906 0.1176071 
Smed.21151 0.1735478 0.2653178 0.2878502 0.8781469 0.2543800 0.0000000 0.2468106 0.2062330 
Smed.15083 0.0763762 0.1667589 0.1938930 0.7377569 0.1597906 0.2468106 0.0000000 0.0382442 
Smed.23393 0.0375187 0.1228248 0.1523113 0.6742577 0.1176071 0.2062330 0.0382442 0.0000000 
