6
Mlig.11536 0.0000000 0.0085605 1.0281543 1.0334623 0.9818224 0.9806604 
Mlig.11537 0.0085605 0.0000000 1.0235186 1.0288059 0.9824781 0.9813145 
Mlig.27000 1.0281543 1.0235186 0.0000000 0.0086705 0.5882227 0.5894828 
Mlig.32573 1.0334623 1.0288059 0.0086705 0.0000000 0.5875794 0.5888395 
Mlig.12664 0.9818224 0.9824781 0.5882227 0.5875794 0.0000000 0.0038402 
Mlig.12665 0.9806604 0.9813145 0.5894828 0.5888395 0.0038402 0.0000000 
