8
Mcor.12531 0.0000000 1.1355567 1.1286597 0.6342239 0.5845501 0.6056998 0.9886144 0.6572391 
Mcor.7048  1.1355567 0.0000000 0.5131123 0.9086498 0.7706258 0.8109111 0.5596693 0.8225974 
Mcor.6674  1.1286597 0.5131123 0.0000000 0.7634250 0.6898096 0.6410560 0.4082131 0.6911376 
Mcor.7049  0.6342239 0.9086498 0.7634250 0.0000000 0.2968897 0.3065746 0.7036449 0.2763089 
Mcor.10290 0.5845501 0.7706258 0.6898096 0.2968897 0.0000000 0.3237376 0.5763441 0.3514466 
Mcor.10291 0.6056998 0.8109111 0.6410560 0.3065746 0.3237376 0.0000000 0.6424487 0.2836538 
Mcor.6676  0.9886144 0.5596693 0.4082131 0.7036449 0.5763441 0.6424487 0.0000000 0.6133465 
Mcor.7047  0.6572391 0.8225974 0.6911376 0.2763089 0.3514466 0.2836538 0.6133465 0.0000000 
