10
Hdim.2029  0.0000000 0.8162665 0.7820269 0.9359338 0.7645113 0.8071365 0.7762175 1.2838805 1.2150705 1.2629513 
Hdim.2098  0.8162665 0.0000000 0.2358361 0.2568615 0.2876803 0.2528563 0.3081719 0.6519888 0.6756338 0.7095161 
Hdim.39    0.7820269 0.2358361 0.0000000 0.2157948 0.2749567 0.0146352 0.2834397 0.5702249 0.6160386 0.6459476 
Hdim.5850  0.9359338 0.2568615 0.2157948 0.0000000 0.3508081 0.2325660 0.3691693 0.6942188 0.7004276 0.7339184 
Hdim.5072  0.7645113 0.2876803 0.2749567 0.3508081 0.0000000 0.2928497 0.3119526 0.6184231 0.6419720 0.6979762 
Hdim.1614  0.8071365 0.2528563 0.0146352 0.2325660 0.2928497 0.0000000 0.3003922 0.5916264 0.6373611 0.6677937 
Hdim.6001  0.7762175 0.3081719 0.2834397 0.3691693 0.3119526 0.3003922 0.0000000 0.7352271 0.6476561 0.6706927 
Hdim.4652  1.2838805 0.6519888 0.5702249 0.6942188 0.6184231 0.5916264 0.7352271 0.0000000 0.5626557 0.5985068 
Hdim.202   1.2150705 0.6756338 0.6160386 0.7004276 0.6419720 0.6373611 0.6476561 0.5626557 0.0000000 0.0715959 
Hdim.493   1.2629513 0.7095161 0.6459476 0.7339184 0.6979762 0.6677937 0.6706927 0.5985068 0.0715959 0.0000000 
