6
Mlig.3225  0.0000000 0.0000010 0.0212333 0.0212333 0.0320422 0.0320422 
Mlig.3226  0.0000010 0.0000000 0.0212333 0.0212333 0.0320422 0.0320422 
Mlig.25817 0.0212333 0.0212333 0.0000000 0.0000010 0.0105970 0.0105970 
Mlig.25819 0.0212333 0.0212333 0.0000010 0.0000000 0.0105970 0.0105970 
Mlig.21924 0.0320422 0.0320422 0.0105970 0.0105970 0.0000000 0.0000010 
Mlig.21925 0.0320422 0.0320422 0.0105970 0.0105970 0.0000010 0.0000000 
