11
Treg.12075 0.0000000 0.0021003 0.0063324 0.0010485 0.0052736 0.0042126 0.0095360 0.0095458 0.3279245 0.3279245 0.3267696 
Treg.3664  0.0021003 0.0000000 0.0042120 0.0010492 0.0031570 0.0021019 0.0074014 0.0074090 0.3281083 0.3281083 0.3269548 
Treg.4481  0.0063324 0.0042120 0.0000000 0.0052722 0.0010468 0.0020978 0.0052682 0.0052736 0.3267475 0.3267475 0.3255899 
Treg.6751  0.0010485 0.0010492 0.0052722 0.0000000 0.0042143 0.0031566 0.0084688 0.0084775 0.3296958 0.3296958 0.3285418 
Treg.6979  0.0052736 0.0031570 0.0010468 0.0042143 0.0000000 0.0010483 0.0063276 0.0063340 0.3284810 0.3284810 0.3273247 
Treg.11195 0.0042126 0.0021019 0.0020978 0.0031566 0.0010483 0.0000000 0.0052661 0.0052714 0.3279376 0.3279376 0.3267841 
Treg.3622  0.0095360 0.0074014 0.0052682 0.0084688 0.0063276 0.0052661 0.0000000 0.0042138 0.3233013 0.3233013 0.3221443 
Treg.12983 0.0095458 0.0074090 0.0052736 0.0084775 0.0063340 0.0052714 0.0042138 0.0000000 0.3250045 0.3250045 0.3238478 
Treg.6850  0.3279245 0.3281083 0.3267475 0.3296958 0.3284810 0.3279376 0.3233013 0.3250045 0.0000000 0.0000010 0.0053233 
Treg.8621  0.3279245 0.3281083 0.3267475 0.3296958 0.3284810 0.3279376 0.3233013 0.3250045 0.0000010 0.0000000 0.0053233 
Treg.1898  0.3267696 0.3269548 0.3255899 0.3285418 0.3273247 0.3267841 0.3221443 0.3238478 0.0053233 0.0053233 0.0000000 
