6
Mlig.5573  0.0000000 0.0221892 0.0150076 1.3887853 1.3928401 1.3981507 
Mlig.5574  0.0221892 0.0000000 0.0069713 1.3592032 1.3631543 1.3685379 
Mlig.5572  0.0150076 0.0069713 0.0000000 1.3559876 1.3599432 1.3653560 
Mlig.3584  1.3887853 1.3592032 1.3559876 0.0000000 0.0103434 0.0095454 
Mlig.3585  1.3928401 1.3631543 1.3599432 0.0103434 0.0000000 0.0135522 
Mlig.3586  1.3981507 1.3685379 1.3653560 0.0095454 0.0135522 0.0000000 
