6
Mlig.27881 0.0000000 0.0105709 0.0000010 0.4984466 0.3427244 0.3271316 
Mlig.7356  0.0105709 0.0000000 0.0105709 0.4971137 0.3477140 0.3320631 
Mlig.27880 0.0000010 0.0105709 0.0000000 0.4984466 0.3427244 0.3271316 
Mlig.17974 0.4984466 0.4971137 0.4984466 0.0000000 0.4218707 0.4047319 
Mlig.20986 0.3427244 0.3477140 0.3427244 0.4218707 0.0000000 0.0071318 
Mlig.33745 0.3271316 0.3320631 0.3271316 0.4047319 0.0071318 0.0000000 
