10
Treg.12002 0.0000000 0.6899322 0.6990514 0.6942693 0.6716319 0.6899322 0.6973640 0.6942007 0.9369120 0.8280429 
Treg.991   0.6899322 0.0000000 0.5194198 0.5116137 0.0105014 0.0000010 0.0104821 0.0131294 0.6705044 0.6508558 
Treg.4258  0.6990514 0.5194198 0.0000000 0.0052556 0.5248576 0.5194198 0.5226250 0.5325043 0.3356361 0.6454737 
Treg.5017  0.6942693 0.5116137 0.0052556 0.0000000 0.5169396 0.5116137 0.5148662 0.5246341 0.3381329 0.6408794 
Treg.988   0.6716319 0.0105014 0.5248576 0.5169396 0.0000000 0.0105014 0.0211986 0.0238985 0.6601270 0.6363224 
Treg.990   0.6899322 0.0000010 0.5194198 0.5116137 0.0105014 0.0000000 0.0104821 0.0131294 0.6705044 0.6508558 
Treg.987   0.6973640 0.0104821 0.5226250 0.5148662 0.0211986 0.0104821 0.0000000 0.0130801 0.6719078 0.6545911 
Treg.992   0.6942007 0.0131294 0.5325043 0.5246341 0.0238985 0.0131294 0.0130801 0.0000000 0.6768632 0.6472433 
Treg.13933 0.9369120 0.6705044 0.3356361 0.3381329 0.6601270 0.6705044 0.6719078 0.6768632 0.0000000 0.8126068 
Treg.14393 0.8280429 0.6508558 0.6454737 0.6408794 0.6363224 0.6508558 0.6545911 0.6472433 0.8126068 0.0000000 
