6
Mlig.43391 0.0000000 0.0000010 0.0041782 0.2308003 0.2308003 0.2283146 
Mlig.43392 0.0000010 0.0000000 0.0041782 0.2308003 0.2308003 0.2283146 
Mlig.31193 0.0041782 0.0041782 0.0000000 0.2333404 0.2333404 0.2308522 
Mlig.11750 0.2308003 0.2308003 0.2333404 0.0000000 0.0000010 0.0167347 
Mlig.11751 0.2308003 0.2308003 0.2333404 0.0000010 0.0000000 0.0167347 
Mlig.19645 0.2283146 0.2283146 0.2308522 0.0167347 0.0167347 0.0000000 
