7
Smed.641   0.0000000 0.0290054 0.0511752 0.0442242 0.0146067 0.0436361 0.0433771 
Smed.24725 0.0290054 0.0000000 0.0362126 0.0590603 0.0441795 0.0288198 0.0432934 
Smed.8801  0.0511752 0.0362126 0.0000000 0.0818953 0.0668223 0.0508493 0.0654726 
Smed.19831 0.0442242 0.0590603 0.0818953 0.0000000 0.0598943 0.0740594 0.0736057 
Smed.15024 0.0146067 0.0441795 0.0668223 0.0598943 0.0000000 0.0514826 0.0511725 
Smed.23825 0.0436361 0.0288198 0.0508493 0.0740594 0.0514826 0.0000000 0.0286427 
Smed.25858 0.0433771 0.0432934 0.0654726 0.0736057 0.0511725 0.0286427 0.0000000 
