6
Mlig.1971  0.0000000 0.0000010 0.0000010 1.5246682 1.5334960 1.5278782 
Mlig.1972  0.0000010 0.0000000 0.0000010 1.5246682 1.5334960 1.5278782 
Mlig.1973  0.0000010 0.0000010 0.0000000 1.5246682 1.5334960 1.5278782 
Mlig.42041 1.5246682 1.5246682 1.5246682 0.0000000 0.0266310 0.0221316 
Mlig.44136 1.5334960 1.5334960 1.5334960 0.0266310 0.0000000 0.0043857 
Mlig.44137 1.5278782 1.5278782 1.5278782 0.0221316 0.0043857 0.0000000 
