7
Mlig.9807  0.0000000 0.0000010 0.0063391 0.0931079 0.0931079 0.1086840 0.1086840 
Mlig.9809  0.0000010 0.0000000 0.0063391 0.0931079 0.0931079 0.1086840 0.1086840 
Mlig.9808  0.0063391 0.0063391 0.0000000 0.0930471 0.0930471 0.1084795 0.1084795 
Mlig.15698 0.0931079 0.0931079 0.0930471 0.0000000 0.0000010 0.0531775 0.0531775 
Mlig.15699 0.0931079 0.0931079 0.0930471 0.0000010 0.0000000 0.0531775 0.0531775 
Mlig.27815 0.1086840 0.1086840 0.1084795 0.0531775 0.0531775 0.0000000 0.0000010 
Mlig.27817 0.1086840 0.1086840 0.1084795 0.0531775 0.0531775 0.0000010 0.0000000 
