6
Smed.17014 0.0000000 0.0115538 0.0057182 0.0057415 0.0000010 0.0057547 
Smed.14755 0.0115538 0.0000000 0.0173496 0.0174211 0.0115538 0.0174617 
Smed.15285 0.0057182 0.0173496 0.0000000 0.0114958 0.0057182 0.0115223 
Smed.10975 0.0057415 0.0174211 0.0114958 0.0000000 0.0057415 0.0115695 
Smed.21552 0.0000010 0.0115538 0.0057182 0.0057415 0.0000000 0.0057547 
Smed.16248 0.0057547 0.0174617 0.0115223 0.0115695 0.0057547 0.0000000 
