11
Smed.27895 0.0000000 0.2574802 0.1035487 0.1035487 0.2574802 0.2095895 0.2235214 0.1007881 0.2509380 0.2202573 0.1921594 
Smed.20949 0.2574802 0.0000000 0.1232770 0.1232770 0.0000010 0.2434769 0.2615085 0.2430639 0.1047894 0.2574802 0.2509479 
Smed.25459 0.1035487 0.1232770 0.0000000 0.0000010 0.1232770 0.0990068 0.1051819 0.0984736 0.1198357 0.1035487 0.1013535 
Smed.16931 0.1035487 0.1232770 0.0000010 0.0000000 0.1232770 0.0990068 0.1051819 0.0984736 0.1198357 0.1035487 0.1013535 
Smed.14967 0.2574802 0.0000010 0.1232770 0.1232770 0.0000000 0.2434769 0.2615085 0.2430639 0.1047894 0.2574802 0.2509479 
Smed.9036  0.2095895 0.2434769 0.0990068 0.0990068 0.2434769 0.0000000 0.2125733 0.1994404 0.2375674 0.2095895 0.2050686 
Smed.27407 0.2235214 0.2615085 0.1051819 0.1051819 0.2615085 0.2125733 0.0000000 0.2120504 0.2548278 0.2235214 0.2183828 
Smed.13431 0.1007881 0.2430639 0.0984736 0.0984736 0.2430639 0.1994404 0.2120504 0.0000000 0.2371268 0.2090609 0.1801319 
Smed.20785 0.2509380 0.1047894 0.1198357 0.1198357 0.1047894 0.2375674 0.2548278 0.2371268 0.0000000 0.2509380 0.2446949 
Smed.20933 0.2202573 0.2574802 0.1035487 0.1035487 0.2574802 0.2095895 0.2235214 0.2090609 0.2509380 0.0000000 0.2152477 
Smed.19600 0.1921594 0.2509479 0.1013535 0.1013535 0.2509479 0.2050686 0.2183828 0.1801319 0.2446949 0.2152477 0.0000000 
