7
Smed.1363  0.0000000 0.0825794 0.1138380 0.1224457 0.1138357 0.1429564 0.1494489 
Smed.25757 0.0825794 0.0000000 0.0345360 0.1340675 0.1277601 0.0685928 0.0795352 
Smed.1506  0.1138380 0.0345360 0.0000000 0.1549945 0.1250725 0.0903479 0.1091852 
Smed.26325 0.1224457 0.1340675 0.1549945 0.0000000 0.0608069 0.0978465 0.0885144 
Smed.26052 0.1138357 0.1277601 0.1250725 0.0608069 0.0000000 0.0966185 0.0997800 
Smed.26410 0.1429564 0.0685928 0.0903479 0.0978465 0.0966185 0.0000000 0.0312819 
Smed.27310 0.1494489 0.0795352 0.1091852 0.0885144 0.0997800 0.0312819 0.0000000 
