11
Mlig.26514 0.0000000 0.0022394 0.0089966 0.6115450 0.6077400 0.6171592 0.6053735 0.6048472 0.6055653 0.6055653 0.6005496 
Mlig.26515 0.0022394 0.0000000 0.0112785 0.6167588 0.6129420 0.6224018 0.6105733 0.6100422 0.6107569 0.6107569 0.6057087 
Mlig.26517 0.0089966 0.0112785 0.0000000 0.6162247 0.6124019 0.6218763 0.6100288 0.6094970 0.6102135 0.6102135 0.6051584 
Mlig.8395  0.6115450 0.6167588 0.6162247 0.0000000 0.0158924 0.0067477 0.0159149 0.0182800 0.0136413 0.0136413 0.0090688 
Mlig.8406  0.6077400 0.6129420 0.6124019 0.0158924 0.0000000 0.0182300 0.0180339 0.0203902 0.0157788 0.0157788 0.0112382 
Mlig.8396  0.6171592 0.6224018 0.6218763 0.0067477 0.0182300 0.0000000 0.0182560 0.0206415 0.0159740 0.0159740 0.0113780 
Mlig.8403  0.6053735 0.6105733 0.6100288 0.0159149 0.0180339 0.0182560 0.0000000 0.0204193 0.0158011 0.0158011 0.0112540 
Mlig.8397  0.6048472 0.6100422 0.6094970 0.0182800 0.0203902 0.0206415 0.0204193 0.0000000 0.0181495 0.0181495 0.0135729 
Mlig.20171 0.6055653 0.6107569 0.6102135 0.0136413 0.0157788 0.0159740 0.0158011 0.0181495 0.0000000 0.0000010 0.0090027 
Mlig.20172 0.6055653 0.6107569 0.6102135 0.0136413 0.0157788 0.0159740 0.0158011 0.0181495 0.0000010 0.0000000 0.0090027 
Mlig.8409  0.6005496 0.6057087 0.6051584 0.0090688 0.0112382 0.0113780 0.0112540 0.0135729 0.0090027 0.0090027 0.0000000 
