7
Smed.17937 0.0000000 1.0101369 1.5737470 1.5082350 1.3264141 0.4905870 1.1305286 
Smed.10340 1.0101369 0.0000000 1.6006558 1.5011499 1.3927533 0.9583700 1.0924094 
Smed.12135 1.5737470 1.6006558 0.0000000 0.0681678 2.0035476 1.8660060 1.9232501 
Smed.12606 1.5082350 1.5011499 0.0681678 0.0000000 1.8024908 1.7465673 1.7733074 
Smed.17390 1.3264141 1.3927533 2.0035476 1.8024908 0.0000000 1.2135389 1.4606268 
Smed.19418 0.4905870 0.9583700 1.8660060 1.7465673 1.2135389 0.0000000 0.9858348 
Smed.20127 1.1305286 1.0924094 1.9232501 1.7733074 1.4606268 0.9858348 0.0000000 
