6
Mlig.47812 0.0000000 0.0000010 0.0025937 0.1812910 0.1812406 0.1813101 
Mlig.47814 0.0000010 0.0000000 0.0025937 0.1812910 0.1812406 0.1813101 
Mlig.47813 0.0025937 0.0025937 0.0000000 0.1782456 0.1781961 0.1782646 
Mlig.43794 0.1812910 0.1812910 0.1782456 0.0000000 0.0077998 0.0025978 
Mlig.43793 0.1812406 0.1812406 0.1781961 0.0077998 0.0000000 0.0051968 
Mlig.43795 0.1813101 0.1813101 0.1782646 0.0025978 0.0051968 0.0000000 
