6
Mlig.23701 0.0000000 0.5814658 0.5814658 0.6227099 0.6392538 0.5818197 
Mlig.44762 0.5814658 0.0000000 0.0000010 0.5681111 0.5707934 0.0078197 
Mlig.46842 0.5814658 0.0000010 0.0000000 0.5681111 0.5707934 0.0078197 
Mlig.8823  0.6227099 0.5681111 0.5681111 0.0000000 0.0081521 0.5660099 
Mlig.41928 0.6392538 0.5707934 0.5707934 0.0081521 0.0000000 0.5686741 
Mlig.44761 0.5818197 0.0078197 0.0078197 0.5660099 0.5686741 0.0000000 
