6
Mlig.24628 0.0000000 0.0680148 0.0552801 0.0552801 0.3008418 0.0054161 
Mlig.26308 0.0680148 0.0000000 0.0110418 0.0110418 0.2877614 0.0622655 
Mlig.23342 0.0552801 0.0110418 0.0000000 0.0000010 0.2694129 0.0496712 
Mlig.42104 0.0552801 0.0110418 0.0000010 0.0000000 0.2694129 0.0496712 
Mlig.40756 0.3008418 0.2877614 0.2694129 0.2694129 0.0000000 0.2938246 
Mlig.43077 0.0054161 0.0622655 0.0496712 0.0496712 0.2938246 0.0000000 
