6
Treg.6345  0.0000000 1.1398041 0.9910810 0.9525274 0.8290756 0.6451862 
Treg.6598  1.1398041 0.0000000 0.3109938 1.4915335 0.9496459 0.8943320 
Treg.6599  0.9910810 0.3109938 0.0000000 1.3269639 0.8252629 0.6762572 
Treg.6492  0.9525274 1.4915335 1.3269639 0.0000000 1.1220357 0.9792953 
Treg.6495  0.8290756 0.9496459 0.8252629 1.1220357 0.0000000 0.4696925 
Treg.6497  0.6451862 0.8943320 0.6762572 0.9792953 0.4696925 0.0000000 
