6
Treg.12745 0.0000000 0.0931712 0.7245158 0.7245158 0.0090553 0.1144135 
Treg.12746 0.0931712 0.0000000 0.7280561 0.7280561 0.0883372 0.1604453 
Treg.7167  0.7245158 0.7280561 0.0000000 0.0000010 0.7265408 0.8264294 
Treg.7164  0.7245158 0.7280561 0.0000010 0.0000000 0.7265408 0.8264294 
Treg.4577  0.0090553 0.0883372 0.7265408 0.7265408 0.0000000 0.1195669 
Treg.4983  0.1144135 0.1604453 0.8264294 0.8264294 0.1195669 0.0000000 
