9
Mlig.240   0.0000000 0.0784766 0.0901328 0.5669810 1.1269492 1.1450916 1.2429611 1.2536897 1.2126788 
Mlig.242   0.0784766 0.0000000 0.0216327 0.4597974 1.1233596 1.1288971 1.2077944 1.2183508 1.1881493 
Mlig.41382 0.0901328 0.0216327 0.0000000 0.4713175 1.1457955 1.1510061 1.2483251 1.2590553 1.2279031 
Mlig.241   0.5669810 0.4597974 0.4713175 0.0000000 0.4293925 0.4381821 0.9732750 0.9829051 0.9574740 
Mlig.41380 1.1269492 1.1233596 1.1457955 0.4293925 0.0000000 0.1013746 0.8615037 0.8511807 0.8349740 
Mlig.41383 1.1450916 1.1288971 1.1510061 0.4381821 0.1013746 0.0000000 0.8369907 0.8461759 0.8109591 
Mlig.41638 1.2429611 1.2077944 1.2483251 0.9732750 0.8615037 0.8369907 0.0000000 0.0053701 0.0384441 
Mlig.239   1.2536897 1.2183508 1.2590553 0.9829051 0.8511807 0.8461759 0.0053701 0.0000000 0.0439794 
Mlig.41381 1.2126788 1.1881493 1.2279031 0.9574740 0.8349740 0.8109591 0.0384441 0.0439794 0.0000000 
