8
Hdim.4775  0.0000000 0.3401294 0.3944167 0.5774341 0.3111101 0.6286682 0.2462068 0.4336825 
Hdim.14405 0.3401294 0.0000000 0.1085141 0.2458953 0.3582868 0.7087795 0.0792471 0.2484349 
Hdim.13246 0.3944167 0.1085141 0.0000000 0.2551196 0.4174495 0.8266864 0.0917162 0.2873120 
Hdim.9562  0.5774341 0.2458953 0.2551196 0.0000000 0.4918940 0.5765853 0.3141507 0.5053830 
Hdim.13952 0.3111101 0.3582868 0.4174495 0.4918940 0.0000000 0.8183936 0.2600816 0.4554857 
Hdim.5102  0.6286682 0.7087795 0.8266864 0.5765853 0.8183936 0.0000000 0.5955499 0.6487454 
Hdim.11501 0.2462068 0.0792471 0.0917162 0.3141507 0.2600816 0.5955499 0.0000000 0.1602154 
Hdim.13986 0.4336825 0.2484349 0.2873120 0.5053830 0.4554857 0.6487454 0.1602154 0.0000000 
