9
Mcor.5119  0.0000000 0.1615777 0.1615933 0.1227024 0.1687838 0.2042960 0.2054970 0.2138132 0.0816372 
Mcor.4003  0.1615777 0.0000000 0.0783783 0.2956225 0.2093156 0.1189045 0.1195824 0.2110764 0.2143032 
Mcor.10654 0.1615933 0.0783783 0.0000000 0.2955662 0.2093157 0.1189255 0.1196035 0.2110757 0.2143010 
Mcor.4627  0.1227024 0.2956225 0.2955662 0.0000000 0.3093550 0.3420401 0.3441541 0.3583785 0.2131050 
Mcor.13595 0.1687838 0.2093156 0.2093157 0.3093550 0.0000000 0.1640205 0.1649892 0.1717528 0.1380752 
Mcor.11979 0.2042960 0.1189045 0.1189255 0.3420401 0.1640205 0.0000000 0.0781959 0.1654219 0.1680459 
Mcor.14425 0.2054970 0.1195824 0.1196035 0.3441541 0.1649892 0.0781959 0.0000000 0.1664061 0.1690581 
Mcor.9868  0.2138132 0.2110764 0.2110757 0.3583785 0.1717528 0.1654219 0.1664061 0.0000000 0.1761262 
Mcor.12135 0.0816372 0.2143032 0.2143010 0.2131050 0.1380752 0.1680459 0.1690581 0.1761262 0.0000000 
