22
Treg.6077  0.0000000 0.0000010 0.0000010 0.0000010 0.0222088 0.0221437 0.0000010 0.0000010 0.0000010 0.0000010 0.0588223 0.0000010 0.0000010 0.0000010 0.0000010 0.0087837 0.0358166 0.0288843 0.0221068 0.0043827 0.0000010 0.0000010 
Treg.10717 0.0000010 0.0000000 0.0000010 0.0000010 0.0222088 0.0221437 0.0000010 0.0000010 0.0000010 0.0000010 0.0588223 0.0000010 0.0000010 0.0000010 0.0000010 0.0087837 0.0358166 0.0288843 0.0221068 0.0043827 0.0000010 0.0000010 
Treg.6331  0.0000010 0.0000010 0.0000000 0.0000010 0.0222088 0.0221437 0.0000010 0.0000010 0.0000010 0.0000010 0.0588223 0.0000010 0.0000010 0.0000010 0.0000010 0.0087837 0.0358166 0.0288843 0.0221068 0.0043827 0.0000010 0.0000010 
Treg.13541 0.0000010 0.0000010 0.0000010 0.0000000 0.0222088 0.0221437 0.0000010 0.0000010 0.0000010 0.0000010 0.0588223 0.0000010 0.0000010 0.0000010 0.0000010 0.0087837 0.0358166 0.0288843 0.0221068 0.0043827 0.0000010 0.0000010 
Treg.14095 0.0222088 0.0222088 0.0222088 0.0222088 0.0000000 0.0403261 0.0222088 0.0222088 0.0222088 0.0222088 0.0827785 0.0222088 0.0222088 0.0222088 0.0222088 0.0312240 0.0591310 0.0526862 0.0449117 0.0267068 0.0222088 0.0222088 
Treg.14326 0.0221437 0.0221437 0.0221437 0.0221437 0.0403261 0.0000000 0.0221437 0.0221437 0.0221437 0.0221437 0.0684362 0.0221437 0.0221437 0.0221437 0.0221437 0.0132340 0.0404763 0.0336695 0.0266477 0.0177044 0.0221437 0.0221437 
Treg.7266  0.0000010 0.0000010 0.0000010 0.0000010 0.0222088 0.0221437 0.0000000 0.0000010 0.0000010 0.0000010 0.0588223 0.0000010 0.0000010 0.0000010 0.0000010 0.0087837 0.0358166 0.0288843 0.0221068 0.0043827 0.0000010 0.0000010 
Treg.12860 0.0000010 0.0000010 0.0000010 0.0000010 0.0222088 0.0221437 0.0000010 0.0000000 0.0000010 0.0000010 0.0588223 0.0000010 0.0000010 0.0000010 0.0000010 0.0087837 0.0358166 0.0288843 0.0221068 0.0043827 0.0000010 0.0000010 
Treg.11694 0.0000010 0.0000010 0.0000010 0.0000010 0.0222088 0.0221437 0.0000010 0.0000010 0.0000000 0.0000010 0.0588223 0.0000010 0.0000010 0.0000010 0.0000010 0.0087837 0.0358166 0.0288843 0.0221068 0.0043827 0.0000010 0.0000010 
Treg.13666 0.0000010 0.0000010 0.0000010 0.0000010 0.0222088 0.0221437 0.0000010 0.0000010 0.0000010 0.0000000 0.0588223 0.0000010 0.0000010 0.0000010 0.0000010 0.0087837 0.0358166 0.0288843 0.0221068 0.0043827 0.0000010 0.0000010 
Treg.900   0.0588223 0.0588223 0.0588223 0.0588223 0.0827785 0.0684362 0.0588223 0.0588223 0.0588223 0.0588223 0.0000000 0.0588223 0.0588223 0.0588223 0.0588223 0.0542691 0.0735030 0.0719658 0.0496404 0.0542612 0.0588223 0.0588223 
Treg.4232  0.0000010 0.0000010 0.0000010 0.0000010 0.0222088 0.0221437 0.0000010 0.0000010 0.0000010 0.0000010 0.0588223 0.0000000 0.0000010 0.0000010 0.0000010 0.0087837 0.0358166 0.0288843 0.0221068 0.0043827 0.0000010 0.0000010 
Treg.1161  0.0000010 0.0000010 0.0000010 0.0000010 0.0222088 0.0221437 0.0000010 0.0000010 0.0000010 0.0000010 0.0588223 0.0000010 0.0000000 0.0000010 0.0000010 0.0087837 0.0358166 0.0288843 0.0221068 0.0043827 0.0000010 0.0000010 
Treg.124   0.0000010 0.0000010 0.0000010 0.0000010 0.0222088 0.0221437 0.0000010 0.0000010 0.0000010 0.0000010 0.0588223 0.0000010 0.0000010 0.0000000 0.0000010 0.0087837 0.0358166 0.0288843 0.0221068 0.0043827 0.0000010 0.0000010 
Treg.2404  0.0000010 0.0000010 0.0000010 0.0000010 0.0222088 0.0221437 0.0000010 0.0000010 0.0000010 0.0000010 0.0588223 0.0000010 0.0000010 0.0000010 0.0000000 0.0087837 0.0358166 0.0288843 0.0221068 0.0043827 0.0000010 0.0000010 
Treg.13989 0.0087837 0.0087837 0.0087837 0.0087837 0.0312240 0.0132340 0.0087837 0.0087837 0.0087837 0.0087837 0.0542691 0.0087837 0.0087837 0.0087837 0.0087837 0.0000000 0.0267551 0.0194517 0.0132122 0.0043892 0.0087837 0.0087837 
Treg.224   0.0358166 0.0358166 0.0358166 0.0358166 0.0591310 0.0404763 0.0358166 0.0358166 0.0358166 0.0358166 0.0735030 0.0358166 0.0358166 0.0358166 0.0358166 0.0267551 0.0000000 0.0480354 0.0312987 0.0313202 0.0358166 0.0358166 
Treg.1524  0.0288843 0.0288843 0.0288843 0.0288843 0.0526862 0.0336695 0.0288843 0.0288843 0.0288843 0.0288843 0.0719658 0.0288843 0.0288843 0.0288843 0.0288843 0.0194517 0.0480354 0.0000000 0.0336106 0.0242114 0.0288843 0.0288843 
Treg.41    0.0221068 0.0221068 0.0221068 0.0221068 0.0449117 0.0266477 0.0221068 0.0221068 0.0221068 0.0221068 0.0496404 0.0221068 0.0221068 0.0221068 0.0221068 0.0132122 0.0312987 0.0336106 0.0000000 0.0176751 0.0221068 0.0221068 
Treg.8682  0.0043827 0.0043827 0.0043827 0.0043827 0.0267068 0.0177044 0.0043827 0.0043827 0.0043827 0.0043827 0.0542612 0.0043827 0.0043827 0.0043827 0.0043827 0.0043892 0.0313202 0.0242114 0.0176751 0.0000000 0.0043827 0.0043827 
Treg.9767  0.0000010 0.0000010 0.0000010 0.0000010 0.0222088 0.0221437 0.0000010 0.0000010 0.0000010 0.0000010 0.0588223 0.0000010 0.0000010 0.0000010 0.0000010 0.0087837 0.0358166 0.0288843 0.0221068 0.0043827 0.0000000 0.0000010 
Treg.13720 0.0000010 0.0000010 0.0000010 0.0000010 0.0222088 0.0221437 0.0000010 0.0000010 0.0000010 0.0000010 0.0588223 0.0000010 0.0000010 0.0000010 0.0000010 0.0087837 0.0358166 0.0288843 0.0221068 0.0043827 0.0000010 0.0000000 
