7
Treg.8613  0.0000000 0.0374226 0.0400139 0.0456661 0.0131937 0.0401538 0.0456661 
Treg.1544  0.0374226 0.0000000 0.0078926 0.0078916 0.0402358 0.0026214 0.0078916 
Treg.4113  0.0400139 0.0078926 0.0000000 0.0105366 0.0428303 0.0105383 0.0105366 
Treg.12668 0.0456661 0.0078916 0.0105366 0.0000000 0.0457276 0.0105368 0.0000010 
Treg.7335  0.0131937 0.0402358 0.0428303 0.0457276 0.0000000 0.0429806 0.0457276 
Treg.1882  0.0401538 0.0026214 0.0105383 0.0105368 0.0429806 0.0000000 0.0105368 
Treg.13802 0.0456661 0.0078916 0.0105366 0.0000010 0.0457276 0.0105368 0.0000000 
