6
Smed.6675  0.0000000 0.6048716 0.6074499 0.7000111 0.7387710 0.6792672 
Smed.12319 0.6048716 0.0000000 0.4499377 0.4965950 0.5780907 0.5971962 
Smed.18324 0.6074499 0.4499377 0.0000000 0.4316804 0.6824991 0.5014170 
Smed.24222 0.7000111 0.4965950 0.4316804 0.0000000 0.6490225 0.7111919 
Smed.1230  0.7387710 0.5780907 0.6824991 0.6490225 0.0000000 0.6498097 
Smed.16433 0.6792672 0.5971962 0.5014170 0.7111919 0.6498097 0.0000000 
