7
Smed.738   0.0000000 0.4010822 0.3435573 0.9659256 0.9406271 1.1044490 0.9580932 
Smed.27244 0.4010822 0.0000000 0.0482072 0.5133531 0.4976859 0.6103106 0.5140747 
Smed.27628 0.3435573 0.0482072 0.0000000 0.4887699 0.4773239 0.5785441 0.4950727 
Smed.18039 0.9659256 0.5133531 0.4887699 0.0000000 0.0879151 0.1860558 0.0627760 
Smed.22074 0.9406271 0.4976859 0.4773239 0.0879151 0.0000000 0.1737115 0.1029532 
Smed.27219 1.1044490 0.6103106 0.5785441 0.1860558 0.1737115 0.0000000 0.2160417 
Smed.27747 0.9580932 0.5140747 0.4950727 0.0627760 0.1029532 0.2160417 0.0000000 
