12
Treg.9904  0.0000000 0.0441715 0.0351040 0.0262924 0.0444068 0.0444852 0.0441715 0.3655105 0.3917309 0.0534431 0.0351040 0.0442394 
Treg.519   0.0441715 0.0000000 0.0086835 0.0174468 0.0175569 0.0176044 0.0000010 0.3781753 0.4046192 0.0264099 0.0086835 0.0174913 
Treg.101   0.0351040 0.0086835 0.0000000 0.0086668 0.0263424 0.0087448 0.0086835 0.3645969 0.3907415 0.0352251 0.0000010 0.0262451 
Treg.8169  0.0262924 0.0174468 0.0086668 0.0000000 0.0175389 0.0175703 0.0174468 0.3533160 0.3793177 0.0263829 0.0086668 0.0174735 
Treg.1893  0.0444068 0.0175569 0.0263424 0.0175389 0.0000000 0.0263891 0.0175569 0.3558082 0.3819884 0.0087898 0.0263424 0.0175839 
Treg.11647 0.0444852 0.0176044 0.0087448 0.0175703 0.0263891 0.0000000 0.0176044 0.3653319 0.3915318 0.0352875 0.0087448 0.0354752 
Treg.12846 0.0441715 0.0000010 0.0086835 0.0174468 0.0175569 0.0176044 0.0000000 0.3781753 0.4046192 0.0264099 0.0086835 0.0174913 
Treg.4405  0.3655105 0.3781753 0.3645969 0.3533160 0.3558082 0.3653319 0.3781753 0.0000000 0.0346843 0.3562767 0.3645969 0.3672435 
Treg.5683  0.3917309 0.4046192 0.3907415 0.3793177 0.3819884 0.3915318 0.4046192 0.0346843 0.0000000 0.3824580 0.3907415 0.3935419 
Treg.3756  0.0534431 0.0264099 0.0352251 0.0263829 0.0087898 0.0352875 0.0264099 0.3562767 0.3824580 0.0000000 0.0352251 0.0087587 
Treg.566   0.0351040 0.0086835 0.0000010 0.0086668 0.0263424 0.0087448 0.0086835 0.3645969 0.3907415 0.0352251 0.0000000 0.0262451 
Treg.9116  0.0442394 0.0174913 0.0262451 0.0174735 0.0175839 0.0354752 0.0174913 0.3672435 0.3935419 0.0087587 0.0262451 0.0000000 
