27
Mlig.34214 0.0000000 0.0129485 0.7859565 0.7821388 1.4873528 1.4874886 1.4513642 1.4278736 1.2914301 1.2811351 1.2811351 1.2576223 1.2647761 1.2545294 1.2598794 0.0235359 1.3230284 1.3099618 1.2690822 1.1851181 1.1851181 1.2263039 1.2263039 1.2346546 1.7086608 1.2145244 1.2105909 
Mlig.34215 0.0129485 0.0000000 0.7883167 0.7844647 1.4965889 1.4967211 1.4719296 1.4481207 1.3270857 1.3165595 1.3165595 1.2860575 1.2902732 1.2828996 1.2883616 0.0262052 1.3495123 1.3361375 1.2977951 1.2015207 1.2015207 1.2270514 1.2270514 1.2353945 1.7111410 1.2166251 1.2126879 
Mlig.14809 0.7859565 0.7883167 0.0000000 0.0129660 1.3383842 1.3385814 1.3329998 1.3143523 1.1413612 1.1319122 1.1319122 1.2029924 1.2812326 1.2252476 1.2448990 0.7780623 1.2980770 1.2994280 1.2282563 1.1162096 1.1162096 1.1297186 1.1297186 1.1379789 1.5657514 1.1679896 1.1642112 
Mlig.14811 0.7821388 0.7844647 0.0129660 0.0000000 1.3287487 1.3289500 1.3328454 1.3141992 1.1610417 1.1514717 1.1514717 1.2013632 1.2796396 1.2236241 1.2432883 0.7742553 1.2851001 1.2864197 1.2266364 1.1100903 1.1100903 1.1118435 1.1118435 1.1199204 1.5860488 1.1700988 1.1663083 
Mlig.5755  1.4873528 1.4965889 1.3383842 1.3287487 0.0000000 0.0025839 1.5618228 1.5312113 1.5921226 1.5803961 1.5803961 1.4611099 1.5117871 1.4840164 1.4976491 1.5176651 1.4686092 1.4541300 1.4798067 1.2666276 1.2666276 1.2987267 1.2987267 1.3239804 1.7520583 1.2754859 1.2696916 
Mlig.44763 1.4874886 1.4967211 1.3385814 1.3289500 0.0025839 0.0000000 1.5557033 1.5251723 1.5922146 1.5804927 1.5804927 1.4612572 1.5119125 1.4841531 1.4977800 1.5177887 1.4687526 1.4542793 1.4799455 1.2668569 1.2668569 1.2989428 1.2989428 1.3241860 1.7520948 1.2757101 1.2699181 
Mlig.41406 1.4513642 1.4719296 1.3329998 1.3328454 1.5618228 1.5557033 0.0000000 0.0187019 0.9436391 0.9354390 0.9354390 0.9086093 0.9546070 0.9162290 0.9154846 1.4696279 0.9787636 0.9691164 0.9213103 1.1820785 1.1820785 1.0200407 1.0200407 1.0189625 1.5861838 1.0653037 1.0619069 
Mlig.41407 1.4278736 1.4481207 1.3143523 1.3141992 1.5312113 1.5251723 0.0187019 0.0000000 0.9282841 0.9201961 0.9201961 0.8911398 0.9361856 0.8985701 0.8978339 1.4453442 0.9676055 0.9581114 0.9036515 1.1674740 1.1674740 1.0018649 1.0018649 1.0084933 1.5492434 1.0415767 1.0382815 
Mlig.29458 1.2914301 1.3270857 1.1413612 1.1610417 1.5921226 1.5922146 0.9436391 0.9282841 0.0000000 0.0025596 0.0025596 0.5026486 0.5316210 0.5001788 0.4955715 1.3138203 0.5608664 0.5547649 0.4921880 1.0596046 1.0596046 0.9368580 0.9368580 0.9491401 1.3734316 0.9297550 0.9375638 
Mlig.29457 1.2811351 1.3165595 1.1319122 1.1514717 1.5803961 1.5804927 0.9354390 0.9201961 0.0025596 0.0000000 0.0000010 0.4968924 0.5256361 0.4944342 0.4898497 1.3033792 0.5546707 0.5486114 0.4864739 1.0508381 1.0508381 0.9287806 0.9287806 0.9409809 1.3628857 0.9217591 0.9295237 
Mlig.29459 1.2811351 1.3165595 1.1319122 1.1514717 1.5803961 1.5804927 0.9354390 0.9201961 0.0025596 0.0000010 0.0000000 0.4968924 0.5256361 0.4944342 0.4898497 1.3033792 0.5546707 0.5486114 0.4864739 1.0508381 1.0508381 0.9287806 0.9287806 0.9409809 1.3628857 0.9217591 0.9295237 
Mlig.46675 1.2576223 1.2860575 1.2029924 1.2013632 1.4611099 1.4612572 0.9086093 0.8911398 0.5026486 0.4968924 0.4968924 0.0000000 0.0999703 0.0769476 0.0770739 1.2786264 0.3617560 0.3571438 0.0290224 1.0241569 1.0241569 0.8898971 0.8898971 0.9014177 1.4031868 0.9355763 0.9435846 
Mlig.33007 1.2647761 1.2902732 1.2812326 1.2796396 1.5117871 1.5119125 0.9546070 0.9361856 0.5316210 0.5256361 0.5256361 0.0999703 0.0000000 0.0413073 0.0356908 1.2922066 0.2925849 0.2884309 0.0902851 1.0202876 1.0202876 0.9122724 0.9122724 0.9239816 1.4306113 0.9868217 0.9951763 
Mlig.17534 1.2545294 1.2828996 1.2252476 1.2236241 1.4840164 1.4841531 0.9162290 0.8985701 0.5001788 0.4944342 0.4944342 0.0769476 0.0413073 0.0000000 0.0103659 1.2754886 0.3516020 0.3470624 0.0648702 1.0009318 1.0009318 0.8896573 0.8896573 0.9011208 1.4099649 0.9329284 0.9408833 
Mlig.17535 1.2598794 1.2883616 1.2448990 1.2432883 1.4976491 1.4977800 0.9154846 0.8978339 0.4955715 0.4898497 0.4898497 0.0770739 0.0356908 0.0103659 0.0000000 1.2809163 0.3476543 0.3431382 0.0649759 1.0099491 1.0099491 0.8968423 0.8968423 0.9083910 1.4227127 0.9413877 0.9494075 
Mlig.36613 0.0235359 0.0262052 0.7780623 0.7742553 1.5176651 1.5177887 1.4696279 1.4453442 1.3138203 1.3033792 1.3033792 1.2786264 1.2922066 1.2754886 1.2809163 0.0000000 1.3436960 1.3303974 1.2902802 1.1999138 1.1999138 1.2365715 1.2365715 1.2450075 1.7323190 1.2247308 1.2207551 
Mlig.22201 1.3230284 1.3495123 1.2980770 1.2851001 1.4686092 1.4687526 0.9787636 0.9676055 0.5608664 0.5546707 0.5546707 0.3617560 0.2925849 0.3516020 0.3476543 1.3436960 0.0000000 0.0025862 0.3613351 1.0465881 1.0465881 0.9149129 0.9149129 0.9388680 1.5125418 1.0517952 1.0606753 
Mlig.22202 1.3099618 1.3361375 1.2994280 1.2864197 1.4541300 1.4542793 0.9691164 0.9581114 0.5547649 0.5486114 0.5486114 0.3571438 0.2884309 0.3470624 0.3431382 1.3303974 0.0025862 0.0000000 0.3567174 1.0364215 1.0364215 0.9057911 0.9057911 0.9295173 1.5169130 1.0415319 1.0503248 
Mlig.26036 1.2690822 1.2977951 1.2282563 1.2266364 1.4798067 1.4799455 0.9213103 0.9036515 0.4921880 0.4864739 0.4864739 0.0290224 0.0902851 0.0648702 0.0649759 1.2902802 0.3613351 0.3567174 0.0000000 1.0214663 1.0214663 0.8839317 0.8839317 0.8953789 1.4011456 0.9325537 0.9405522 
Mlig.2553  1.1851181 1.2015207 1.1162096 1.1100903 1.2666276 1.2668569 1.1820785 1.1674740 1.0596046 1.0508381 1.0508381 1.0241569 1.0202876 1.0009318 1.0099491 1.1999138 1.0465881 1.0364215 1.0214663 0.0000000 0.0000010 0.3370772 0.3370772 0.3456649 0.8081335 0.4251001 0.4299852 
Mlig.2554  1.1851181 1.2015207 1.1162096 1.1100903 1.2666276 1.2668569 1.1820785 1.1674740 1.0596046 1.0508381 1.0508381 1.0241569 1.0202876 1.0009318 1.0099491 1.1999138 1.0465881 1.0364215 1.0214663 0.0000010 0.0000000 0.3370772 0.3370772 0.3456649 0.8081335 0.4251001 0.4299852 
Mlig.4070  1.2263039 1.2270514 1.1297186 1.1118435 1.2987267 1.2989428 1.0200407 1.0018649 0.9368580 0.9287806 0.9287806 0.8898971 0.9122724 0.8896573 0.8968423 1.2365715 0.9149129 0.9057911 0.8839317 0.3370772 0.3370772 0.0000000 0.0000010 0.0208603 0.7402350 0.3636838 0.3681939 
Mlig.4071  1.2263039 1.2270514 1.1297186 1.1118435 1.2987267 1.2989428 1.0200407 1.0018649 0.9368580 0.9287806 0.9287806 0.8898971 0.9122724 0.8896573 0.8968423 1.2365715 0.9149129 0.9057911 0.8839317 0.3370772 0.3370772 0.0000010 0.0000000 0.0208603 0.7402350 0.3636838 0.3681939 
Mlig.37064 1.2346546 1.2353945 1.1379789 1.1199204 1.3239804 1.3241860 1.0189625 1.0084933 0.9491401 0.9409809 0.9409809 0.9014177 0.9239816 0.9011208 0.9083910 1.2450075 0.9388680 0.9295173 0.8953789 0.3456649 0.3456649 0.0208603 0.0208603 0.0000000 0.7697357 0.3771309 0.3817481 
Mlig.37034 1.7086608 1.7111410 1.5657514 1.5860488 1.7520583 1.7520948 1.5861838 1.5492434 1.3734316 1.3628857 1.3628857 1.4031868 1.4306113 1.4099649 1.4227127 1.7323190 1.5125418 1.5169130 1.4011456 0.8081335 0.8081335 0.7402350 0.7402350 0.7697357 0.0000000 0.2541689 0.2583696 
Mlig.48753 1.2145244 1.2166251 1.1679896 1.1700988 1.2754859 1.2757101 1.0653037 1.0415767 0.9297550 0.9217591 0.9217591 0.9355763 0.9868217 0.9329284 0.9413877 1.2247308 1.0517952 1.0415319 0.9325537 0.4251001 0.4251001 0.3636838 0.3636838 0.3771309 0.2541689 0.0000000 0.0025266 
Mlig.48754 1.2105909 1.2126879 1.1642112 1.1663083 1.2696916 1.2699181 1.0619069 1.0382815 0.9375638 0.9295237 0.9295237 0.9435846 0.9951763 0.9408833 0.9494075 1.2207551 1.0606753 1.0503248 0.9405522 0.4299852 0.4299852 0.3681939 0.3681939 0.3817481 0.2583696 0.0025266 0.0000000 
