10
Mlig.34057 0.0000000 0.0000010 0.1991004 0.0651376 0.0651376 0.0649158 0.0649158 0.2150020 0.2110802 0.1966030 
Mlig.34058 0.0000010 0.0000000 0.1991004 0.0651376 0.0651376 0.0649158 0.0649158 0.2150020 0.2110802 0.1966030 
Mlig.16094 0.1991004 0.1991004 0.0000000 0.1398306 0.1398306 0.1684853 0.1684853 0.3214453 0.3153018 0.2996591 
Mlig.16092 0.0651376 0.0651376 0.1398306 0.0000000 0.0000010 0.0258028 0.0258028 0.1865764 0.1831510 0.1687165 
Mlig.39366 0.0651376 0.0651376 0.1398306 0.0000010 0.0000000 0.0258028 0.0258028 0.1865764 0.1831510 0.1687165 
Mlig.3212  0.0649158 0.0649158 0.1684853 0.0258028 0.0258028 0.0000000 0.0000010 0.1858609 0.1824613 0.1680840 
Mlig.39779 0.0649158 0.0649158 0.1684853 0.0258028 0.0258028 0.0000010 0.0000000 0.1858609 0.1824613 0.1680840 
Mlig.11157 0.2150020 0.2150020 0.3214453 0.1865764 0.1865764 0.1858609 0.1858609 0.0000000 0.0264854 0.0132160 
Mlig.11156 0.2110802 0.2110802 0.3153018 0.1831510 0.1831510 0.1824613 0.1824613 0.0264854 0.0000000 0.0129820 
Mlig.48223 0.1966030 0.1966030 0.2996591 0.1687165 0.1687165 0.1680840 0.1680840 0.0132160 0.0129820 0.0000000 
