12
Csin.3171  0.0000000 0.1297557 0.1384515 0.1245099 0.0760584 0.0764835 0.2182299 0.1030511 0.1084908 0.0769864 0.0249478 0.0787690 
Csin.820   0.1297557 0.0000000 0.2295879 0.2203688 0.1573603 0.1034171 0.2525046 0.1272133 0.1373861 0.1041269 0.1030552 0.1631780 
Csin.5081  0.1384515 0.2295879 0.0000000 0.2390139 0.1382070 0.1689007 0.3349137 0.1386032 0.2091883 0.1702397 0.1100346 0.1744450 
Csin.725   0.1245099 0.2203688 0.2390139 0.0000000 0.1634064 0.1644017 0.2922576 0.1360657 0.2035956 0.1064790 0.1069973 0.1090098 
Csin.3458  0.0760584 0.1573603 0.1382070 0.1634064 0.0000000 0.1029609 0.2502499 0.1028488 0.1367369 0.1036640 0.0503365 0.1060680 
Csin.2701  0.0764835 0.1034171 0.1689007 0.1644017 0.1029609 0.0000000 0.2518289 0.0770082 0.0812603 0.0511232 0.0506151 0.1066913 
Csin.1319  0.2182299 0.2525046 0.3349137 0.2922576 0.2502499 0.2518289 0.0000000 0.2830079 0.2548339 0.2539710 0.1911711 0.2356242 
Csin.5406  0.1030511 0.1272133 0.1386032 0.1360657 0.1028488 0.0770082 0.2830079 0.0000000 0.1092927 0.0775185 0.0767334 0.1348702 
Csin.10617 0.1084908 0.1373861 0.2091883 0.2035956 0.1367369 0.0812603 0.2548339 0.1092927 0.0000000 0.0818260 0.0809580 0.1419517 
Csin.11001 0.0769864 0.1041269 0.1702397 0.1064790 0.1036640 0.0511232 0.2539710 0.0775185 0.0818260 0.0000000 0.0509367 0.0518911 
Csin.387   0.0249478 0.1030552 0.1100346 0.1069973 0.0503365 0.0506151 0.1911711 0.0767334 0.0809580 0.0509367 0.0000000 0.0521183 
Csin.747   0.0787690 0.1631780 0.1744450 0.1090098 0.1060680 0.1066913 0.2356242 0.1348702 0.1419517 0.0518911 0.0521183 0.0000000 
