8
Mlig.4342  0.0000000 0.0000010 0.8724372 0.8832888 0.8762805 1.0342290 1.0213670 1.0213670 
Mlig.19255 0.0000010 0.0000000 0.8724372 0.8832888 0.8762805 1.0342290 1.0213670 1.0213670 
Mlig.45097 0.8724372 0.8724372 0.0000000 0.0257717 0.0301400 1.0789645 1.0643772 1.0643772 
Mlig.9560  0.8832888 0.8832888 0.0257717 0.0000000 0.0389658 1.0623641 1.0479388 1.0479388 
Mlig.45096 0.8762805 0.8762805 0.0301400 0.0389658 0.0000000 1.0975484 1.0827164 1.0827164 
Mlig.20585 1.0342290 1.0342290 1.0789645 1.0623641 1.0975484 0.0000000 0.0085164 0.0085164 
Mlig.46064 1.0213670 1.0213670 1.0643772 1.0479388 1.0827164 0.0085164 0.0000000 0.0000010 
Mlig.7948  1.0213670 1.0213670 1.0643772 1.0479388 1.0827164 0.0085164 0.0000010 0.0000000 
