10
Mlig.16855 0.0000000 0.0034662 0.7100383 0.7165466 1.0497582 1.0529696 1.0529696 1.3007757 1.3103713 1.3111763 
Mlig.16856 0.0034662 0.0000000 0.7070025 0.7134823 1.0528250 1.0560338 1.0560338 1.2829672 1.2923885 1.2932156 
Mlig.17963 0.7100383 0.7070025 0.0000000 0.0034413 0.6961338 0.6882075 0.6882075 1.2334454 1.2482547 1.2521202 
Mlig.17964 0.7165466 0.7134823 0.0034413 0.0000000 0.7025504 0.6946065 0.6946065 1.2363681 1.2512199 1.2550839 
Mlig.30202 1.0497582 1.0528250 0.6961338 0.7025504 0.0000000 0.0176214 0.0176214 1.3587329 1.3317285 1.3595588 
Mlig.30203 1.0529696 1.0560338 0.6882075 0.6946065 0.0176214 0.0000000 0.0000010 1.3676406 1.3318987 1.3597976 
Mlig.30204 1.0529696 1.0560338 0.6882075 0.6946065 0.0176214 0.0000010 0.0000000 1.3676406 1.3318987 1.3597976 
Mlig.17708 1.3007757 1.2829672 1.2334454 1.2363681 1.3587329 1.3676406 1.3676406 0.0000000 0.0211680 0.0139980 
Mlig.17707 1.3103713 1.2923885 1.2482547 1.2512199 1.3317285 1.3318987 1.3318987 0.0211680 0.0000000 0.0140602 
Mlig.17709 1.3111763 1.2932156 1.2521202 1.2550839 1.3595588 1.3597976 1.3597976 0.0139980 0.0140602 0.0000000 
