7
Mlig.33097 0.0000000 0.0037517 0.0037517 0.0037517 0.4348051 0.4352199 0.4292687 
Mlig.33098 0.0037517 0.0000000 0.0000010 0.0000010 0.4344053 0.4348195 0.4288715 
Mlig.33099 0.0037517 0.0000010 0.0000000 0.0000010 0.4344053 0.4348195 0.4288715 
Mlig.33100 0.0037517 0.0000010 0.0000010 0.0000000 0.4344053 0.4348195 0.4288715 
Mlig.1984  0.4348051 0.4344053 0.4344053 0.4344053 0.0000000 0.0191452 0.0114364 
Mlig.1983  0.4352199 0.4348195 0.4348195 0.4348195 0.0191452 0.0000000 0.0076331 
Mlig.1985  0.4292687 0.4288715 0.4288715 0.4288715 0.0114364 0.0076331 0.0000000 
