9
Smed.1003  0.0000000 0.0786186 0.0581752 0.0993002 0.0783266 0.4050584 0.2290937 0.1777761 0.2491115 
Smed.18215 0.0786186 0.0000000 0.0191998 0.0589787 0.0208511 0.4094985 0.2313799 0.1794655 0.2515927 
Smed.21291 0.0581752 0.0191998 0.0000000 0.0388022 0.0191357 0.3794076 0.2059335 0.1556657 0.2259899 
Smed.10186 0.0993002 0.0589787 0.0388022 0.0000000 0.0587656 0.4373718 0.2561793 0.2029310 0.2763941 
Smed.18453 0.0783266 0.0208511 0.0191357 0.0587656 0.0000000 0.4069238 0.2302201 0.1786449 0.2503135 
Smed.18233 0.4050584 0.4094985 0.3794076 0.4373718 0.4069238 0.0000000 0.3803395 0.3186355 0.2600287 
Smed.12869 0.2290937 0.2313799 0.2059335 0.2561793 0.2302201 0.3803395 0.0000000 0.0822515 0.2223305 
Smed.12954 0.1777761 0.1794655 0.1556657 0.2029310 0.1786449 0.3186355 0.0822515 0.0000000 0.1701718 
Smed.13927 0.2491115 0.2515927 0.2259899 0.2763941 0.2503135 0.2600287 0.2223305 0.1701718 0.0000000 
