7
Mlig.43189 0.0000000 0.0000010 1.0441670 1.0441670 1.4265732 1.3920332 1.3920332 
Mlig.43190 0.0000010 0.0000000 1.0441670 1.0441670 1.4265732 1.3920332 1.3920332 
Mlig.26703 1.0441670 1.0441670 0.0000000 0.0000010 1.1579484 1.1408007 1.1408007 
Mlig.28233 1.0441670 1.0441670 0.0000010 0.0000000 1.1579484 1.1408007 1.1408007 
Mlig.15105 1.4265732 1.4265732 1.1579484 1.1579484 0.0000000 0.0186360 0.0186360 
Mlig.37854 1.3920332 1.3920332 1.1408007 1.1408007 0.0186360 0.0000000 0.0000010 
Mlig.37855 1.3920332 1.3920332 1.1408007 1.1408007 0.0186360 0.0000010 0.0000000 
