7
Scur.141   0.0000000 0.0184961 0.0217276 0.0284253 0.0174121 0.0206803 0.0206878 
Scur.4894  0.0184961 0.0000000 0.0086374 0.0119031 0.0032335 0.0064681 0.0086397 
Scur.8474  0.0217276 0.0086374 0.0000000 0.0184430 0.0075586 0.0108010 0.0129840 
Scur.3598  0.0284253 0.0119031 0.0184430 0.0000000 0.0129968 0.0162492 0.0184478 
Scur.8323  0.0174121 0.0032335 0.0075586 0.0129968 0.0000000 0.0053913 0.0075606 
Scur.3805  0.0206803 0.0064681 0.0108010 0.0162492 0.0053913 0.0000000 0.0086383 
Scur.3830  0.0206878 0.0086397 0.0129840 0.0184478 0.0075606 0.0086383 0.0000000 
