6
Mlig.5385  0.0000000 0.0089044 0.0029587 1.0701915 1.0199235 1.0252012 
Mlig.5386  0.0089044 0.0000000 0.0118848 1.0717329 1.0175980 1.0228772 
Mlig.36909 0.0029587 0.0118848 0.0000000 1.0719259 1.0216238 1.0269017 
Mlig.29630 1.0701915 1.0717329 1.0719259 0.0000000 0.0651666 0.0651826 
Mlig.11197 1.0199235 1.0175980 1.0216238 0.0651666 0.0000000 0.0058901 
Mlig.34406 1.0252012 1.0228772 1.0269017 0.0651826 0.0058901 0.0000000 
