8
Mlig.28566 0.0000000 0.0107319 0.0107319 0.5798327 0.5794550 0.5836460 0.1575573 0.0017750 
Mlig.23538 0.0107319 0.0000000 0.0000010 0.5808410 0.5804615 0.5846607 0.1575592 0.0125424 
Mlig.23539 0.0107319 0.0000010 0.0000000 0.5808410 0.5804615 0.5846607 0.1575592 0.0125424 
Mlig.28468 0.5798327 0.5808410 0.5808410 0.0000000 0.0072349 0.0146020 0.6293372 0.5839926 
Mlig.12585 0.5794550 0.5804615 0.5804615 0.0072349 0.0000000 0.0071900 0.6309032 0.5836094 
Mlig.47491 0.5836460 0.5846607 0.5846607 0.0146020 0.0071900 0.0000000 0.6353118 0.5878180 
Mlig.19500 0.1575573 0.1575592 0.1575592 0.6293372 0.6309032 0.6353118 0.0000000 0.1600148 
Mlig.48667 0.0017750 0.0125424 0.0125424 0.5839926 0.5836094 0.5878180 0.1600148 0.0000000 
