6
Mlig.46849 0.0000000 0.0255384 0.0235497 0.8476829 0.8055530 0.8265092 
Mlig.28005 0.0255384 0.0000000 0.0019250 0.8775631 0.8284577 0.8388722 
Mlig.28006 0.0235497 0.0019250 0.0000000 0.8738373 0.8248898 0.8352766 
Mlig.7386  0.8476829 0.8775631 0.8738373 0.0000000 0.2546150 0.2403970 
Mlig.13282 0.8055530 0.8284577 0.8248898 0.2546150 0.0000000 0.0273450 
Mlig.36219 0.8265092 0.8388722 0.8352766 0.2403970 0.0273450 0.0000000 
