8
Mlig.19293 0.0000000 0.8670047 0.8682801 0.8682568 0.0732669 0.1583305 0.1554176 0.1584147 
Mlig.17471 0.8670047 0.0000000 0.0218986 0.0218842 0.8316644 0.6829770 0.6779796 0.6781222 
Mlig.17470 0.8682801 0.0218986 0.0000000 0.0048107 0.8328826 0.6836331 0.6786306 0.6787735 
Mlig.17472 0.8682568 0.0218842 0.0048107 0.0000000 0.8328626 0.6836241 0.6786219 0.6787648 
Mlig.19294 0.0732669 0.8316644 0.8328826 0.8328626 0.0000000 0.1227673 0.1199832 0.1228335 
Mlig.19296 0.1583305 0.6829770 0.6836331 0.6836241 0.1227673 0.0000000 0.0023765 0.0047617 
Mlig.19295 0.1554176 0.6779796 0.6786306 0.6786219 0.1199832 0.0023765 0.0000000 0.0023778 
Mlig.19297 0.1584147 0.6781222 0.6787735 0.6787648 0.1228335 0.0047617 0.0023778 0.0000000 
