7
Smed.28064 0.0000000 0.3201860 0.2536073 1.0149586 1.0358751 0.8566217 0.8265865 
Smed.25734 0.3201860 0.0000000 0.3076002 0.9221601 0.9419610 0.8261209 0.7858592 
Smed.28534 0.2536073 0.3076002 0.0000000 1.0129426 1.0337993 0.8887717 0.8352076 
Smed.18414 1.0149586 0.9221601 1.0129426 0.0000000 0.0101775 0.3973830 0.3645110 
Smed.19199 1.0358751 0.9419610 1.0337993 0.0101775 0.0000000 0.4105622 0.3778847 
Smed.9361  0.8566217 0.8261209 0.8887717 0.3973830 0.4105622 0.0000000 0.2186203 
Smed.25119 0.8265865 0.7858592 0.8352076 0.3645110 0.3778847 0.2186203 0.0000000 
