6
Mlig.9337  0.0000000 0.0035585 0.0107360 1.1269961 1.1269961 1.1269961 
Mlig.9335  0.0035585 0.0000000 0.0071379 1.1334924 1.1334924 1.1334924 
Mlig.9336  0.0107360 0.0071379 0.0000000 1.1367317 1.1367317 1.1367317 
Mlig.20967 1.1269961 1.1334924 1.1367317 0.0000000 0.0000010 0.0000010 
Mlig.8528  1.1269961 1.1334924 1.1367317 0.0000010 0.0000000 0.0000010 
Mlig.46118 1.1269961 1.1334924 1.1367317 0.0000010 0.0000010 0.0000000 
