6
Mlig.4495  0.0000000 0.0144890 0.0071864 1.0974756 1.1443559 1.1443330 
Mlig.4494  0.0144890 0.0000000 0.0072202 1.1366875 1.1830885 1.1836526 
Mlig.4496  0.0071864 0.0072202 0.0000000 1.1101475 1.1564752 1.1566351 
Mlig.14436 1.0974756 1.1366875 1.1101475 0.0000000 0.1069179 0.1150182 
Mlig.2803  1.1443559 1.1830885 1.1564752 0.1069179 0.0000000 0.0147111 
Mlig.2804  1.1443330 1.1836526 1.1566351 0.1150182 0.0147111 0.0000000 
