7
Smed.26515 0.0000000 0.0533454 0.0936781 0.1796951 0.0605287 0.2101832 0.5197128 
Smed.27901 0.0533454 0.0000000 0.1084504 0.1499470 0.0618215 0.2016582 0.5188282 
Smed.12676 0.0936781 0.1084504 0.0000000 0.2497186 0.0958046 0.1642774 0.4858793 
Smed.27018 0.1796951 0.1499470 0.2497186 0.0000000 0.1648206 0.3766121 0.7326864 
Smed.28310 0.0605287 0.0618215 0.0958046 0.1648206 0.0000000 0.2048488 0.5199822 
Smed.13225 0.2101832 0.2016582 0.1642774 0.3766121 0.2048488 0.0000000 0.6189774 
Smed.28290 0.5197128 0.5188282 0.4858793 0.7326864 0.5199822 0.6189774 0.0000000 
