6
Smed.25492 0.0000000 0.0331145 0.0331218 0.0331581 0.1685124 0.1843639 
Smed.27358 0.0331145 0.0000000 0.0187461 0.0093533 0.1550889 0.1731027 
Smed.25491 0.0331218 0.0187461 0.0000000 0.0187707 0.1446298 0.1623987 
Smed.26400 0.0331581 0.0093533 0.0187707 0.0000000 0.1500316 0.1678404 
Smed.3536  0.1685124 0.1550889 0.1446298 0.1500316 0.0000000 0.0480375 
Smed.3538  0.1843639 0.1731027 0.1623987 0.1678404 0.0480375 0.0000000 
