6
Mlig.2197  0.0000000 0.7367900 0.7367900 0.7367900 0.0025264 0.0050575 
Mlig.42380 0.7367900 0.0000000 0.0000010 0.0000010 0.7366603 0.7435074 
Mlig.42381 0.7367900 0.0000010 0.0000000 0.0000010 0.7366603 0.7435074 
Mlig.47302 0.7367900 0.0000010 0.0000010 0.0000000 0.7366603 0.7435074 
Mlig.2195  0.0025264 0.7366603 0.7366603 0.7366603 0.0000000 0.0075904 
Mlig.2196  0.0050575 0.7435074 0.7435074 0.7435074 0.0075904 0.0000000 
