8
Mlig.31456 0.0000000 0.0000010 0.5051157 0.5016015 0.8030861 1.1528507 1.1528507 1.1524513 
Mlig.12679 0.0000010 0.0000000 0.5051157 0.5016015 0.8030861 1.1528507 1.1528507 1.1524513 
Mlig.12440 0.5051157 0.5051157 0.0000000 0.0044545 0.7254736 1.0910454 1.0910454 1.0906045 
Mlig.35984 0.5016015 0.5016015 0.0044545 0.0000000 0.7144515 1.0914855 1.0914855 1.0910454 
Mlig.29082 0.8030861 0.8030861 0.7254736 0.7144515 0.0000000 1.0352021 1.0352021 1.0347105 
Mlig.3339  1.1528507 1.1528507 1.0910454 1.0914855 1.0352021 0.0000000 0.0000010 0.0043749 
Mlig.3340  1.1528507 1.1528507 1.0910454 1.0914855 1.0352021 0.0000010 0.0000000 0.0043749 
Mlig.40270 1.1524513 1.1524513 1.0906045 1.0910454 1.0347105 0.0043749 0.0043749 0.0000000 
