7
Mcor.4772  0.0000000 0.3935212 0.4122557 0.6239012 0.4631788 0.5718684 0.5082871 
Mcor.9611  0.3935212 0.0000000 0.1078846 0.5737460 0.3739048 0.5502566 0.5309645 
Mcor.11563 0.4122557 0.1078846 0.0000000 0.5931478 0.3650587 0.5611207 0.5385331 
Mcor.11275 0.6239012 0.5737460 0.5931478 0.0000000 0.6037716 0.3833036 0.3614703 
Mcor.6334  0.4631788 0.3739048 0.3650587 0.6037716 0.0000000 0.5567401 0.5316697 
Mcor.10422 0.5718684 0.5502566 0.5611207 0.3833036 0.5567401 0.0000000 0.1877214 
Mcor.12966 0.5082871 0.5309645 0.5385331 0.3614703 0.5316697 0.1877214 0.0000000 
