6
Mlig.33418 0.0000000 0.0222547 0.0286832 1.3167846 1.3059093 1.3139313 
Mlig.16785 0.0222547 0.0000000 0.0254952 1.2996057 1.2890541 1.2971266 
Mlig.38695 0.0286832 0.0254952 0.0000000 1.3395133 1.3281543 1.3361317 
Mlig.10838 1.3167846 1.2996057 1.3395133 0.0000000 0.0061890 0.0313762 
Mlig.10836 1.3059093 1.2890541 1.3281543 0.0061890 0.0000000 0.0313762 
Mlig.10837 1.3139313 1.2971266 1.3361317 0.0313762 0.0313762 0.0000000 
