6
Mlig.23249 0.0000000 0.0236045 0.0236045 0.3552274 0.3625744 0.3625744 
Mlig.23247 0.0236045 0.0000000 0.0000010 0.3296540 0.3367970 0.3367970 
Mlig.23248 0.0236045 0.0000010 0.0000000 0.3296540 0.3367970 0.3367970 
Mlig.44068 0.3552274 0.3296540 0.3296540 0.0000000 0.0057726 0.0057726 
Mlig.44069 0.3625744 0.3367970 0.3367970 0.0057726 0.0000000 0.0000010 
Mlig.44070 0.3625744 0.3367970 0.3367970 0.0057726 0.0000010 0.0000000 
