8
Mlig.36852 0.0000000 1.0030962 0.9991480 1.0172876 0.0075017 0.7282146 0.7447344 0.7359342 
Mlig.33605 1.0030962 0.0000000 0.0093085 0.0112443 0.9943175 0.9125473 0.9330205 0.9193224 
Mlig.33606 0.9991480 0.0093085 0.0000000 0.0093463 0.9903701 0.8997569 0.9199534 0.9064673 
Mlig.33607 1.0172876 0.0112443 0.0093463 0.0000000 1.0084136 0.9228551 0.9435355 0.9296771 
Mlig.36853 0.0075017 0.9943175 0.9903701 1.0084136 0.0000000 0.7239783 0.7404452 0.7316845 
Mlig.28749 0.7282146 0.9125473 0.8997569 0.9228551 0.7239783 0.0000000 0.0129919 0.0129485 
Mlig.28750 0.7447344 0.9330205 0.9199534 0.9435355 0.7404452 0.0129919 0.0000000 0.0110832 
Mlig.28751 0.7359342 0.9193224 0.9064673 0.9296771 0.7316845 0.0129485 0.0110832 0.0000000 
