6
Mlig.18915 0.0000000 0.0064833 0.0097386 0.1450969 0.1486478 0.1486478 
Mlig.18917 0.0064833 0.0000000 0.0032417 0.1380202 0.1415604 0.1415604 
Mlig.18916 0.0097386 0.0032417 0.0000000 0.1416814 0.1452313 0.1452313 
Mlig.46212 0.1450969 0.1380202 0.1416814 0.0000000 0.0032013 0.0032013 
Mlig.46213 0.1486478 0.1415604 0.1452313 0.0032013 0.0000000 0.0000010 
Mlig.46214 0.1486478 0.1415604 0.1452313 0.0032013 0.0000010 0.0000000 
