8
Smed.21637 0.0000000 0.0313587 0.0208116 0.0208116 0.0936613 0.0644551 0.0260442 0.0104130 
Smed.6274  0.0313587 0.0000000 0.0103523 0.0103523 0.0906232 0.0779609 0.0051670 0.0421182 
Smed.2137  0.0208116 0.0103523 0.0000000 0.0000010 0.0791456 0.0666575 0.0051586 0.0314453 
Smed.2145  0.0208116 0.0103523 0.0000010 0.0000000 0.0791456 0.0666575 0.0051586 0.0314453 
Smed.19603 0.0936613 0.0906232 0.0791456 0.0791456 0.0000000 0.0589321 0.0847772 0.1053978 
Smed.21079 0.0644551 0.0779609 0.0666575 0.0666575 0.0589321 0.0000000 0.0722154 0.0757570 
Smed.6277  0.0260442 0.0051670 0.0051586 0.0051586 0.0847772 0.0722154 0.0000000 0.0367280 
Smed.15804 0.0104130 0.0421182 0.0314453 0.0314453 0.1053978 0.0757570 0.0367280 0.0000000 
