14
Smed.27190 0.0000000 0.1669297 0.0795888 0.1572874 0.0812547 0.0000010 0.1001558 0.0769066 0.0808950 0.2625383 0.0800878 0.1586014 0.0808950 0.0881691 
Smed.8854  0.1669297 0.0000000 0.2634812 0.3139221 0.2694539 0.1669297 0.3131133 0.2532645 0.2683436 0.3571812 0.2656447 0.3525065 0.2683436 0.1822433 
Smed.27554 0.0795888 0.2634812 0.0000000 0.2483544 0.1707337 0.0795888 0.2032420 0.1610382 0.1700138 0.3703924 0.1196338 0.2508089 0.1700138 0.1844083 
Smed.28511 0.1572874 0.3139221 0.2483544 0.0000000 0.2537211 0.1572874 0.2939782 0.2392024 0.2527182 0.4612786 0.2502700 0.1540317 0.2527182 0.1905228 
Smed.3624  0.0812547 0.2694539 0.1707337 0.2537211 0.0000000 0.0812547 0.2082693 0.1644228 0.1737950 0.3321496 0.1719904 0.2562988 0.1737950 0.1887860 
Smed.21171 0.0000010 0.1669297 0.0795888 0.1572874 0.0812547 0.0000000 0.1001558 0.0769066 0.0808950 0.2625383 0.0800878 0.1586014 0.0808950 0.0881691 
Smed.13254 0.1001558 0.3131133 0.2032420 0.2939782 0.2082693 0.1001558 0.0000000 0.1948522 0.2073044 0.3541697 0.2049548 0.2973681 0.2073044 0.2264864 
Smed.19388 0.0769066 0.2532645 0.1610382 0.2392024 0.1644228 0.0769066 0.1948522 0.0000000 0.1637521 0.3548236 0.1621442 0.2414479 0.1637521 0.1771448 
Smed.11264 0.0808950 0.2683436 0.1700138 0.2527182 0.1737950 0.0808950 0.2073044 0.1637521 0.0000000 0.3775391 0.1712599 0.2552737 0.0000010 0.1879341 
Smed.21021 0.2625383 0.3571812 0.3703924 0.4612786 0.3321496 0.2625383 0.3541697 0.3548236 0.3775391 0.0000000 0.3739267 0.4677189 0.3775391 0.4067128 
Smed.16729 0.0800878 0.2656447 0.1196338 0.2502700 0.1719904 0.0800878 0.2049548 0.1621442 0.1712599 0.3739267 0.0000000 0.2527728 0.1712599 0.1858715 
Smed.26263 0.1586014 0.3525065 0.2508089 0.1540317 0.2562988 0.1586014 0.2973681 0.2414479 0.2552737 0.4677189 0.2527728 0.0000000 0.2552737 0.2752111 
Smed.11925 0.0808950 0.2683436 0.1700138 0.2527182 0.1737950 0.0808950 0.2073044 0.1637521 0.0000010 0.3775391 0.1712599 0.2552737 0.0000000 0.1879341 
Smed.21414 0.0881691 0.1822433 0.1844083 0.1905228 0.1887860 0.0881691 0.2264864 0.1771448 0.1879341 0.4067128 0.1858715 0.2752111 0.1879341 0.0000000 
