9
Mlig.688   0.0000000 0.0082383 0.9770600 0.9840282 0.9784806 0.9873466 0.9863574 1.0204436 1.0195909 
Mlig.689   0.0082383 0.0000000 0.9820563 0.9890286 0.9834653 0.9839451 0.9829649 1.0192321 1.0218814 
Mlig.40256 0.9770600 0.9820563 0.0000000 0.0033071 0.0049659 0.6837812 0.6799551 0.9635394 0.9582891 
Mlig.40258 0.9840282 0.9890286 0.0033071 0.0000000 0.0049659 0.6869778 0.6831441 0.9641100 0.9588708 
Mlig.40257 0.9784806 0.9834653 0.0049659 0.0049659 0.0000000 0.6808950 0.6770820 0.9621532 0.9569385 
Mlig.12532 0.9873466 0.9839451 0.6837812 0.6869778 0.6808950 0.0000000 0.0049775 0.8864377 0.8854018 
Mlig.19709 0.9863574 0.9829649 0.6799551 0.6831441 0.6770820 0.0049775 0.0000000 0.8865804 0.8855428 
Mlig.27325 1.0204436 1.0192321 0.9635394 0.9641100 0.9621532 0.8864377 0.8865804 0.0000000 0.0016675 
Mlig.28169 1.0195909 1.0218814 0.9582891 0.9588708 0.9569385 0.8854018 0.8855428 0.0016675 0.0000000 
