7
Mlig.23923 0.0000000 0.0873165 0.0243285 0.0243272 0.0147936 0.0311753 0.0229622 
Mlig.23918 0.0873165 0.0000000 0.0651823 0.0637312 0.0750351 0.0823754 0.0623075 
Mlig.23920 0.0243285 0.0651823 0.0000000 0.0053267 0.0146989 0.0174001 0.0039928 
Mlig.23921 0.0243272 0.0637312 0.0053267 0.0000000 0.0146982 0.0200997 0.0013294 
Mlig.23922 0.0147936 0.0750351 0.0146989 0.0146982 0.0000000 0.0214415 0.0133541 
Mlig.23919 0.0311753 0.0823754 0.0174001 0.0200997 0.0214415 0.0000000 0.0187487 
Mlig.23924 0.0229622 0.0623075 0.0039928 0.0013294 0.0133541 0.0187487 0.0000000 
