9
Mlig.23894 0.0000000 0.1938168 0.1802201 0.1830989 0.1830989 0.0096549 0.0120861 0.1965916 0.1938168 
Mlig.23826 0.1938168 0.0000000 0.1373266 0.1346413 0.1346413 0.1962400 0.1992764 0.0023979 0.0000010 
Mlig.27493 0.1802201 0.1373266 0.0000000 0.0023924 0.0023924 0.1858756 0.1888522 0.1399637 0.1373266 
Mlig.27494 0.1830989 0.1346413 0.0023924 0.0000000 0.0000010 0.1887664 0.1917519 0.1372766 0.1346413 
Mlig.27495 0.1830989 0.1346413 0.0023924 0.0000010 0.0000000 0.1887664 0.1917519 0.1372766 0.1346413 
Mlig.23892 0.0096549 0.1962400 0.1858756 0.1887664 0.1887664 0.0000000 0.0024079 0.1990141 0.1962400 
Mlig.23893 0.0120861 0.1992764 0.1888522 0.1917519 0.1917519 0.0024079 0.0000000 0.2020580 0.1992764 
Mlig.7674  0.1965916 0.0023979 0.1399637 0.1372766 0.1372766 0.1990141 0.2020580 0.0000000 0.0023979 
Mlig.41862 0.1938168 0.0000010 0.1373266 0.1346413 0.1346413 0.1962400 0.1992764 0.0023979 0.0000000 
