6
Mlig.41608 0.0000000 0.0139514 0.0159492 0.4012279 0.4024492 0.4025813 
Mlig.22014 0.0139514 0.0000000 0.0099199 0.3960330 0.3972363 0.3973656 
Mlig.32352 0.0159492 0.0099199 0.0000000 0.3866594 0.3878344 0.3879593 
Mlig.41811 0.4012279 0.3960330 0.3866594 0.0000000 0.0019795 0.0059454 
Mlig.41814 0.4024492 0.3972363 0.3878344 0.0019795 0.0000000 0.0039626 
Mlig.41813 0.4025813 0.3973656 0.3879593 0.0059454 0.0039626 0.0000000 
