6
Mlig.42268 0.0000000 0.0034948 0.0034948 0.7475536 0.7453494 0.7453274 
Mlig.42269 0.0034948 0.0000000 0.0000010 0.7522909 0.7500726 0.7500509 
Mlig.42270 0.0034948 0.0000010 0.0000000 0.7522909 0.7500726 0.7500509 
Mlig.28958 0.7475536 0.7522909 0.7522909 0.0000000 0.0084749 0.0016869 
Mlig.28956 0.7453494 0.7500726 0.7500726 0.0084749 0.0000000 0.0067761 
Mlig.28957 0.7453274 0.7500509 0.7500509 0.0016869 0.0067761 0.0000000 
