6
Smat.165   0.0000000 0.0018529 0.0000010 0.0037050 0.0092972 0.0055594 
Smat.826   0.0018529 0.0000000 0.0018529 0.0055635 0.0092896 0.0074219 
Smat.6903  0.0000010 0.0018529 0.0000000 0.0037050 0.0092972 0.0055594 
Smat.7047  0.0037050 0.0055635 0.0037050 0.0000000 0.0055706 0.0018511 
Smat.10731 0.0092972 0.0092896 0.0092972 0.0055706 0.0000000 0.0037093 
Smat.10732 0.0055594 0.0074219 0.0055594 0.0018511 0.0037093 0.0000000 
