8
Treg.6186  0.0000000 0.0390005 0.0000010 0.2946998 0.4931784 0.4553904 0.4391446 0.4391446 
Treg.10202 0.0390005 0.0000000 0.0390005 0.2969049 0.4996020 0.4607396 0.4442547 0.4442547 
Treg.8316  0.0000010 0.0390005 0.0000000 0.2946998 0.4931784 0.4553904 0.4391446 0.4391446 
Treg.6541  0.2946998 0.2969049 0.2946998 0.0000000 0.3532328 0.2133948 0.2977488 0.2977488 
Treg.1422  0.4931784 0.4996020 0.4931784 0.3532328 0.0000000 0.1185277 0.0384454 0.0384454 
Treg.2189  0.4553904 0.4607396 0.4553904 0.2133948 0.1185277 0.0000000 0.0774414 0.0774414 
Treg.6265  0.4391446 0.4442547 0.4391446 0.2977488 0.0384454 0.0774414 0.0000000 0.0000010 
Treg.12968 0.4391446 0.4442547 0.4391446 0.2977488 0.0384454 0.0774414 0.0000010 0.0000000 
