16
Hdim.5766  0.0000000 0.7675181 1.0202157 0.7370685 2.1938497 0.4949000 1.3997146 1.3997146 0.9850198 0.6862412 0.9728990 1.7714626 0.8021946 0.4198481 0.4198481 0.7806253 
Hdim.6558  0.7675181 0.0000000 0.8195853 0.8812403 1.7577178 0.6377519 1.2940740 1.2940740 0.8884305 0.8358245 1.1758445 1.2931369 1.1585675 0.4422498 0.4422498 0.8173962 
Hdim.14472 1.0202157 0.8195853 0.0000000 0.7671951 1.6161737 0.6805913 1.3078548 1.3078548 0.9847801 0.7013799 0.8162900 1.7469549 1.3821210 0.4737413 0.4737413 0.9560917 
Hdim.314   0.7370685 0.8812403 0.7671951 0.0000000 1.5275055 0.4909492 1.5176423 1.5176423 0.8464311 0.5600231 0.9179347 1.4993812 1.1835314 0.4807437 0.4807437 0.7405191 
Hdim.10460 2.1938497 1.7577178 1.6161737 1.5275055 0.0000000 1.0759788 1.6833993 1.6833993 1.5766103 1.2156219 1.4857923 0.5365785 2.5338524 1.3167486 1.3167486 1.1438390 
Hdim.13085 0.4949000 0.6377519 0.6805913 0.4909492 1.0759788 0.0000000 1.0314553 1.0314553 0.6625716 0.4622347 0.6466639 1.0154331 1.0102661 0.3084063 0.3084063 0.5649435 
Hdim.5131  1.3997146 1.2940740 1.3078548 1.5176423 1.6833993 1.0314553 0.0000000 0.0000010 1.7577723 1.2393538 1.9813055 1.4882671 2.1085514 1.2646391 1.2646391 1.4906431 
Hdim.5153  1.3997146 1.2940740 1.3078548 1.5176423 1.6833993 1.0314553 0.0000010 0.0000000 1.7577723 1.2393538 1.9813055 1.4882671 2.1085514 1.2646391 1.2646391 1.4906431 
Hdim.5239  0.9850198 0.8884305 0.9847801 0.8464311 1.5766103 0.6625716 1.7577723 1.7577723 0.0000000 0.7275487 1.0125671 1.3874363 0.9196886 0.6017058 0.6017058 0.8698683 
Hdim.11703 0.6862412 0.8358245 0.7013799 0.5600231 1.2156219 0.4622347 1.2393538 1.2393538 0.7275487 0.0000000 0.5367196 1.3469921 0.7981064 0.4165791 0.4165791 0.4666203 
Hdim.2566  0.9728990 1.1758445 0.8162900 0.9179347 1.4857923 0.6466639 1.9813055 1.9813055 1.0125671 0.5367196 0.0000000 1.5585580 1.4995696 0.5639989 0.5639989 0.7543141 
Hdim.10046 1.7714626 1.2931369 1.7469549 1.4993812 0.5365785 1.0154331 1.4882671 1.4882671 1.3874363 1.3469921 1.5585580 0.0000000 1.9634035 1.1352120 1.1352120 1.0438217 
Hdim.2280  0.8021946 1.1585675 1.3821210 1.1835314 2.5338524 1.0102661 2.1085514 2.1085514 0.9196886 0.7981064 1.4995696 1.9634035 0.0000000 0.8423652 0.8423652 1.0260351 
Hdim.9152  0.4198481 0.4422498 0.4737413 0.4807437 1.3167486 0.3084063 1.2646391 1.2646391 0.6017058 0.4165791 0.5639989 1.1352120 0.8423652 0.0000000 0.0000010 0.4897837 
Hdim.9155  0.4198481 0.4422498 0.4737413 0.4807437 1.3167486 0.3084063 1.2646391 1.2646391 0.6017058 0.4165791 0.5639989 1.1352120 0.8423652 0.0000010 0.0000000 0.4897837 
Hdim.12345 0.7806253 0.8173962 0.9560917 0.7405191 1.1438390 0.5649435 1.4906431 1.4906431 0.8698683 0.4666203 0.7543141 1.0438217 1.0260351 0.4897837 0.4897837 0.0000000 
