11
Mlig.26052 0.0000000 0.0096037 0.0134944 0.8605416 1.2220567 1.2734570 1.2270981 0.9350152 0.8779775 0.8697313 0.8737535 
Mlig.467   0.0096037 0.0000000 0.0096209 0.8671094 1.2138503 1.2648872 1.2188579 0.9362948 0.8790941 0.8708265 0.8748593 
Mlig.26051 0.0134944 0.0096209 0.0000000 0.8727215 1.2159961 1.2670880 1.2210085 0.9393064 0.8819296 0.8736442 0.8776857 
Mlig.4742  0.8605416 0.8671094 0.8727215 0.0000000 1.2299087 1.2814678 1.2252284 0.6583400 0.6147925 0.6151339 0.6112765 
Mlig.6861  1.2220567 1.2138503 1.2159961 1.2299087 0.0000000 0.0218170 0.0097618 1.0924991 1.0265240 1.0173240 1.0218221 
Mlig.39151 1.2734570 1.2648872 1.2670880 1.2814678 0.0218170 0.0000000 0.0158117 1.1229571 1.0551683 1.0457731 1.0503692 
Mlig.39153 1.2270981 1.2188579 1.2210085 1.2252284 0.0097618 0.0158117 0.0000000 1.0865784 1.0208908 1.0117206 1.0162036 
Mlig.39393 0.9350152 0.9362948 0.9393064 0.6583400 1.0924991 1.1229571 1.0865784 0.0000000 0.0196190 0.0196258 0.0176419 
Mlig.39394 0.8779775 0.8790941 0.8819296 0.6147925 1.0265240 1.0551683 1.0208908 0.0196190 0.0000000 0.0038254 0.0019094 
Mlig.39392 0.8697313 0.8708265 0.8736442 0.6151339 1.0173240 1.0457731 1.0117206 0.0196258 0.0038254 0.0000000 0.0019101 
Mlig.39395 0.8737535 0.8748593 0.8776857 0.6112765 1.0218221 1.0503692 1.0162036 0.0176419 0.0019094 0.0019101 0.0000000 
