12
Smed.9694  0.0000000 0.0087252 0.0845915 0.0535224 0.0530583 0.0440401 0.0535224 0.0533707 0.0817614 0.0354349 0.0841295 0.0723731 
Smed.27509 0.0087252 0.0000000 0.0744772 0.0441570 0.0437781 0.0348839 0.0441570 0.0440320 0.0719436 0.0263099 0.0740414 0.0626841 
Smed.10676 0.0845915 0.0744772 0.0000000 0.0914801 0.0906648 0.0812690 0.0914801 0.0912236 0.1211857 0.0726727 0.1245788 0.1114199 
Smed.2695  0.0535224 0.0441570 0.0914801 0.0000000 0.0531051 0.0440790 0.0000010 0.0534180 0.0818343 0.0354665 0.0842062 0.0724378 
Smed.19896 0.0530583 0.0437781 0.0906648 0.0531051 0.0000000 0.0437014 0.0531051 0.0351010 0.0627194 0.0351611 0.0645715 0.0717999 
Smed.365   0.0440401 0.0348839 0.0812690 0.0440790 0.0437014 0.0000000 0.0440790 0.0439544 0.0718089 0.0262649 0.0738988 0.0625687 
Smed.9180  0.0535224 0.0441570 0.0914801 0.0000010 0.0531051 0.0440790 0.0000000 0.0534180 0.0818343 0.0354665 0.0842062 0.0724378 
Smed.21792 0.0533707 0.0440320 0.0912236 0.0534180 0.0351010 0.0439544 0.0534180 0.0000000 0.0816042 0.0353649 0.0649695 0.0722337 
Smed.12958 0.0817614 0.0719436 0.1211857 0.0818343 0.0627194 0.0718089 0.0818343 0.0816042 0.0000000 0.0632072 0.1143019 0.1014937 
Smed.12921 0.0354349 0.0263099 0.0726727 0.0354665 0.0351611 0.0262649 0.0354665 0.0353649 0.0632072 0.0000000 0.0650873 0.0539431 
Smed.17670 0.0841295 0.0740414 0.1245788 0.0842062 0.0645715 0.0738988 0.0842062 0.0649695 0.1143019 0.0650873 0.0000000 0.1043903 
Smed.22452 0.0723731 0.0626841 0.1114199 0.0724378 0.0717999 0.0625687 0.0724378 0.0722337 0.1014937 0.0539431 0.1043903 0.0000000 
