11
Smed.17296 0.0000000 0.7694070 0.7410980 0.7241029 0.5626681 0.5776697 0.5621413 0.6157210 0.5108450 0.5824839 0.5860536 
Smed.14614 0.7694070 0.0000000 0.0438464 0.0327305 0.8091565 0.8623322 0.8170772 0.8324395 0.6949049 0.7285119 0.7156676 
Smed.9099  0.7410980 0.0438464 0.0000000 0.0108126 0.7818228 0.8345789 0.7904999 0.8051918 0.6539823 0.7254071 0.7126511 
Smed.21343 0.7241029 0.0327305 0.0108126 0.0000000 0.7628242 0.8160187 0.7721342 0.7865754 0.6361188 0.7080097 0.6953245 
Smed.6217  0.5626681 0.8091565 0.7818228 0.7628242 0.0000000 0.0582822 0.0577621 0.0702952 0.3415626 0.2515292 0.2639205 
Smed.5416  0.5776697 0.8623322 0.8345789 0.8160187 0.0582822 0.0000000 0.0447200 0.0567076 0.3622451 0.2704569 0.2829130 
Smed.17532 0.5621413 0.8170772 0.7904999 0.7721342 0.0577621 0.0447200 0.0000000 0.0335552 0.3671183 0.2770218 0.2881349 
Smed.19586 0.6157210 0.8324395 0.8051918 0.7865754 0.0702952 0.0567076 0.0335552 0.0000000 0.4135116 0.3170974 0.3292245 
Smed.2757  0.5108450 0.6949049 0.6539823 0.6361188 0.3415626 0.3622451 0.3671183 0.4135116 0.0000000 0.2091553 0.2077205 
Smed.4083  0.5824839 0.7285119 0.7254071 0.7080097 0.2515292 0.2704569 0.2770218 0.3170974 0.2091553 0.0000000 0.0916527 
Smed.23644 0.5860536 0.7156676 0.7126511 0.6953245 0.2639205 0.2829130 0.2881349 0.3292245 0.2077205 0.0916527 0.0000000 
