12
Smed.5204  0.0000000 0.1799847 1.3367062 0.9689190 1.0812026 1.0178896 1.3693024 0.9095553 0.9095553 1.0116814 0.9659919 1.6145003 
Smed.12108 0.1799847 0.0000000 1.3044559 1.0137081 0.9897066 0.9294258 1.2248395 0.8302009 0.8302009 0.9225769 0.9983159 1.8154590 
Smed.22282 1.3367062 1.3044559 0.0000000 0.4039095 0.8932089 0.7582178 1.1251731 0.9596157 0.9596157 1.1191384 1.7831854 1.5393681 
Smed.4508  0.9689190 1.0137081 0.4039095 0.0000000 0.6901092 0.5746902 0.8722633 0.7952735 0.7952735 0.8549178 1.2232769 1.0198466 
Smed.19203 1.0812026 0.9897066 0.8932089 0.6901092 0.0000000 0.1023685 0.2279567 0.3311516 0.3311516 0.4018983 1.1274136 1.7078241 
Smed.1209  1.0178896 0.9294258 0.7582178 0.5746902 0.1023685 0.0000000 0.2361123 0.3597147 0.3597147 0.4394077 1.1638215 1.6643874 
Smed.21608 1.3693024 1.2248395 1.1251731 0.8722633 0.2279567 0.2361123 0.0000000 0.6152934 0.6152934 0.7224125 1.2468301 1.7084861 
Smed.2620  0.9095553 0.8302009 0.9596157 0.7952735 0.3311516 0.3597147 0.6152934 0.0000000 0.0000010 0.0322575 1.1369268 1.5122181 
Smed.22437 0.9095553 0.8302009 0.9596157 0.7952735 0.3311516 0.3597147 0.6152934 0.0000010 0.0000000 0.0322575 1.1369268 1.5122181 
Smed.23080 1.0116814 0.9225769 1.1191384 0.8549178 0.4018983 0.4394077 0.7224125 0.0322575 0.0322575 0.0000000 1.2611015 1.5969078 
Smed.2616  0.9659919 0.9983159 1.7831854 1.2232769 1.1274136 1.1638215 1.2468301 1.1369268 1.1369268 1.2611015 0.0000000 1.9667089 
Smed.7250  1.6145003 1.8154590 1.5393681 1.0198466 1.7078241 1.6643874 1.7084861 1.5122181 1.5122181 1.5969078 1.9667089 0.0000000 
