10
Hdim.9426  0.0000000 0.1149438 0.2471551 0.2091237 0.2402608 0.2835163 0.4006397 0.3379817 0.5815684 0.2381112 
Hdim.1436  0.1149438 0.0000000 0.1834260 0.1477393 0.1781733 0.2181004 0.2917593 0.3034635 0.4943402 0.1766016 
Hdim.4313  0.2471551 0.1834260 0.0000000 0.1182691 0.3201155 0.0872369 0.2683858 0.4627820 0.6168753 0.2493065 
Hdim.15037 0.2091237 0.1477393 0.1182691 0.0000000 0.2784982 0.1507221 0.2793471 0.3846729 0.5517017 0.2108976 
Hdim.9730  0.2402608 0.1781733 0.3201155 0.2784982 0.0000000 0.3593762 0.4815192 0.4618810 0.5802852 0.2409830 
Hdim.1265  0.2835163 0.2181004 0.0872369 0.1507221 0.3593762 0.0000000 0.3053047 0.5108524 0.6139853 0.2860239 
Hdim.5874  0.4006397 0.2917593 0.2683858 0.2793471 0.4815192 0.3053047 0.0000000 0.6096289 0.9657018 0.4005715 
Hdim.10114 0.3379817 0.3034635 0.4627820 0.3846729 0.4618810 0.5108524 0.6096289 0.0000000 0.8757931 0.4570724 
Hdim.1256  0.5815684 0.4943402 0.6168753 0.5517017 0.5802852 0.6139853 0.9657018 0.8757931 0.0000000 0.5104533 
Hdim.6817  0.2381112 0.1766016 0.2493065 0.2108976 0.2409830 0.2860239 0.4005715 0.4570724 0.5104533 0.0000000 
