8
Smed.27632 0.0000000 0.2972262 0.7291778 0.4230491 0.2885444 0.3160311 0.2340317 0.2396423 
Smed.11231 0.2972262 0.0000000 0.6501147 0.4565261 0.3362476 0.2598319 0.2983565 0.1885877 
Smed.23694 0.7291778 0.6501147 0.0000000 0.7729361 0.6998757 0.7728705 0.5473082 0.6008381 
Smed.14542 0.4230491 0.4565261 0.7729361 0.0000000 0.4036584 0.4977779 0.3469147 0.3719710 
Smed.14825 0.2885444 0.3362476 0.6998757 0.4036584 0.0000000 0.3376225 0.3047852 0.2580328 
Smed.19592 0.3160311 0.2598319 0.7728705 0.4977779 0.3376225 0.0000000 0.3096329 0.2637017 
Smed.20381 0.2340317 0.2983565 0.5473082 0.3469147 0.3047852 0.3096329 0.0000000 0.2305630 
Smed.26800 0.2396423 0.1885877 0.6008381 0.3719710 0.2580328 0.2637017 0.2305630 0.0000000 
