18
Hdim.448   0.0000000 0.8531592 0.6302422 0.5457221 0.5457221 0.7507378 0.3972324 0.6870642 0.5357271 0.5378587 0.4740006 0.6684017 0.6684017 0.3464516 0.5385861 0.4115956 0.7810765 0.7810765 
Hdim.11455 0.8531592 0.0000000 0.8479369 0.8660961 0.8660961 1.1805834 0.7800290 0.8783920 1.1320832 0.6558433 0.8908488 0.9243952 0.9243952 0.8741318 1.0450060 0.4995568 1.0739820 1.0739820 
Hdim.9901  0.6302422 0.8479369 0.0000000 0.7320706 0.7320706 0.5687477 0.5725175 0.7953224 0.7618289 0.5181039 0.6841398 0.5845156 0.5845156 0.5783282 0.7806009 0.4706594 0.6926827 0.6926827 
Hdim.118   0.5457221 0.8660961 0.7320706 0.0000000 0.0000010 0.6954955 0.5732042 0.6713659 0.6897296 0.4112280 0.7216891 0.6862545 0.6862545 0.8444932 0.8800112 0.5037667 0.6956804 0.6956804 
Hdim.5610  0.5457221 0.8660961 0.7320706 0.0000010 0.0000000 0.6954955 0.5732042 0.6713659 0.6897296 0.4112280 0.7216891 0.6862545 0.6862545 0.8444932 0.8800112 0.5037667 0.6956804 0.6956804 
Hdim.37    0.7507378 1.1805834 0.5687477 0.6954955 0.6954955 0.0000000 0.5569622 1.0894869 0.7407115 0.5178729 0.6509828 0.5871226 0.5871226 0.6479353 0.9953282 0.4555078 0.6146917 0.6146917 
Hdim.5107  0.3972324 0.7800290 0.5725175 0.5732042 0.5732042 0.5569622 0.0000000 0.5827451 0.6777468 0.4047717 0.4520037 0.5684068 0.5684068 0.4630740 0.5180821 0.2566742 0.7008068 0.7008068 
Hdim.13402 0.6870642 0.8783920 0.7953224 0.6713659 0.6713659 1.0894869 0.5827451 0.0000000 0.8772348 0.6051046 0.8777652 1.1061175 1.1061175 0.6101530 0.8604272 0.6347154 0.7796644 0.7796644 
Hdim.14645 0.5357271 1.1320832 0.7618289 0.6897296 0.6897296 0.7407115 0.6777468 0.8772348 0.0000000 0.4881280 0.6428613 0.6406175 0.6406175 0.7817713 0.5499727 0.5625142 0.6632104 0.6632104 
Hdim.3264  0.5378587 0.6558433 0.5181039 0.4112280 0.4112280 0.5178729 0.4047717 0.6051046 0.4881280 0.0000000 0.5383303 0.5270212 0.5270212 0.6025400 0.6142429 0.3457533 0.4679673 0.4679673 
Hdim.11366 0.4740006 0.8908488 0.6841398 0.7216891 0.7216891 0.6509828 0.4520037 0.8777652 0.6428613 0.5383303 0.0000000 0.6881474 0.6881474 0.4277904 0.4814636 0.4141747 0.7594856 0.7594856 
Hdim.6464  0.6684017 0.9243952 0.5845156 0.6862545 0.6862545 0.5871226 0.5684068 1.1061175 0.6406175 0.5270212 0.6881474 0.0000000 0.0000010 0.9127198 0.9151963 0.4163195 0.8155196 0.8155196 
Hdim.6522  0.6684017 0.9243952 0.5845156 0.6862545 0.6862545 0.5871226 0.5684068 1.1061175 0.6406175 0.5270212 0.6881474 0.0000010 0.0000000 0.9127198 0.9151963 0.4163195 0.8155196 0.8155196 
Hdim.13822 0.3464516 0.8741318 0.5783282 0.8444932 0.8444932 0.6479353 0.4630740 0.6101530 0.7817713 0.6025400 0.4277904 0.9127198 0.9127198 0.0000000 0.4885967 0.4805412 0.6782192 0.6782192 
Hdim.13584 0.5385861 1.0450060 0.7806009 0.8800112 0.8800112 0.9953282 0.5180821 0.8604272 0.5499727 0.6142429 0.4814636 0.9151963 0.9151963 0.4885967 0.0000000 0.5361128 0.9512494 0.9512494 
Hdim.483   0.4115956 0.4995568 0.4706594 0.5037667 0.5037667 0.4555078 0.2566742 0.6347154 0.5625142 0.3457533 0.4141747 0.4163195 0.4163195 0.4805412 0.5361128 0.0000000 0.6194543 0.6194543 
Hdim.10699 0.7810765 1.0739820 0.6926827 0.6956804 0.6956804 0.6146917 0.7008068 0.7796644 0.6632104 0.4679673 0.7594856 0.8155196 0.8155196 0.6782192 0.9512494 0.6194543 0.0000000 0.0000010 
Hdim.10853 0.7810765 1.0739820 0.6926827 0.6956804 0.6956804 0.6146917 0.7008068 0.7796644 0.6632104 0.4679673 0.7594856 0.8155196 0.8155196 0.6782192 0.9512494 0.6194543 0.0000010 0.0000000 
