8
Smed.1447  0.0000000 0.1333624 0.9634795 0.1623472 0.2985378 0.2768223 0.1537931 0.1532676 
Smed.19742 0.1333624 0.0000000 0.8688406 0.0970266 0.2096952 0.1947223 0.0900673 0.0943051 
Smed.11474 0.9634795 0.8688406 0.0000000 0.7820893 0.7425248 0.7597394 0.7805215 0.7797232 
Smed.8785  0.1623472 0.0970266 0.7820893 0.0000000 0.1385576 0.1367043 0.0156409 0.0066569 
Smed.9800  0.2985378 0.2096952 0.7425248 0.1385576 0.0000000 0.1222706 0.1418280 0.1356446 
Smed.2849  0.2768223 0.1947223 0.7597394 0.1367043 0.1222706 0.0000000 0.1319891 0.1393046 
Smed.6608  0.1537931 0.0900673 0.7805215 0.0156409 0.1418280 0.1319891 0.0000000 0.0178908 
Smed.12066 0.1532676 0.0943051 0.7797232 0.0066569 0.1356446 0.1393046 0.0178908 0.0000000 
