6
Mlig.12511 0.0000000 0.0000010 0.0000010 0.3352465 0.3347561 0.3405231 
Mlig.12512 0.0000010 0.0000000 0.0000010 0.3352465 0.3347561 0.3405231 
Mlig.12510 0.0000010 0.0000010 0.0000000 0.3352465 0.3347561 0.3405231 
Mlig.30335 0.3352465 0.3352465 0.3352465 0.0000000 0.0037207 0.0037214 
Mlig.30337 0.3347561 0.3347561 0.3347561 0.0037207 0.0000000 0.0074548 
Mlig.47166 0.3405231 0.3405231 0.3405231 0.0037214 0.0074548 0.0000000 
