11
Mcor.11686 0.0000000 1.4801305 1.3365410 1.0402519 0.1863550 0.2480723 0.2104277 0.5255071 0.4748559 0.4395230 0.4395230 
Mcor.11883 1.4801305 0.0000000 1.2931486 1.0169518 1.4077046 1.4455144 1.5151052 1.2629380 1.0805486 1.0184922 1.0184922 
Mcor.10739 1.3365410 1.2931486 0.0000000 0.8769869 1.2939160 1.2207004 1.3955028 1.0322428 1.1341697 1.0712280 1.0712280 
Mcor.14399 1.0402519 1.0169518 0.8769869 0.0000000 1.0142131 1.0050744 0.9787052 0.8393102 0.8895462 0.8372457 0.8372457 
Mcor.11685 0.1863550 1.4077046 1.2939160 1.0142131 0.0000000 0.3307667 0.2716570 0.5568453 0.5235495 0.4875459 0.4875459 
Mcor.13481 0.2480723 1.4455144 1.2207004 1.0050744 0.3307667 0.0000000 0.2905821 0.5383522 0.4124419 0.3788547 0.3788547 
Mcor.14384 0.2104277 1.5151052 1.3955028 0.9787052 0.2716570 0.2905821 0.0000000 0.6439325 0.5400934 0.5016174 0.5016174 
Mcor.12855 0.5255071 1.2629380 1.0322428 0.8393102 0.5568453 0.5383522 0.6439325 0.0000000 0.4263054 0.3919649 0.3919649 
Mcor.13729 0.4748559 1.0805486 1.1341697 0.8895462 0.5235495 0.4124419 0.5400934 0.4263054 0.0000000 0.0203749 0.0203749 
Mcor.12746 0.4395230 1.0184922 1.0712280 0.8372457 0.4875459 0.3788547 0.5016174 0.3919649 0.0203749 0.0000000 0.0000010 
Mcor.14104 0.4395230 1.0184922 1.0712280 0.8372457 0.4875459 0.3788547 0.5016174 0.3919649 0.0203749 0.0000010 0.0000000 
