38
Mlig.14283 0.0000000 0.3292514 0.3182735 0.4793593 0.3507200 0.2892110 0.3946191 0.3431757 0.3187576 0.3527802 0.3666086 0.4420349 0.4162277 0.5339309 2.0830140 0.2894431 0.2137199 0.2247551 2.3000404 0.2015205 0.5176093 0.3515011 0.3515011 0.3515011 0.3515011 0.3515011 2.3134902 2.4184008 0.3200044 2.2400180 0.3151715 0.3990725 0.4141910 0.3454997 0.3413529 0.3239028 0.3245953 0.3035695 
Mlig.14284 0.3292514 0.0000000 0.3934284 0.4596948 0.4195184 0.2981556 0.3052027 0.3962444 0.2454027 0.2515731 0.2637078 0.3158203 0.4254181 0.4159346 1.8057161 0.3025991 0.2820260 0.2937511 1.9052689 0.2688588 0.3317051 0.3275606 0.3275606 0.3275606 0.3275606 0.3275606 1.9194291 1.9981762 0.2636275 1.7850895 0.3145340 0.2450448 0.4068328 0.3901113 0.3782358 0.3165506 0.3484437 0.3311574 
Mlig.11124 0.3182735 0.3934284 0.0000000 0.4057674 0.2036719 0.2723313 0.2649140 0.3058191 0.3587035 0.2869640 0.2996250 0.2911362 0.2497053 0.4942341 1.6531213 0.2086658 0.2214817 0.2327214 1.8541308 0.2090217 0.4054900 0.1507060 0.1507060 0.1507060 0.1507060 0.1507060 1.8679104 1.9147330 0.2531189 2.1056095 0.1797596 0.2666703 0.3185942 0.2757529 0.2724820 0.2570406 0.2679347 0.2392820 
Mlig.11125 0.4793593 0.4596948 0.4057674 0.0000000 0.3815754 0.4755899 0.4033977 0.4275734 0.4342314 0.4561153 0.4711383 0.4733908 0.4959984 0.5126205 1.8511764 0.3211944 0.3420692 0.3552266 1.7989253 0.3272622 0.4229327 0.3610898 0.3610898 0.3610898 0.3610898 0.3610898 1.7934861 2.0315215 0.4156401 1.9029008 0.3862593 0.4562366 0.4900548 0.3710598 0.3867553 0.3421381 0.3437474 0.3348802 
Mlig.11127 0.3507200 0.4195184 0.2036719 0.3815754 0.0000000 0.3201352 0.3073540 0.3185178 0.3558778 0.3064372 0.3185140 0.3700849 0.3181432 0.5008062 1.6249124 0.2359987 0.2570906 0.2684657 1.9180634 0.2443790 0.4190596 0.2215818 0.2215818 0.2215818 0.2215818 0.2215818 1.9320420 2.0303202 0.3022595 1.8862733 0.2632068 0.3330704 0.3683944 0.3219129 0.3036666 0.2873605 0.2980738 0.2684219 
Mlig.21630 0.2892110 0.2981556 0.2723313 0.4755899 0.3201352 0.0000000 0.2632834 0.3260425 0.3352737 0.3165034 0.3296552 0.2709907 0.3496133 0.3867167 1.9812782 0.2341503 0.2609700 0.2730761 2.2887646 0.2474353 0.3498913 0.2083394 0.2083394 0.2083394 0.2083394 0.2083394 2.3025172 2.4088451 0.3372149 2.1207264 0.2247058 0.2353711 0.3909471 0.3131494 0.2980614 0.2515434 0.2839646 0.2624964 
Mlig.804   0.3946191 0.3052027 0.2649140 0.4033977 0.3073540 0.2632834 0.0000000 0.3265404 0.2965078 0.2403477 0.2520415 0.2322113 0.3054118 0.4154573 1.9176743 0.2039150 0.2801337 0.2921902 1.7572101 0.2665974 0.3164602 0.2389540 0.2389540 0.2389540 0.2389540 0.2389540 1.7709003 1.8820415 0.2927878 2.1003674 0.2619282 0.2301096 0.3051813 0.2847602 0.2340169 0.2446401 0.3062956 0.2437894 
Mlig.16656 0.3431757 0.3962444 0.3058191 0.4275734 0.3185178 0.3260425 0.3265404 0.0000000 0.3264253 0.3202619 0.3333569 0.3495095 0.3745818 0.3477223 1.9303259 0.2327907 0.1549428 0.1649899 2.0480044 0.1440636 0.4083599 0.3220000 0.3220000 0.3220000 0.3220000 0.3220000 2.0620458 2.2199095 0.3467502 2.0891602 0.2485676 0.3131326 0.3796055 0.3196154 0.2904642 0.2675506 0.3119084 0.2497332 
Mlig.14652 0.3187576 0.2454027 0.3587035 0.4342314 0.3558778 0.3352737 0.2965078 0.3264253 0.0000000 0.0647478 0.0742675 0.2695059 0.3515071 0.4880417 1.8919030 0.2663577 0.2195171 0.2311380 2.0711293 0.2176769 0.3312952 0.2867028 0.2867028 0.2867028 0.2867028 0.2867028 2.0851847 2.0197094 0.2424616 1.9305696 0.2939057 0.2396042 0.3947671 0.3144136 0.3266314 0.2891472 0.2754166 0.2849659 
Mlig.23078 0.3527802 0.2515731 0.2869640 0.4561153 0.3064372 0.3165034 0.2403477 0.3202619 0.0647478 0.0000000 0.0084118 0.1960598 0.3035317 0.5110176 1.6907013 0.1931150 0.2541300 0.2657926 1.9663487 0.2520625 0.3400665 0.2286329 0.2286329 0.2286329 0.2286329 0.2286329 1.9803216 1.9184453 0.2287255 1.9930712 0.2285060 0.1586258 0.3856566 0.2361691 0.2470241 0.2117891 0.2300439 0.2088622 
Mlig.37647 0.3666086 0.2637078 0.2996250 0.4711383 0.3185140 0.3296552 0.2520415 0.3333569 0.0742675 0.0084118 0.0000000 0.2073771 0.3161105 0.5268267 1.7297663 0.2040430 0.2418151 0.2534039 2.0139902 0.2398347 0.3532391 0.2405350 0.2405350 0.2405350 0.2405350 0.2405350 2.0279816 1.9645901 0.2399649 1.9872472 0.2162009 0.1697903 0.3991715 0.2477048 0.2587203 0.2232586 0.2417830 0.2201563 
Mlig.17957 0.4420349 0.3158203 0.2911362 0.4733908 0.3700849 0.2709907 0.2322113 0.3495095 0.2695059 0.1960598 0.2073771 0.0000000 0.3641673 0.4107573 1.8269656 0.2191573 0.2771947 0.2793432 1.9329138 0.2632230 0.3454280 0.2558693 0.2558693 0.2558693 0.2558693 0.2558693 1.9470226 2.0575487 0.2528956 2.0889696 0.2379783 0.1004036 0.4260134 0.3047474 0.2966244 0.2552070 0.3244422 0.2544603 
Mlig.803   0.4162277 0.4254181 0.2497053 0.4959984 0.3181432 0.3496133 0.3054118 0.3745818 0.3515071 0.3035317 0.3161105 0.3641673 0.0000000 0.4640375 1.9154725 0.2514101 0.2945508 0.3061131 2.0039642 0.2815749 0.4108163 0.2299900 0.2299900 0.2299900 0.2299900 0.2299900 2.0181253 2.0503248 0.3033905 2.1316983 0.2980282 0.3310675 0.3535368 0.3114635 0.2898389 0.2853626 0.3223513 0.2822865 
Mlig.26280 0.5339309 0.4159346 0.4942341 0.5126205 0.5008062 0.3867167 0.4154573 0.3477223 0.4880417 0.5110176 0.5268267 0.4107573 0.4640375 0.0000000 2.1655447 0.4234933 0.3405229 0.3538599 2.3011490 0.3254821 0.5102580 0.4787197 0.4787197 0.4787197 0.4787197 0.4787197 2.3142086 2.4466454 0.4339892 2.0030673 0.4348462 0.3572676 0.5085030 0.5581498 0.5314774 0.4718506 0.4710020 0.4758759 
Mlig.3826  2.0830140 1.8057161 1.6531213 1.8511764 1.6249124 1.9812782 1.9176743 1.9303259 1.8919030 1.6907013 1.7297663 1.8269656 1.9154725 2.1655447 0.0000000 1.6700598 1.8705715 1.8254076 0.3455631 1.8205809 1.9815000 1.7550178 1.7550178 1.7550178 1.7550178 1.7550178 0.3603801 0.4461248 1.8796878 2.2251219 1.7079124 1.7225318 2.1681344 1.7483671 1.8012489 1.6844826 1.7248019 1.6858144 
Mlig.1102  0.2894431 0.3025991 0.2086658 0.3211944 0.2359987 0.2341503 0.2039150 0.2327907 0.2663577 0.1931150 0.2040430 0.2191573 0.2514101 0.4234933 1.6700598 0.0000000 0.1830323 0.1935539 1.6690715 0.1715123 0.3306829 0.1469781 0.1469781 0.1469781 0.1469781 0.1469781 1.6634915 1.7593793 0.1906686 2.1053111 0.1861658 0.2095296 0.2699770 0.0775879 0.0547513 0.0489662 0.0772106 0.0266514 
Mlig.14648 0.2137199 0.2820260 0.2214817 0.3420692 0.2570906 0.2609700 0.2801337 0.1549428 0.2195171 0.2541300 0.2418151 0.2771947 0.2945508 0.3405229 1.8705715 0.1830323 0.0000000 0.0084598 1.9032506 0.0084944 0.3694685 0.2055782 0.2055782 0.2055782 0.2055782 0.2055782 1.9173558 2.0024976 0.2170096 1.9458368 0.1211190 0.2722318 0.3050404 0.2525103 0.2496604 0.2278037 0.2387862 0.2115332 
Mlig.14653 0.2247551 0.2937511 0.2327214 0.3552266 0.2684657 0.2730761 0.2921902 0.1649899 0.2311380 0.2657926 0.2534039 0.2793432 0.3061131 0.3538599 1.8254076 0.1935539 0.0084598 0.0000000 1.8566969 0.0170219 0.3824589 0.2171407 0.2171407 0.2171407 0.2171407 0.2171407 1.8707446 1.9531533 0.2278009 1.9635923 0.1110758 0.2839686 0.3172672 0.2639100 0.2609455 0.2389896 0.2498555 0.2224301 
Mlig.3827  2.3000404 1.9052689 1.8541308 1.7989253 1.9180634 2.2887646 1.7572101 2.0480044 2.0711293 1.9663487 2.0139902 1.9329138 2.0039642 2.3011490 0.3455631 1.6690715 1.9032506 1.8566969 0.0000000 1.8517303 2.0893454 1.7657765 1.7657765 1.7657765 1.7657765 1.7657765 0.0087132 0.0568367 1.9663524 2.8381157 1.8463702 1.8723905 2.0713684 1.7745596 1.7753504 1.7763219 1.7715823 1.7264580 
Mlig.48703 0.2015205 0.2688588 0.2090217 0.3272622 0.2443790 0.2474353 0.2665974 0.1440636 0.2176769 0.2520625 0.2398347 0.2632230 0.2815749 0.3254821 1.8205809 0.1715123 0.0084944 0.0170219 1.8517303 0.0000000 0.3548069 0.2182014 0.2182014 0.2182014 0.2182014 0.2182014 1.8657738 1.9697333 0.2288236 1.8930114 0.1248937 0.2590680 0.2912861 0.2397867 0.2370722 0.2153849 0.2264599 0.1994880 
Mlig.11123 0.5176093 0.3317051 0.4054900 0.4229327 0.4190596 0.3498913 0.3164602 0.4083599 0.3312952 0.3400665 0.3532391 0.3454280 0.4108163 0.5102580 1.9815000 0.3306829 0.3694685 0.3824589 2.0893454 0.3548069 0.0000000 0.3447196 0.3447196 0.3447196 0.3447196 0.3447196 2.1034319 2.2502471 0.3730732 1.8531293 0.3881436 0.2760858 0.4284908 0.3530872 0.3442631 0.2976882 0.3593101 0.2994627 
Mlig.428   0.3515011 0.3275606 0.1507060 0.3610898 0.2215818 0.2083394 0.2389540 0.3220000 0.2867028 0.2286329 0.2405350 0.2558693 0.2299900 0.4787197 1.7550178 0.1469781 0.2055782 0.2171407 1.7657765 0.2182014 0.3447196 0.0000000 0.0000010 0.0000010 0.0000010 0.0000010 1.7797417 1.8738501 0.1760104 1.9914302 0.1567358 0.2338377 0.2562380 0.2434280 0.2190417 0.1738366 0.1795635 0.1890357 
Mlig.429   0.3515011 0.3275606 0.1507060 0.3610898 0.2215818 0.2083394 0.2389540 0.3220000 0.2867028 0.2286329 0.2405350 0.2558693 0.2299900 0.4787197 1.7550178 0.1469781 0.2055782 0.2171407 1.7657765 0.2182014 0.3447196 0.0000010 0.0000000 0.0000010 0.0000010 0.0000010 1.7797417 1.8738501 0.1760104 1.9914302 0.1567358 0.2338377 0.2562380 0.2434280 0.2190417 0.1738366 0.1795635 0.1890357 
Mlig.430   0.3515011 0.3275606 0.1507060 0.3610898 0.2215818 0.2083394 0.2389540 0.3220000 0.2867028 0.2286329 0.2405350 0.2558693 0.2299900 0.4787197 1.7550178 0.1469781 0.2055782 0.2171407 1.7657765 0.2182014 0.3447196 0.0000010 0.0000010 0.0000000 0.0000010 0.0000010 1.7797417 1.8738501 0.1760104 1.9914302 0.1567358 0.2338377 0.2562380 0.2434280 0.2190417 0.1738366 0.1795635 0.1890357 
Mlig.431   0.3515011 0.3275606 0.1507060 0.3610898 0.2215818 0.2083394 0.2389540 0.3220000 0.2867028 0.2286329 0.2405350 0.2558693 0.2299900 0.4787197 1.7550178 0.1469781 0.2055782 0.2171407 1.7657765 0.2182014 0.3447196 0.0000010 0.0000010 0.0000010 0.0000000 0.0000010 1.7797417 1.8738501 0.1760104 1.9914302 0.1567358 0.2338377 0.2562380 0.2434280 0.2190417 0.1738366 0.1795635 0.1890357 
Mlig.805   0.3515011 0.3275606 0.1507060 0.3610898 0.2215818 0.2083394 0.2389540 0.3220000 0.2867028 0.2286329 0.2405350 0.2558693 0.2299900 0.4787197 1.7550178 0.1469781 0.2055782 0.2171407 1.7657765 0.2182014 0.3447196 0.0000010 0.0000010 0.0000010 0.0000010 0.0000000 1.7797417 1.8738501 0.1760104 1.9914302 0.1567358 0.2338377 0.2562380 0.2434280 0.2190417 0.1738366 0.1795635 0.1890357 
Mlig.33307 2.3134902 1.9194291 1.8679104 1.7934861 1.9320420 2.3025172 1.7709003 2.0620458 2.0851847 1.9803216 2.0279816 1.9470226 2.0181253 2.3142086 0.3603801 1.6634915 1.9173558 1.8707446 0.0087132 1.8657738 2.1034319 1.7797417 1.7797417 1.7797417 1.7797417 1.7797417 0.0000000 0.0668489 1.9803067 2.8507018 1.8606412 1.8864123 2.0852048 1.7692612 1.7700543 1.7709548 1.7662317 1.7209920 
Mlig.3829  2.4184008 1.9981762 1.9147330 2.0315215 2.0303202 2.4088451 1.8820415 2.2199095 2.0197094 1.9184453 1.9645901 2.0575487 2.0503248 2.4466454 0.4461248 1.7593793 2.0024976 1.9531533 0.0568367 1.9697333 2.2502471 1.8738501 1.8738501 1.8738501 1.8738501 1.8738501 0.0668489 0.0000000 2.0877955 2.9023964 1.9326098 1.9917508 2.2272689 1.8702719 1.8710083 1.8735311 1.8679279 1.8203830 
Mlig.432   0.3200044 0.2636275 0.2531189 0.4156401 0.3022595 0.3372149 0.2927878 0.3467502 0.2424616 0.2287255 0.2399649 0.2528956 0.3033905 0.4339892 1.8796878 0.1906686 0.2170096 0.2278009 1.9663524 0.2288236 0.3730732 0.1760104 0.1760104 0.1760104 0.1760104 0.1760104 1.9803067 2.0877955 0.0000000 2.3690462 0.2622855 0.2482986 0.2843478 0.2782270 0.2562372 0.2344771 0.2336302 0.2181646 
Mlig.29614 2.2400180 1.7850895 2.1056095 1.9029008 1.8862733 2.1207264 2.1003674 2.0891602 1.9305696 1.9930712 1.9872472 2.0889696 2.1316983 2.0030673 2.2251219 2.1053111 1.9458368 1.9635923 2.8381157 1.8930114 1.8531293 1.9914302 1.9914302 1.9914302 1.9914302 1.9914302 2.8507018 2.9023964 2.3690462 0.0000000 2.0617746 1.9097522 2.2930546 2.0417227 2.2071289 2.0524766 2.0844362 2.0547403 
Mlig.14834 0.3151715 0.3145340 0.1797596 0.3862593 0.2632068 0.2247058 0.2619282 0.2485676 0.2939057 0.2285060 0.2162009 0.2379783 0.2980282 0.4348462 1.7079124 0.1861658 0.1211190 0.1110758 1.8463702 0.1248937 0.3881436 0.1567358 0.1567358 0.1567358 0.1567358 0.1567358 1.8606412 1.9326098 0.2622855 2.0617746 0.0000000 0.2266704 0.3477112 0.2434312 0.2544863 0.1992141 0.2294339 0.2153498 
Mlig.14651 0.3990725 0.2450448 0.2666703 0.4562366 0.3330704 0.2353711 0.2301096 0.3131326 0.2396042 0.1586258 0.1697903 0.1004036 0.3310675 0.3572676 1.7225318 0.2095296 0.2722318 0.2839686 1.8723905 0.2590680 0.2760858 0.2338377 0.2338377 0.2338377 0.2338377 0.2338377 1.8864123 1.9917508 0.2482986 1.9097522 0.2266704 0.0000000 0.3843497 0.2724231 0.2649059 0.2263348 0.2519506 0.2252550 
Mlig.18136 0.4141910 0.4068328 0.3185942 0.4900548 0.3683944 0.3909471 0.3051813 0.3796055 0.3947671 0.3856566 0.3991715 0.4260134 0.3535368 0.5085030 2.1681344 0.2699770 0.3050404 0.3172672 2.0713684 0.2912861 0.4284908 0.2562380 0.2562380 0.2562380 0.2562380 0.2562380 2.0852048 2.2272689 0.2843478 2.2930546 0.3477112 0.3843497 0.0000000 0.3714170 0.3020473 0.3209378 0.2910773 0.3019116 
Mlig.27510 0.3454997 0.3901113 0.2757529 0.3710598 0.3219129 0.3131494 0.2847602 0.3196154 0.3144136 0.2361691 0.2477048 0.3047474 0.3114635 0.5581498 1.7483671 0.0775879 0.2525103 0.2639100 1.7745596 0.2397867 0.3530872 0.2434280 0.2434280 0.2434280 0.2434280 0.2434280 1.7692612 1.8702719 0.2782270 2.0417227 0.2434312 0.2724231 0.3714170 0.0000000 0.0357398 0.0802189 0.1079558 0.0451547 
Mlig.40404 0.3413529 0.3782358 0.2724820 0.3867553 0.3036666 0.2980614 0.2340169 0.2904642 0.3266314 0.2470241 0.2587203 0.2966244 0.2898389 0.5314774 1.8012489 0.0547513 0.2496604 0.2609455 1.7753504 0.2370722 0.3442631 0.2190417 0.2190417 0.2190417 0.2190417 0.2190417 1.7700543 1.8710083 0.2562372 2.2071289 0.2544863 0.2649059 0.3020473 0.0357398 0.0000000 0.0670685 0.1059483 0.0255472 
Mlig.1098  0.3239028 0.3165506 0.2570406 0.3421381 0.2873605 0.2515434 0.2446401 0.2675506 0.2891472 0.2117891 0.2232586 0.2552070 0.2853626 0.4718506 1.6844826 0.0489662 0.2278037 0.2389896 1.7763219 0.2153849 0.2976882 0.1738366 0.1738366 0.1738366 0.1738366 0.1738366 1.7709548 1.8735311 0.2344771 2.0524766 0.1992141 0.2263348 0.3209378 0.0802189 0.0670685 0.0000000 0.0908263 0.0375715 
Mlig.1097  0.3245953 0.3484437 0.2679347 0.3437474 0.2980738 0.2839646 0.3062956 0.3119084 0.2754166 0.2300439 0.2417830 0.3244422 0.3223513 0.4710020 1.7248019 0.0772106 0.2387862 0.2498555 1.7715823 0.2264599 0.3593101 0.1795635 0.1795635 0.1795635 0.1795635 0.1795635 1.7662317 1.8679279 0.2336302 2.0844362 0.2294339 0.2519506 0.2910773 0.1079558 0.1059483 0.0908263 0.0000000 0.0750216 
Mlig.1107  0.3035695 0.3311574 0.2392820 0.3348802 0.2684219 0.2624964 0.2437894 0.2497332 0.2849659 0.2088622 0.2201563 0.2544603 0.2822865 0.4758759 1.6858144 0.0266514 0.2115332 0.2224301 1.7264580 0.1994880 0.2994627 0.1890357 0.1890357 0.1890357 0.1890357 0.1890357 1.7209920 1.8203830 0.2181646 2.0547403 0.2153498 0.2252550 0.3019116 0.0451547 0.0255472 0.0375715 0.0750216 0.0000000 
