11
Mlig.41986 0.0000000 0.0000010 0.6466105 0.6679935 0.6679935 0.8791705 0.6466105 0.5402922 0.5402922 0.4658932 0.4658932 
Mlig.41987 0.0000010 0.0000000 0.6466105 0.6679935 0.6679935 0.8791705 0.6466105 0.5402922 0.5402922 0.4658932 0.4658932 
Mlig.46986 0.6466105 0.6466105 0.0000000 1.1504619 1.1504619 1.0806775 0.0000010 0.9090707 0.9090707 0.7317553 0.7317553 
Mlig.8014  0.6679935 0.6679935 1.1504619 0.0000000 0.0000010 1.2689985 1.1504619 0.9063453 0.9063453 0.7381245 0.7381245 
Mlig.8015  0.6679935 0.6679935 1.1504619 0.0000010 0.0000000 1.2689985 1.1504619 0.9063453 0.9063453 0.7381245 0.7381245 
Mlig.47816 0.8791705 0.8791705 1.0806775 1.2689985 1.2689985 0.0000000 1.0806775 0.7774803 0.7774803 0.6094157 0.6094157 
Mlig.34027 0.6466105 0.6466105 0.0000010 1.1504619 1.1504619 1.0806775 0.0000000 0.9090707 0.9090707 0.7317553 0.7317553 
Mlig.20075 0.5402922 0.5402922 0.9090707 0.9063453 0.9063453 0.7774803 0.9090707 0.0000000 0.0000010 0.4735534 0.4735534 
Mlig.20076 0.5402922 0.5402922 0.9090707 0.9063453 0.9063453 0.7774803 0.9090707 0.0000010 0.0000000 0.4735534 0.4735534 
Mlig.21662 0.4658932 0.4658932 0.7317553 0.7381245 0.7381245 0.6094157 0.7317553 0.4735534 0.4735534 0.0000000 0.0000010 
Mlig.21663 0.4658932 0.4658932 0.7317553 0.7381245 0.7381245 0.6094157 0.7317553 0.4735534 0.4735534 0.0000010 0.0000000 
