6
Hdim.7347  0.0000000 1.0559410 0.9056985 0.9043387 0.7266072 0.6518490 
Hdim.11639 1.0559410 0.0000000 1.1627028 1.3773431 0.9285033 1.0599650 
Hdim.2484  0.9056985 1.1627028 0.0000000 1.1095773 0.9095549 0.9704907 
Hdim.2837  0.9043387 1.3773431 1.1095773 0.0000000 0.8527333 0.9715502 
Hdim.2352  0.7266072 0.9285033 0.9095549 0.8527333 0.0000000 0.6911260 
Hdim.4821  0.6518490 1.0599650 0.9704907 0.9715502 0.6911260 0.0000000 
