13
Smed.14795 0.0000000 0.0937334 0.1029643 0.0417094 0.6037383 0.5897120 0.5961598 0.1206987 0.0454159 0.0295688 0.0293424 0.6048804 0.7323396 
Smed.28263 0.0937334 0.0000000 0.0073034 0.0972522 0.5410549 0.5278604 0.5339533 0.0375654 0.1018712 0.1029794 0.1020167 0.5422445 0.6865087 
Smed.28415 0.1029643 0.0073034 0.0000000 0.1064674 0.5527400 0.5393496 0.5455309 0.0377540 0.1111889 0.1124100 0.1113379 0.5539246 0.7000861 
Smed.9196  0.0417094 0.0972522 0.1064674 0.0000000 0.6008590 0.5866562 0.5931870 0.1212199 0.0147214 0.0500744 0.0496629 0.6020209 0.7253140 
Smed.11610 0.6037383 0.5410549 0.5527400 0.6008590 0.0000000 0.0223104 0.0110428 0.5406281 0.6013372 0.6148465 0.5996585 0.0185472 0.3286983 
Smed.18799 0.5897120 0.5278604 0.5393496 0.5866562 0.0223104 0.0000000 0.0184404 0.5275364 0.5871907 0.6005573 0.5856332 0.0185222 0.3076278 
Smed.19467 0.5961598 0.5339533 0.5455309 0.5931870 0.0110428 0.0184404 0.0000000 0.5335821 0.5936953 0.6071170 0.5920837 0.0222583 0.3209091 
Smed.2890  0.1206987 0.0375654 0.0377540 0.1212199 0.5406281 0.5275364 0.5335821 0.0000000 0.1160605 0.1304497 0.1291700 0.5376067 0.7197595 
Smed.14983 0.0454159 0.1018712 0.1111889 0.0147214 0.6013372 0.5871907 0.5936953 0.1160605 0.0000000 0.0536680 0.0532268 0.6024937 0.7250340 
Smed.13144 0.0295688 0.1029794 0.1124100 0.0500744 0.6148465 0.6005573 0.6071170 0.1304497 0.0536680 0.0000000 0.0072611 0.6159891 0.7418276 
Smed.18115 0.0293424 0.1020167 0.1113379 0.0496629 0.5996585 0.5856332 0.5920837 0.1291700 0.0532268 0.0072611 0.0000000 0.6008081 0.7244190 
Smed.3071  0.6048804 0.5422445 0.5539246 0.6020209 0.0185472 0.0185222 0.0222583 0.5376067 0.6024937 0.6159891 0.6008081 0.0000000 0.3221981 
Smed.7483  0.7323396 0.6865087 0.7000861 0.7253140 0.3286983 0.3076278 0.3209091 0.7197595 0.7250340 0.7418276 0.7244190 0.3221981 0.0000000 
