16
Mlig.19365 0.0000000 0.0000010 0.0073121 1.7284421 1.7284421 1.7473581 1.7515991 2.0647595 1.9845740 1.9845740 1.9845740 1.8666810 1.8265392 1.8228397 1.8510634 1.8833221 
Mlig.19364 0.0000010 0.0000000 0.0073121 1.7284421 1.7284421 1.7473581 1.7515991 2.0647595 1.9845740 1.9845740 1.9845740 1.8666810 1.8265392 1.8228397 1.8510634 1.8833221 
Mlig.19366 0.0073121 0.0073121 0.0000000 1.7329069 1.7329069 1.7519297 1.7561905 2.0711031 1.9904859 1.9904859 1.9904859 1.8719816 1.8246629 1.8209616 1.8562702 1.8887185 
Mlig.13473 1.7284421 1.7284421 1.7329069 0.0000000 0.0000010 0.1070525 0.1043543 0.4668155 0.4393158 0.4393158 0.4393158 0.3920352 0.3872300 0.3824021 0.3874143 0.3704506 
Mlig.13474 1.7284421 1.7284421 1.7329069 0.0000010 0.0000000 0.1070525 0.1043543 0.4668155 0.4393158 0.4393158 0.4393158 0.3920352 0.3872300 0.3824021 0.3874143 0.3704506 
Mlig.6013  1.7473581 1.7473581 1.7519297 0.1070525 0.1070525 0.0000000 0.0023736 0.4500586 0.4235340 0.4235340 0.4235340 0.3289474 0.3448025 0.3403155 0.3247078 0.3321319 
Mlig.45977 1.7515991 1.7515991 1.7561905 0.1043543 0.1043543 0.0023736 0.0000000 0.4539689 0.4273042 0.4273042 0.4273042 0.3253257 0.3436900 0.3392159 0.3210953 0.3284778 
Mlig.6158  2.0647595 2.0647595 2.0711031 0.4668155 0.4668155 0.4500586 0.4539689 0.0000000 0.0247829 0.0247829 0.0247829 0.4839429 0.4874860 0.4822148 0.4789926 0.4755459 
Mlig.10925 1.9845740 1.9845740 1.9904859 0.4393158 0.4393158 0.4235340 0.4273042 0.0247829 0.0000000 0.0000010 0.0000010 0.4591601 0.4544866 0.4494793 0.4543999 0.4509248 
Mlig.10927 1.9845740 1.9845740 1.9904859 0.4393158 0.4393158 0.4235340 0.4273042 0.0247829 0.0000010 0.0000000 0.0000010 0.4591601 0.4544866 0.4494793 0.4543999 0.4509248 
Mlig.10928 1.9845740 1.9845740 1.9904859 0.4393158 0.4393158 0.4235340 0.4273042 0.0247829 0.0000010 0.0000010 0.0000000 0.4591601 0.4544866 0.4494793 0.4543999 0.4509248 
Mlig.36136 1.8666810 1.8666810 1.8719816 0.3920352 0.3920352 0.3289474 0.3253257 0.4839429 0.4591601 0.4591601 0.4591601 0.0000000 0.1357297 0.1388917 0.0023828 0.0369712 
Mlig.15189 1.8265392 1.8265392 1.8246629 0.3872300 0.3872300 0.3448025 0.3436900 0.4874860 0.4544866 0.4544866 0.4544866 0.1357297 0.0000000 0.0023598 0.1326199 0.1327619 
Mlig.15190 1.8228397 1.8228397 1.8209616 0.3824021 0.3824021 0.3403155 0.3392159 0.4822148 0.4494793 0.4494793 0.4494793 0.1388917 0.0023598 0.0000000 0.1357671 0.1296145 
Mlig.36137 1.8510634 1.8510634 1.8562702 0.3874143 0.3874143 0.3247078 0.3210953 0.4789926 0.4543999 0.4543999 0.4543999 0.0023828 0.1326199 0.1357671 0.0000000 0.0344355 
Mlig.36138 1.8833221 1.8833221 1.8887185 0.3704506 0.3704506 0.3321319 0.3284778 0.4755459 0.4509248 0.4509248 0.4509248 0.0369712 0.1327619 0.1296145 0.0344355 0.0000000 
