13
Mlig.48185 0.0000000 0.2342790 0.2342790 0.2342790 0.2342790 0.2342790 0.2465209 0.2477040 0.2207459 0.2207459 0.2474444 0.2474444 0.2208986 
Mlig.15370 0.2342790 0.0000000 0.0000010 0.0000010 0.0000010 0.0000010 0.0205700 0.0101663 0.0306781 0.0306781 0.0515602 0.0515602 0.0306874 
Mlig.15375 0.2342790 0.0000010 0.0000000 0.0000010 0.0000010 0.0000010 0.0205700 0.0101663 0.0306781 0.0306781 0.0515602 0.0515602 0.0306874 
Mlig.15377 0.2342790 0.0000010 0.0000010 0.0000000 0.0000010 0.0000010 0.0205700 0.0101663 0.0306781 0.0306781 0.0515602 0.0515602 0.0306874 
Mlig.15379 0.2342790 0.0000010 0.0000010 0.0000010 0.0000000 0.0000010 0.0205700 0.0101663 0.0306781 0.0306781 0.0515602 0.0515602 0.0306874 
Mlig.24831 0.2342790 0.0000010 0.0000010 0.0000010 0.0000010 0.0000000 0.0205700 0.0101663 0.0306781 0.0306781 0.0515602 0.0515602 0.0306874 
Mlig.15374 0.2465209 0.0205700 0.0205700 0.0205700 0.0205700 0.0205700 0.0000000 0.0102505 0.0519409 0.0519409 0.0733460 0.0733460 0.0519584 
Mlig.24830 0.2477040 0.0101663 0.0101663 0.0101663 0.0101663 0.0101663 0.0102505 0.0000000 0.0410636 0.0410636 0.0621176 0.0621176 0.0410766 
Mlig.15373 0.2207459 0.0306781 0.0306781 0.0306781 0.0306781 0.0306781 0.0519409 0.0410636 0.0000000 0.0000010 0.0317898 0.0317898 0.0203465 
Mlig.15376 0.2207459 0.0306781 0.0306781 0.0306781 0.0306781 0.0306781 0.0519409 0.0410636 0.0000010 0.0000000 0.0317898 0.0317898 0.0203465 
Mlig.15371 0.2474444 0.0515602 0.0515602 0.0515602 0.0515602 0.0515602 0.0733460 0.0621176 0.0317898 0.0317898 0.0000000 0.0000010 0.0410372 
Mlig.15378 0.2474444 0.0515602 0.0515602 0.0515602 0.0515602 0.0515602 0.0733460 0.0621176 0.0317898 0.0317898 0.0000010 0.0000000 0.0410372 
Mlig.39981 0.2208986 0.0306874 0.0306874 0.0306874 0.0306874 0.0306874 0.0519584 0.0410766 0.0203465 0.0203465 0.0410372 0.0410372 0.0000000 
