6
Mlig.38856 0.0000000 0.0000010 0.0000010 1.1616797 1.1545148 1.1615072 
Mlig.13794 0.0000010 0.0000000 0.0000010 1.1616797 1.1545148 1.1615072 
Mlig.38858 0.0000010 0.0000010 0.0000000 1.1616797 1.1545148 1.1615072 
Mlig.30545 1.1616797 1.1616797 1.1616797 0.0000000 0.0060744 0.0091207 
Mlig.31365 1.1545148 1.1545148 1.1545148 0.0060744 0.0000000 0.0060696 
Mlig.45837 1.1615072 1.1615072 1.1615072 0.0091207 0.0060696 0.0000000 
