6
Smed.16584 0.0000000 0.0966922 0.0591348 0.0961056 0.0599924 0.0586379 
Smed.141   0.0966922 0.0000000 0.0911646 0.0353196 0.0797409 0.0844047 
Smed.25256 0.0591348 0.0911646 0.0000000 0.0906107 0.0477511 0.0408137 
Smed.13991 0.0961056 0.0353196 0.0906107 0.0000000 0.0792560 0.0838972 
Smed.19359 0.0599924 0.0797409 0.0477511 0.0792560 0.0000000 0.0414518 
Smed.26202 0.0586379 0.0844047 0.0408137 0.0838972 0.0414518 0.0000000 
