10
Mlig.25555 0.0000000 0.0298493 0.2881467 0.2988015 0.9020033 0.6054308 0.6054308 0.5831276 0.2816840 0.0399448 
Mlig.29324 0.0298493 0.0000000 0.2854893 0.2960661 0.9050711 0.5979620 0.5979620 0.5753314 0.2791476 0.0297069 
Mlig.24641 0.2881467 0.2854893 0.0000000 0.0294284 0.9042804 0.6262146 0.6262146 0.6041225 0.0296530 0.2749781 
Mlig.24642 0.2988015 0.2960661 0.0294284 0.0000000 0.9101600 0.6348363 0.6348363 0.6130965 0.0196372 0.2856846 
Mlig.36005 0.9020033 0.9050711 0.9042804 0.9101600 0.0000000 0.1753799 0.1753799 0.2288605 0.8544905 0.8724373 
Mlig.36006 0.6054308 0.5979620 0.6262146 0.6348363 0.1753799 0.0000000 0.0000010 0.0402449 0.5936883 0.5762282 
Mlig.36008 0.6054308 0.5979620 0.6262146 0.6348363 0.1753799 0.0000010 0.0000000 0.0402449 0.5936883 0.5762282 
Mlig.36007 0.5831276 0.5753314 0.6041225 0.6130965 0.2288605 0.0402449 0.0402449 0.0000000 0.5719727 0.5534452 
Mlig.24643 0.2816840 0.2791476 0.0296530 0.0196372 0.8544905 0.5936883 0.5936883 0.5719727 0.0000000 0.2557443 
Mlig.25554 0.0399448 0.0297069 0.2749781 0.2856846 0.8724373 0.5762282 0.5762282 0.5534452 0.2557443 0.0000000 
