8
Mlig.24809 0.0000000 0.0075790 1.0188149 1.0234135 1.0234135 1.1016001 1.0964390 1.0983666 
Mlig.38554 0.0075790 0.0000000 1.0222262 1.0268285 1.0268285 1.1063158 1.1011357 1.1030644 
Mlig.17697 1.0188149 1.0222262 0.0000000 0.0047813 0.0047813 0.5075198 0.5060919 0.5014196 
Mlig.3211  1.0234135 1.0268285 0.0047813 0.0000000 0.0000010 0.5086889 0.5072581 0.5025856 
Mlig.40800 1.0234135 1.0268285 0.0047813 0.0000010 0.0000000 0.5086889 0.5072581 0.5025856 
Mlig.40522 1.1016001 1.1063158 0.5075198 0.5086889 0.5086889 0.0000000 0.0105152 0.0057271 
Mlig.19465 1.0964390 1.1011357 0.5060919 0.5072581 0.5072581 0.0105152 0.0000000 0.0105164 
Mlig.24431 1.0983666 1.1030644 0.5014196 0.5025856 0.5025856 0.0057271 0.0105164 0.0000000 
