16
Treg.7895  0.0000000 0.3543270 0.4923749 0.1127669 0.1110552 0.0974126 0.2524037 0.0660116 0.0978232 0.0958584 0.0832240 0.0974126 0.0668294 0.0805573 0.0819743 0.0672893 
Treg.12351 0.3543270 0.0000000 0.2217545 0.3660177 0.2831432 0.3066182 0.4203150 0.4050553 0.3721796 0.3900591 0.3631084 0.3066182 0.2633085 0.3649053 0.2842819 0.3767763 
Treg.13899 0.4923749 0.2217545 0.0000000 0.4460865 0.3765500 0.3827104 0.5344320 0.5444884 0.4527518 0.5340346 0.4423490 0.3827104 0.3871233 0.5243593 0.3779606 0.5162921 
Treg.1896  0.1127669 0.3660177 0.4460865 0.0000000 0.0547245 0.0403215 0.1860609 0.1554249 0.0817760 0.1743098 0.0401487 0.0403215 0.0980585 0.1565298 0.0544596 0.1587312 
Treg.2316  0.1110552 0.2831432 0.3765500 0.0547245 0.0000000 0.0404821 0.1854356 0.1530618 0.0968470 0.1570903 0.0824688 0.0404821 0.0400743 0.1399275 0.0265136 0.1261979 
Treg.11953 0.0974126 0.3066182 0.3827104 0.0403215 0.0404821 0.0000000 0.1695873 0.1394807 0.0537829 0.1431512 0.0400879 0.0000010 0.0546317 0.1262275 0.0132941 0.1124497 
Treg.10048 0.2524037 0.4203150 0.5344320 0.1860609 0.1854356 0.1695873 0.0000000 0.2970869 0.2318485 0.3404974 0.1848650 0.1695873 0.2025524 0.3185235 0.1861650 0.3039239 
Treg.12676 0.0660116 0.4050553 0.5444884 0.1554249 0.1530618 0.1394807 0.2970869 0.0000000 0.1400979 0.1372385 0.1251388 0.1394807 0.1071809 0.1211234 0.1232459 0.1079052 
Treg.6806  0.0978232 0.3721796 0.4527518 0.0817760 0.0968470 0.0537829 0.2318485 0.1400979 0.0000000 0.0830843 0.0400839 0.0537829 0.1121442 0.0969891 0.0681027 0.1129365 
Treg.6864  0.0958584 0.3900591 0.5340346 0.1743098 0.1570903 0.1431512 0.3404974 0.1372385 0.0830843 0.0000000 0.1279359 0.1431512 0.1098732 0.0950573 0.1264200 0.1106338 
Treg.3244  0.0832240 0.3631084 0.4423490 0.0401487 0.0824688 0.0400879 0.1848650 0.1251388 0.0400839 0.1279359 0.0000000 0.0400879 0.0974547 0.1114298 0.0541386 0.1277354 
Treg.8786  0.0974126 0.3066182 0.3827104 0.0403215 0.0404821 0.0000010 0.1695873 0.1394807 0.0537829 0.1431512 0.0400879 0.0000000 0.0546317 0.1262275 0.0132941 0.1124497 
Treg.10751 0.0668294 0.2633085 0.3871233 0.0980585 0.0400743 0.0546317 0.2025524 0.1071809 0.1121442 0.1098732 0.0974547 0.0546317 0.0000000 0.0942540 0.0402388 0.0809715 
Treg.10509 0.0805573 0.3649053 0.5243593 0.1565298 0.1399275 0.1262275 0.3185235 0.1211234 0.0969891 0.0950573 0.1114298 0.1262275 0.0942540 0.0000000 0.1101315 0.0948987 
Treg.4314  0.0819743 0.2842819 0.3779606 0.0544596 0.0265136 0.0132941 0.1861650 0.1232459 0.0681027 0.1264200 0.0541386 0.0132941 0.0402388 0.1101315 0.0000000 0.0965814 
Treg.5565  0.0672893 0.3767763 0.5162921 0.1587312 0.1261979 0.1124497 0.3039239 0.1079052 0.1129365 0.1106338 0.1277354 0.1124497 0.0809715 0.0948987 0.0965814 0.0000000 
