7
Mlig.8387  0.0000000 0.0022701 0.0000010 0.1635616 0.1635616 0.1667963 0.1667963 
Mlig.30393 0.0022701 0.0000000 0.0022701 0.1609276 0.1609276 0.1641462 0.1641462 
Mlig.48017 0.0000010 0.0022701 0.0000000 0.1635616 0.1635616 0.1667963 0.1667963 
Mlig.15818 0.1635616 0.1609276 0.1635616 0.0000000 0.0000010 0.0515576 0.0515576 
Mlig.15819 0.1635616 0.1609276 0.1635616 0.0000010 0.0000000 0.0515576 0.0515576 
Mlig.20197 0.1667963 0.1641462 0.1667963 0.0515576 0.0515576 0.0000000 0.0000010 
Mlig.20442 0.1667963 0.1641462 0.1667963 0.0515576 0.0515576 0.0000010 0.0000000 
