9
Smed.20362 0.0000000 0.1765180 0.3188360 0.1816552 0.1366357 0.1524155 0.1366357 0.1562515 0.1965680 
Smed.24666 0.1765180 0.0000000 0.2645606 0.1432762 0.1010194 0.1133551 0.1010194 0.1175359 0.1571429 
Smed.24129 0.3188360 0.2645606 0.0000000 0.2458484 0.2137540 0.1752345 0.2137540 0.1367532 0.1741270 
Smed.21050 0.1816552 0.1432762 0.2458484 0.0000000 0.0793609 0.0694353 0.0793609 0.0855794 0.1256652 
Smed.22215 0.1366357 0.1010194 0.2137540 0.0793609 0.0000000 0.0595487 0.0000010 0.0585091 0.0980242 
Smed.23618 0.1524155 0.1133551 0.1752345 0.0694353 0.0595487 0.0000000 0.0595487 0.0331619 0.0674858 
Smed.25382 0.1366357 0.1010194 0.2137540 0.0793609 0.0000010 0.0595487 0.0000000 0.0585091 0.0980242 
Smed.28491 0.1562515 0.1175359 0.1367532 0.0855794 0.0585091 0.0331619 0.0585091 0.0000000 0.0329622 
Smed.27547 0.1965680 0.1571429 0.1741270 0.1256652 0.0980242 0.0674858 0.0980242 0.0329622 0.0000000 
