7
Mlig.4531  0.0000000 0.0117706 0.0117706 0.3995332 0.3917262 0.4003249 0.3807442 
Mlig.46804 0.0117706 0.0000000 0.0000010 0.4005308 0.3927242 0.4013241 0.3817135 
Mlig.10447 0.0117706 0.0000010 0.0000000 0.4005308 0.3927242 0.4013241 0.3817135 
Mlig.11365 0.3995332 0.4005308 0.4005308 0.0000000 0.0059521 0.0119325 0.0960801 
Mlig.40221 0.3917262 0.3927242 0.3927242 0.0059521 0.0000000 0.0059626 0.0897065 
Mlig.5654  0.4003249 0.4013241 0.4013241 0.0119325 0.0059626 0.0000000 0.0962554 
Mlig.10243 0.3807442 0.3817135 0.3817135 0.0960801 0.0897065 0.0962554 0.0000000 
