6
Mlig.47653 0.0000000 0.0060840 0.0081347 0.0781202 0.0803642 0.0803642 
Mlig.18205 0.0060840 0.0000000 0.0060793 0.0757445 0.0779773 0.0779773 
Mlig.47652 0.0081347 0.0060793 0.0000000 0.0691343 0.0713465 0.0713465 
Mlig.37360 0.0781202 0.0757445 0.0691343 0.0000000 0.0020293 0.0020293 
Mlig.37361 0.0803642 0.0779773 0.0713465 0.0020293 0.0000000 0.0000010 
Mlig.37362 0.0803642 0.0779773 0.0713465 0.0020293 0.0000010 0.0000000 
