6
Mlig.25825 0.0000000 0.0022959 0.0092064 0.6093972 0.6123071 0.6123071 
Mlig.25826 0.0022959 0.0000000 0.0115119 0.6087611 0.6116690 0.6116690 
Mlig.47831 0.0092064 0.0115119 0.0000000 0.6141819 0.6170975 0.6170975 
Mlig.37613 0.6093972 0.6087611 0.6141819 0.0000000 0.0043842 0.0043842 
Mlig.11910 0.6123071 0.6116690 0.6170975 0.0043842 0.0000000 0.0000010 
Mlig.37620 0.6123071 0.6116690 0.6170975 0.0043842 0.0000010 0.0000000 
