6
Hdim.12096 0.0000000 0.9425149 0.6697975 0.6396060 0.6697975 0.5148180 
Hdim.6025  0.9425149 0.0000000 1.0117139 1.0670811 1.0117139 0.8299906 
Hdim.5009  0.6697975 1.0117139 0.0000000 0.6838412 0.0000010 0.5112179 
Hdim.13193 0.6396060 1.0670811 0.6838412 0.0000000 0.6838412 0.5648170 
Hdim.4915  0.6697975 1.0117139 0.0000010 0.6838412 0.0000000 0.5112179 
Hdim.9484  0.5148180 0.8299906 0.5112179 0.5648170 0.5112179 0.0000000 
