20
Smed.19475 0.0000000 0.6493427 0.3902070 0.4294023 0.4291805 0.3023836 0.4226433 0.3023836 0.4167443 0.4672037 0.4023566 0.4276823 0.4276823 0.2926194 0.4053230 0.5637751 0.4389661 0.4221976 0.5468354 0.4161775 
Smed.18527 0.6493427 0.0000000 0.5185705 0.3343270 0.4695108 0.3273526 0.4611789 0.3273526 0.1977577 0.6449581 0.4369778 0.4670964 0.4670964 0.3987383 0.4401086 0.6222169 0.4801248 0.4604007 0.6009442 0.4535043 
Smed.245   0.3902070 0.5185705 0.0000000 0.2807422 0.2984376 0.1882979 0.2949359 0.1882979 0.2902579 0.2005816 0.0887090 0.2985147 0.2985147 0.0887090 0.2840920 0.3011755 0.3072281 0.2950685 0.1930508 0.2428441 
Smed.17518 0.4294023 0.3343270 0.2807422 0.0000000 0.2037113 0.0968493 0.2016677 0.0968493 0.1979674 0.3415135 0.1920336 0.2043016 0.2043016 0.1879017 0.1943502 0.3213178 0.2112531 0.2019712 0.3131956 0.1984703 
Smed.27227 0.4291805 0.4695108 0.2984376 0.2037113 0.0000000 0.1004281 0.2099938 0.1004281 0.2060088 0.3514010 0.1995400 0.2128517 0.2128517 0.1995400 0.2020152 0.3364843 0.2203486 0.2103041 0.3274257 0.2065234 
Smed.27818 0.3023836 0.3273526 0.1882979 0.0968493 0.1004281 0.0000000 0.0996456 0.0000010 0.0975909 0.2210929 0.0948280 0.1010060 0.1010060 0.0948280 0.0961821 0.2116626 0.1049951 0.0999057 0.2068625 0.0980243 
Smed.13683 0.4226433 0.4611789 0.2949359 0.2016677 0.2099938 0.0996456 0.0000000 0.0996456 0.2038971 0.3462514 0.1975893 0.2105832 0.2105832 0.1975893 0.2000159 0.3318243 0.2179088 0.2081021 0.3230975 0.2044074 
Smed.9082  0.3023836 0.3273526 0.1882979 0.0968493 0.1004281 0.0000010 0.0996456 0.0000000 0.0975909 0.2210929 0.0948280 0.1010060 0.1010060 0.0948280 0.0961821 0.2116626 0.1049951 0.0999057 0.2068625 0.0980243 
Smed.29318 0.4167443 0.1977577 0.2902579 0.1979674 0.2060088 0.0975909 0.2038971 0.0975909 0.0000000 0.3404051 0.1940064 0.2066025 0.2066025 0.1940064 0.1963744 0.3262896 0.2137339 0.2042040 0.3178108 0.2006134 
Smed.5377  0.4672037 0.6449581 0.2005816 0.3415135 0.3514010 0.2210929 0.3462514 0.2210929 0.3404051 0.0000000 0.2104060 0.3509266 0.3509266 0.2104060 0.3314513 0.2238497 0.3619146 0.3462025 0.3446828 0.3318984 
Smed.4977  0.4023566 0.4369778 0.0887090 0.1920336 0.1995400 0.0948280 0.1975893 0.0948280 0.1940064 0.2104060 0.0000000 0.2001310 0.2001310 0.1882979 0.1905483 0.2017434 0.2068625 0.1978904 0.0976215 0.1305611 
Smed.7994  0.4276823 0.4670964 0.2985147 0.2043016 0.2128517 0.1010060 0.2105832 0.1010060 0.2066025 0.3509266 0.2001310 0.0000000 0.0000010 0.2001310 0.1375876 0.3361957 0.2209210 0.2108919 0.3272401 0.2071146 
Smed.22377 0.4276823 0.4670964 0.2985147 0.2043016 0.2128517 0.1010060 0.2105832 0.1010060 0.2066025 0.3509266 0.2001310 0.0000010 0.0000000 0.2001310 0.1375876 0.3361957 0.2209210 0.2108919 0.3272401 0.2071146 
Smed.4429  0.2926194 0.3987383 0.0887090 0.1879017 0.1995400 0.0948280 0.1975893 0.0948280 0.1940064 0.2104060 0.1882979 0.2001310 0.2001310 0.0000000 0.1905483 0.3150453 0.2068625 0.1978904 0.3072281 0.1945051 
Smed.11446 0.4053230 0.4401086 0.2840920 0.1943502 0.2020152 0.0961821 0.2000159 0.0961821 0.1963744 0.3314513 0.1905483 0.1375876 0.1375876 0.1905483 0.0000000 0.3181626 0.2094426 0.2003176 0.3102368 0.1968742 
Smed.13888 0.5637751 0.6222169 0.3011755 0.3213178 0.3364843 0.2116626 0.3318243 0.2116626 0.3262896 0.2238497 0.2017434 0.3361957 0.3361957 0.3150453 0.3181626 0.0000000 0.3465694 0.2513987 0.3304618 0.3177114 
Smed.21089 0.4389661 0.4801248 0.3072281 0.2112531 0.2203486 0.1049951 0.2179088 0.1049951 0.2137339 0.3619146 0.2068625 0.2209210 0.2209210 0.2068625 0.2094426 0.3465694 0.0000000 0.2182168 0.0901290 0.2142457 
Smed.14129 0.4221976 0.4604007 0.2950685 0.2019712 0.2103041 0.0999057 0.2081021 0.0999057 0.2042040 0.3462025 0.1978904 0.2108919 0.2108919 0.1978904 0.2003176 0.2513987 0.2182168 0.0000000 0.3231447 0.2047134 
Smed.3132  0.5468354 0.6009442 0.1930508 0.3131956 0.3274257 0.2068625 0.3230975 0.2068625 0.3178108 0.3446828 0.0976215 0.3272401 0.3272401 0.3072281 0.3102368 0.3304618 0.0901290 0.3231447 0.0000000 0.2698117 
Smed.25120 0.4161775 0.4535043 0.2428441 0.1984703 0.2065234 0.0980243 0.2044074 0.0980243 0.2006134 0.3318984 0.1305611 0.2071146 0.2071146 0.1945051 0.1968742 0.3177114 0.2142457 0.2047134 0.2698117 0.0000000 
