23
Smed.24977 0.0000000 0.0259235 0.0000010 0.0250348 0.0000010 0.0250348 0.4104378 0.1435745 0.0250348 0.0506057 0.0250348 0.0250348 0.0250348 0.0250348 0.0503981 0.0250348 0.0250348 0.0250348 0.0250348 0.0508108 0.0250348 0.0777437 0.0250348 
Smed.29675 0.0259235 0.0000000 0.0259235 0.0246310 0.0259235 0.0246310 0.4012381 0.1409075 0.0246310 0.0497778 0.0246310 0.0246310 0.0246310 0.0246310 0.0495770 0.0246310 0.0246310 0.0246310 0.0246310 0.0499763 0.0246310 0.0764340 0.0246310 
Smed.28689 0.0000010 0.0259235 0.0000000 0.0250348 0.0000010 0.0250348 0.4104378 0.1435745 0.0250348 0.0506057 0.0250348 0.0250348 0.0250348 0.0250348 0.0503981 0.0250348 0.0250348 0.0250348 0.0250348 0.0508108 0.0250348 0.0777437 0.0250348 
Smed.2459  0.0250348 0.0246310 0.0250348 0.0000000 0.0250348 0.0000010 0.3668230 0.1125250 0.0000010 0.0247889 0.0000010 0.0000010 0.0000010 0.0000010 0.0246878 0.0000010 0.0000010 0.0000010 0.0000010 0.0248894 0.0000010 0.0507376 0.0000010 
Smed.25299 0.0000010 0.0259235 0.0000010 0.0250348 0.0000000 0.0250348 0.4104378 0.1435745 0.0250348 0.0506057 0.0250348 0.0250348 0.0250348 0.0250348 0.0503981 0.0250348 0.0250348 0.0250348 0.0250348 0.0508108 0.0250348 0.0777437 0.0250348 
Smed.8608  0.0250348 0.0246310 0.0250348 0.0000010 0.0250348 0.0000000 0.3668230 0.1125250 0.0000010 0.0247889 0.0000010 0.0000010 0.0000010 0.0000010 0.0246878 0.0000010 0.0000010 0.0000010 0.0000010 0.0248894 0.0000010 0.0507376 0.0000010 
Smed.7035  0.4104378 0.4012381 0.4104378 0.3668230 0.4104378 0.3668230 0.0000000 0.3545303 0.3668230 0.4046383 0.3668230 0.3668230 0.3668230 0.3668230 0.4031160 0.3668230 0.3668230 0.3668230 0.3668230 0.3718830 0.3668230 0.4525398 0.3668230 
Smed.26666 0.1435745 0.1409075 0.1435745 0.1125250 0.1435745 0.1125250 0.3545303 0.0000000 0.1125250 0.1419385 0.1125250 0.1125250 0.1125250 0.1125250 0.1413326 0.1125250 0.1125250 0.1125250 0.1125250 0.1425268 0.1125250 0.1745604 0.1125250 
Smed.25681 0.0250348 0.0246310 0.0250348 0.0000010 0.0250348 0.0000010 0.3668230 0.1125250 0.0000000 0.0247889 0.0000010 0.0000010 0.0000010 0.0000010 0.0246878 0.0000010 0.0000010 0.0000010 0.0000010 0.0248894 0.0000010 0.0507376 0.0000010 
Smed.14872 0.0506057 0.0497778 0.0506057 0.0247889 0.0506057 0.0247889 0.4046383 0.1419385 0.0247889 0.0000000 0.0247889 0.0247889 0.0247889 0.0247889 0.0498977 0.0247889 0.0247889 0.0247889 0.0247889 0.0503013 0.0247889 0.0769437 0.0247889 
Smed.5848  0.0250348 0.0246310 0.0250348 0.0000010 0.0250348 0.0000010 0.3668230 0.1125250 0.0000010 0.0247889 0.0000000 0.0000010 0.0000010 0.0000010 0.0246878 0.0000010 0.0000010 0.0000010 0.0000010 0.0248894 0.0000010 0.0507376 0.0000010 
Smed.672   0.0250348 0.0246310 0.0250348 0.0000010 0.0250348 0.0000010 0.3668230 0.1125250 0.0000010 0.0247889 0.0000010 0.0000000 0.0000010 0.0000010 0.0246878 0.0000010 0.0000010 0.0000010 0.0000010 0.0248894 0.0000010 0.0507376 0.0000010 
Smed.21663 0.0250348 0.0246310 0.0250348 0.0000010 0.0250348 0.0000010 0.3668230 0.1125250 0.0000010 0.0247889 0.0000010 0.0000010 0.0000000 0.0000010 0.0246878 0.0000010 0.0000010 0.0000010 0.0000010 0.0248894 0.0000010 0.0507376 0.0000010 
Smed.482   0.0250348 0.0246310 0.0250348 0.0000010 0.0250348 0.0000010 0.3668230 0.1125250 0.0000010 0.0247889 0.0000010 0.0000010 0.0000010 0.0000000 0.0246878 0.0000010 0.0000010 0.0000010 0.0000010 0.0248894 0.0000010 0.0507376 0.0000010 
Smed.3300  0.0503981 0.0495770 0.0503981 0.0246878 0.0503981 0.0246878 0.4031160 0.1413326 0.0246878 0.0498977 0.0246878 0.0246878 0.0246878 0.0246878 0.0000000 0.0246878 0.0246878 0.0246878 0.0246878 0.0500962 0.0246878 0.0766291 0.0246878 
Smed.23827 0.0250348 0.0246310 0.0250348 0.0000010 0.0250348 0.0000010 0.3668230 0.1125250 0.0000010 0.0247889 0.0000010 0.0000010 0.0000010 0.0000010 0.0246878 0.0000000 0.0000010 0.0000010 0.0000010 0.0248894 0.0000010 0.0507376 0.0000010 
Smed.6421  0.0250348 0.0246310 0.0250348 0.0000010 0.0250348 0.0000010 0.3668230 0.1125250 0.0000010 0.0247889 0.0000010 0.0000010 0.0000010 0.0000010 0.0246878 0.0000010 0.0000000 0.0000010 0.0000010 0.0248894 0.0000010 0.0507376 0.0000010 
Smed.12846 0.0250348 0.0246310 0.0250348 0.0000010 0.0250348 0.0000010 0.3668230 0.1125250 0.0000010 0.0247889 0.0000010 0.0000010 0.0000010 0.0000010 0.0246878 0.0000010 0.0000010 0.0000000 0.0000010 0.0248894 0.0000010 0.0507376 0.0000010 
Smed.26848 0.0250348 0.0246310 0.0250348 0.0000010 0.0250348 0.0000010 0.3668230 0.1125250 0.0000010 0.0247889 0.0000010 0.0000010 0.0000010 0.0000010 0.0246878 0.0000010 0.0000010 0.0000010 0.0000000 0.0248894 0.0000010 0.0507376 0.0000010 
Smed.28783 0.0508108 0.0499763 0.0508108 0.0248894 0.0508108 0.0248894 0.3718830 0.1425268 0.0248894 0.0503013 0.0248894 0.0248894 0.0248894 0.0248894 0.0500962 0.0248894 0.0248894 0.0248894 0.0248894 0.0000000 0.0248894 0.0772529 0.0248894 
Smed.27971 0.0250348 0.0246310 0.0250348 0.0000010 0.0250348 0.0000010 0.3668230 0.1125250 0.0000010 0.0247889 0.0000010 0.0000010 0.0000010 0.0000010 0.0246878 0.0000010 0.0000010 0.0000010 0.0000010 0.0248894 0.0000000 0.0507376 0.0000010 
Smed.6679  0.0777437 0.0764340 0.0777437 0.0507376 0.0777437 0.0507376 0.4525398 0.1745604 0.0507376 0.0769437 0.0507376 0.0507376 0.0507376 0.0507376 0.0766291 0.0507376 0.0507376 0.0507376 0.0507376 0.0772529 0.0507376 0.0000000 0.0507376 
Smed.13312 0.0250348 0.0246310 0.0250348 0.0000010 0.0250348 0.0000010 0.3668230 0.1125250 0.0000010 0.0247889 0.0000010 0.0000010 0.0000010 0.0000010 0.0246878 0.0000010 0.0000010 0.0000010 0.0000010 0.0248894 0.0000010 0.0507376 0.0000000 
