9
Mlig.32897 0.0000000 0.0000010 0.0070661 0.5271881 0.5247896 0.5261100 0.4381749 0.4389444 0.4389444 
Mlig.32898 0.0000010 0.0000000 0.0070661 0.5271881 0.5247896 0.5261100 0.4381749 0.4389444 0.4389444 
Mlig.29479 0.0070661 0.0070661 0.0000000 0.5315797 0.5291652 0.5304928 0.4360380 0.4368092 0.4368092 
Mlig.36895 0.5271881 0.5271881 0.5315797 0.0000000 0.0044431 0.0044448 0.4762945 0.4775114 0.4775114 
Mlig.36896 0.5247896 0.5247896 0.5291652 0.0044431 0.0000000 0.0035485 0.4727697 0.4739874 0.4739874 
Mlig.36897 0.5261100 0.5261100 0.5304928 0.0044448 0.0035485 0.0000000 0.4748580 0.4760736 0.4760736 
Mlig.26834 0.4381749 0.4381749 0.4360380 0.4762945 0.4727697 0.4748580 0.0000000 0.0070622 0.0070622 
Mlig.26833 0.4389444 0.4389444 0.4368092 0.4775114 0.4739874 0.4760736 0.0070622 0.0000000 0.0000010 
Mlig.26835 0.4389444 0.4389444 0.4368092 0.4775114 0.4739874 0.4760736 0.0070622 0.0000010 0.0000000 
