10
Smed.15121 0.0000000 0.9619163 0.6690989 0.0597624 0.0474187 0.0354739 0.1779031 0.0974263 0.0595235 0.0595235 
Smed.25365 0.9619163 0.0000000 1.2425633 0.9707043 1.0232733 0.9945030 1.1236332 0.9732952 1.0246630 1.0246630 
Smed.25118 0.6690989 1.2425633 0.0000000 0.6389194 0.6480661 0.6674275 0.8311843 0.6689190 0.6552429 0.6552429 
Smed.20482 0.0597624 0.9707043 0.6389194 0.0000000 0.0598278 0.0595262 0.1757861 0.0851153 0.0873987 0.0873987 
Smed.10314 0.0474187 1.0232733 0.6480661 0.0598278 0.0000000 0.0597553 0.1577524 0.0975328 0.0743440 0.0743440 
Smed.13580 0.0354739 0.9945030 0.6674275 0.0595262 0.0597553 0.0000000 0.1927802 0.1105327 0.0720125 0.0720125 
Smed.7420  0.1779031 1.1236332 0.8311843 0.1757861 0.1577524 0.1927802 0.0000000 0.1909628 0.2028972 0.2028972 
Smed.4589  0.0974263 0.9732952 0.6689190 0.0851153 0.0975328 0.1105327 0.1909628 0.0000000 0.1269482 0.1269482 
Smed.8135  0.0595235 1.0246630 0.6552429 0.0873987 0.0743440 0.0720125 0.2028972 0.1269482 0.0000000 0.0000010 
Smed.28516 0.0595235 1.0246630 0.6552429 0.0873987 0.0743440 0.0720125 0.2028972 0.1269482 0.0000010 0.0000000 
