87
Smed.11086 0.0000000 0.2782450 0.2307719 0.2559196 0.2353541 0.1093830 0.2541675 0.1109395 0.1320240 0.2487236 0.0721849 0.1856082 0.1950080 0.2009943 0.2077694 0.2807400 0.2610080 0.2345974 0.2490125 0.2609367 0.2487236 0.2461195 0.2226868 0.2419378 0.2314884 1.9059185 0.2913339 0.2731697 0.2968568 0.2266803 0.1505515 0.2556104 0.2843777 0.2736335 0.2595508 0.2496014 0.2790765 0.2701110 0.2264302 0.2903230 0.2488284 0.2621451 0.2640639 0.2383562 0.2457286 0.2621451 0.2802037 0.2578700 0.2061274 0.1999535 0.1972686 0.2488534 0.2219617 0.2135843 0.2236372 0.2453429 0.2693632 0.2930847 0.2940187 0.2900897 0.2682207 0.2791969 0.2790765 0.2671582 0.2685578 0.2516045 0.2680120 0.2434497 0.2609367 0.2457286 0.2625129 0.2330088 0.2682787 0.2644021 0.2308734 0.2653883 0.2609041 0.2496548 0.2434527 0.2462582 0.2537947 0.2407872 0.2530191 0.2586368 0.2431218 0.2189653 0.2670047 
Smed.27523 0.2782450 0.0000000 0.2216067 0.2534229 0.2329219 0.3137156 0.1634744 0.2892760 0.1427807 0.2362775 0.2804977 0.1205568 0.1275582 0.1549007 0.1400456 0.2551040 0.2486818 0.2321713 0.2695747 0.2592975 0.2362775 0.2436744 0.2202838 0.2434947 0.2339481 1.8288652 0.4358828 0.3913659 0.4240297 0.4047235 0.3500652 0.1756992 0.2367575 0.2415898 0.2127694 0.2530703 0.2483084 0.2624940 0.2703368 0.2427189 0.2410181 0.2444004 0.2516267 0.2408568 0.2432919 0.2444004 0.2566182 0.2343260 0.1173411 0.1173874 0.3654711 0.1818909 0.1713224 0.1476448 0.1436939 0.1756300 0.2448698 0.2323073 0.2165489 0.2593293 0.1981240 0.1860325 0.2483084 0.2596060 0.2609866 0.2213424 0.2604639 0.2460604 0.2592975 0.2432919 0.2624426 0.2097674 0.2447688 0.2442076 0.2359135 0.2477793 0.2485699 0.2606668 0.2736309 0.2438169 0.2353643 0.2331303 0.2574239 0.2440956 0.2457223 0.2212588 0.2821612 
Smed.29032 0.2307719 0.2216067 0.0000000 0.0662478 0.0536025 0.2628013 0.1307737 0.2529653 0.1191364 0.0973172 0.2097344 0.1252531 0.1183363 0.0804355 0.1296084 0.0635171 0.1075963 0.0534156 0.0819587 0.0400480 0.0973172 0.0625673 0.0442527 0.0629086 0.0630595 1.8600818 0.3523325 0.3492492 0.3680576 0.3634890 0.3248493 0.1446651 0.1220665 0.0732131 0.1016930 0.0789648 0.0449208 0.0629246 0.0823338 0.0949765 0.0449770 0.0780956 0.1086683 0.0623556 0.0625748 0.0780956 0.0904619 0.0719364 0.1090471 0.1199035 0.3260252 0.0900273 0.1585980 0.1293070 0.1295986 0.1224962 0.0921007 0.1012936 0.0732232 0.0540282 0.0904190 0.1187587 0.0449208 0.0444739 0.0446986 0.0262236 0.0358480 0.0725159 0.0400480 0.0625748 0.1185315 0.0627969 0.0809698 0.0636958 0.0818622 0.0971928 0.1075007 0.0976158 0.0978940 0.0626879 0.0816347 0.0174345 0.0723949 0.0883265 0.0724905 0.0535267 0.1013869 
Smed.27497 0.2559196 0.2534229 0.0662478 0.0000000 0.0094006 0.2894270 0.1296888 0.2791425 0.1395166 0.0578267 0.2340321 0.1445472 0.1366604 0.1056571 0.1488315 0.0779156 0.0678070 0.0284476 0.0379598 0.0374676 0.0578267 0.0187331 0.0189158 0.0379696 0.0188408 1.8994162 0.3837916 0.3621896 0.4059014 0.3968745 0.3545713 0.1436923 0.1200976 0.0885932 0.0987608 0.0379865 0.0775594 0.0376811 0.0381649 0.0264742 0.0384780 0.0375714 0.0684642 0.0572635 0.0187442 0.0375714 0.0470181 0.0281882 0.1268445 0.1385657 0.3568228 0.1154035 0.1588256 0.1281623 0.1284657 0.1417016 0.1082176 0.0983522 0.1081339 0.0872824 0.0869774 0.1072458 0.0775594 0.0568978 0.0375869 0.0568168 0.0678424 0.0283339 0.0374676 0.0187442 0.0782644 0.0282051 0.0374978 0.0779150 0.0378075 0.0579498 0.0677377 0.0579996 0.0582124 0.0187772 0.0376915 0.0473378 0.0283674 0.0472059 0.0283309 0.0284445 0.0571723 
Smed.28002 0.2353541 0.2329219 0.0536025 0.0094006 0.0000000 0.2680756 0.1140124 0.2580328 0.1228780 0.0453437 0.2138619 0.1282181 0.1210539 0.0912924 0.1326236 0.0644319 0.0548025 0.0177100 0.0266677 0.0263421 0.0453437 0.0087226 0.0088029 0.0266744 0.0087704 1.8782572 0.3599944 0.3387449 0.3812765 0.3721624 0.3314470 0.1272305 0.1046912 0.0745415 0.0842795 0.0266859 0.0641519 0.0264804 0.0268091 0.0375714 0.0270150 0.0264102 0.0553067 0.0449266 0.0087284 0.0264102 0.0353502 0.0175585 0.1115549 0.1226936 0.3337798 0.1006866 0.1414775 0.1126854 0.1129494 0.1254041 0.0934438 0.0839384 0.0933752 0.0734801 0.0732130 0.0926074 0.0641519 0.0446530 0.0264220 0.0445914 0.0548546 0.0176438 0.0263421 0.0087284 0.0646847 0.0175699 0.0263619 0.0644344 0.0265693 0.0454354 0.0547466 0.0454723 0.0455163 0.0087425 0.0264905 0.0355775 0.0176628 0.0354826 0.0176431 0.0177093 0.0448572 
Smed.8002  0.1093830 0.3137156 0.2628013 0.2894270 0.2680756 0.0000000 0.2865882 0.1498755 0.1611151 0.2815589 0.1102857 0.2159026 0.2256724 0.2320789 0.2389063 0.3139998 0.2941253 0.2672469 0.2822291 0.2941115 0.2815589 0.2789806 0.2550769 0.2744839 0.2639214 2.0229145 0.2877100 0.2575760 0.2930371 0.2308872 0.1498408 0.2882480 0.3174037 0.3067509 0.2920150 0.2828540 0.3122757 0.3035990 0.2592923 0.3242445 0.2821307 0.2953230 0.2976283 0.2703624 0.2784734 0.2953230 0.3134668 0.2908923 0.2370338 0.2309825 0.1753265 0.2806846 0.2397142 0.2451451 0.2601602 0.2636121 0.3018970 0.3265576 0.3272799 0.3233887 0.3006388 0.3088015 0.3122757 0.3002268 0.3017689 0.2840016 0.3010983 0.2761584 0.2941115 0.2784734 0.2958356 0.2654212 0.3013414 0.2971051 0.2632186 0.2988160 0.2940426 0.2826463 0.2766639 0.2790594 0.2865428 0.2730835 0.2865040 0.2916125 0.2757439 0.2510597 0.3001708 
Smed.27122 0.2541675 0.1634744 0.1307737 0.1296888 0.1140124 0.2865882 0.0000000 0.2649481 0.1218323 0.1679862 0.2537779 0.1071396 0.0628742 0.0829055 0.0730946 0.0912747 0.1568297 0.1136223 0.1452340 0.1432090 0.1679862 0.1235714 0.1035409 0.1332007 0.1241696 1.8633869 0.3713710 0.3666807 0.4057615 0.3810104 0.3251987 0.0353298 0.0924761 0.1015506 0.0728062 0.1453198 0.0908728 0.1442373 0.1458064 0.1404944 0.1251104 0.1243727 0.1810278 0.1319270 0.1235122 0.1243727 0.1343640 0.1145468 0.0538042 0.1021217 0.3428910 0.0725342 0.1402707 0.0923804 0.0544740 0.0622811 0.1007183 0.0725167 0.0816814 0.1001778 0.0728062 0.0740724 0.0908728 0.1429191 0.1436549 0.1113343 0.1005474 0.1345223 0.1432090 0.1235122 0.1912326 0.0940050 0.1241011 0.1097082 0.1251032 0.1683793 0.1789883 0.1685460 0.1697675 0.1237604 0.1247654 0.1213078 0.1347421 0.1543963 0.1344262 0.1135549 0.1659227 
Smed.8521  0.1109395 0.2892760 0.2529653 0.2791425 0.2580328 0.1498755 0.2649481 0.0000000 0.1421190 0.2714720 0.0910030 0.1949581 0.2047117 0.2107789 0.2177489 0.3031859 0.2839474 0.2572256 0.2720317 0.2839226 0.2714720 0.2688920 0.2451335 0.2644914 0.2539633 1.8738202 0.3104985 0.2693584 0.3180132 0.2264910 0.1510325 0.2664735 0.3067177 0.2966237 0.2814244 0.2726445 0.3014745 0.2933060 0.2483109 0.3024262 0.2719089 0.2739598 0.2873094 0.2380911 0.2474048 0.2739598 0.2709002 0.2696244 0.2160166 0.1870888 0.2165271 0.2593986 0.2332574 0.2236648 0.2424875 0.2560405 0.2919557 0.3157546 0.3165441 0.3126038 0.2900935 0.2903623 0.3014745 0.2900655 0.2915638 0.2733110 0.2909318 0.2661150 0.2839226 0.2474048 0.2738270 0.2445157 0.2589545 0.2863876 0.2423501 0.2885423 0.2594977 0.2725102 0.2664677 0.2689909 0.2654436 0.2631701 0.2762259 0.2814827 0.2657279 0.2412020 0.2688100 
Smed.8040  0.1320240 0.1427807 0.1191364 0.1395166 0.1228780 0.1611151 0.1218323 0.1421190 0.0000000 0.1421698 0.1316119 0.0639475 0.0886669 0.0948016 0.0795971 0.1647459 0.1531879 0.1224440 0.1555613 0.1507908 0.1421698 0.1328589 0.1118526 0.1296982 0.1204372 1.9342343 0.2901401 0.2726739 0.3351888 0.2622819 0.2159161 0.1224460 0.1916334 0.1577659 0.1690042 0.1397007 0.1633004 0.1537937 0.1344465 0.1508328 0.1338003 0.1316161 0.1548191 0.1284311 0.1327809 0.1316161 0.1441817 0.1234892 0.0789515 0.0747955 0.2312029 0.1191404 0.0935267 0.0870331 0.1043363 0.1118646 0.1784667 0.1870493 0.1777667 0.1735868 0.1556580 0.1430652 0.1633004 0.1523148 0.1430068 0.1396200 0.1530025 0.1310165 0.1507908 0.1327809 0.1650983 0.1018554 0.1334511 0.1510475 0.1004535 0.1562340 0.1530713 0.1426380 0.1354843 0.1330597 0.1210256 0.1295550 0.1370396 0.1494736 0.1309232 0.1095856 0.1630466 
Smed.23110 0.2487236 0.2362775 0.0973172 0.0578267 0.0453437 0.2815589 0.1679862 0.2714720 0.1421698 0.0000000 0.2272925 0.1395777 0.1699483 0.1171115 0.1829057 0.1148958 0.0088395 0.0455341 0.0548506 0.0649466 0.0000010 0.0544446 0.0549515 0.0550458 0.0361787 1.9596112 0.3841350 0.3625732 0.4193689 0.3697248 0.3455404 0.1615759 0.1370452 0.1057940 0.1155808 0.0368778 0.1147620 0.0737094 0.0743585 0.0477626 0.0752182 0.0458901 0.0089155 0.0741783 0.0544557 0.0458901 0.0635882 0.0451275 0.1598885 0.1299626 0.3572147 0.1523009 0.1586217 0.1347847 0.1452259 0.1762929 0.1249447 0.1358440 0.1252953 0.1246019 0.1035470 0.1445953 0.1147620 0.0932125 0.0734880 0.0930846 0.1049431 0.0269813 0.0649466 0.0544557 0.0178830 0.0639403 0.0541935 0.0949850 0.0548070 0.0177401 0.0088295 0.0177613 0.0360258 0.0545547 0.0360083 0.0835473 0.0454102 0.0182040 0.0454918 0.0456718 0.0548945 
Smed.4146  0.0721849 0.2804977 0.2097344 0.2340321 0.2138619 0.1102857 0.2537779 0.0910030 0.1316119 0.2272925 0.0000000 0.1851627 0.1945562 0.2005464 0.2073223 0.2592433 0.2394790 0.2131516 0.2272955 0.2393339 0.2272925 0.2246198 0.2013295 0.2206228 0.2101791 1.9539294 0.3113332 0.2712468 0.3198514 0.2483753 0.1714313 0.2552214 0.2630361 0.2521282 0.2383534 0.2278715 0.2576023 0.2483789 0.2047761 0.2684542 0.2270437 0.2405534 0.2422707 0.2173774 0.2242974 0.2405534 0.2587021 0.2363483 0.2056818 0.1773198 0.2181502 0.2484601 0.2215251 0.2131415 0.2317675 0.2240845 0.2482189 0.2715252 0.2726233 0.2686406 0.2471395 0.2788604 0.2576023 0.2456767 0.2469894 0.2304484 0.2465219 0.2220428 0.2393339 0.2242974 0.2408622 0.2117094 0.2468137 0.2431496 0.2096200 0.2436743 0.2393645 0.2281323 0.2217093 0.2247899 0.2324401 0.2196188 0.2311362 0.2371649 0.2217654 0.1977998 0.2454763 
Smed.24131 0.1856082 0.1205568 0.1252531 0.1445472 0.1282181 0.2159026 0.1071396 0.1949581 0.0639475 0.1395777 0.1851627 0.0000000 0.0755725 0.0816524 0.0862799 0.1483931 0.1503982 0.1277811 0.1601169 0.1561334 0.1395777 0.1379297 0.1174595 0.1476863 0.1385864 1.8845670 0.3279683 0.2871149 0.3122200 0.3003482 0.2740099 0.1201988 0.1744132 0.1627955 0.1526881 0.1446944 0.1476795 0.1590220 0.1607243 0.1344892 0.1396462 0.1368354 0.1519711 0.1462485 0.1378445 0.1368354 0.1489940 0.1288436 0.0662175 0.0442874 0.2671381 0.1048189 0.0815116 0.0551532 0.0908259 0.1178243 0.1823881 0.1698370 0.1617557 0.1575875 0.1400590 0.1275006 0.1476795 0.1575314 0.1583453 0.1251681 0.1582080 0.1491638 0.1561334 0.1378445 0.1620847 0.1077573 0.1385270 0.1483481 0.1396481 0.1398959 0.1502840 0.1609659 0.1621279 0.1381264 0.1392769 0.1353609 0.1494191 0.1467496 0.1490442 0.1276943 0.1811387 
Smed.17364 0.1950080 0.1275582 0.1183363 0.1366604 0.1210539 0.2256724 0.0628742 0.2047117 0.0886669 0.1699483 0.1945562 0.0755725 0.0000000 0.0533726 0.0439746 0.1405874 0.1809906 0.1206505 0.1318778 0.1479966 0.1699483 0.1304538 0.1107049 0.1399177 0.1310656 1.8229553 0.3647528 0.2992008 0.3362682 0.3127181 0.2621063 0.0817964 0.1423154 0.1521389 0.1214885 0.1501706 0.1399335 0.1508379 0.1524310 0.1473207 0.1320394 0.1292298 0.1829159 0.1386000 0.1303843 0.1292298 0.1411195 0.1216185 0.0258912 0.0715061 0.2784428 0.0799970 0.1267287 0.0806216 0.0624435 0.0725342 0.1503347 0.1210169 0.1304356 0.1495465 0.1097209 0.0819167 0.1399335 0.1494751 0.1502278 0.1182622 0.1501170 0.1412795 0.1479966 0.1303843 0.1930252 0.1013353 0.1310025 0.1405509 0.1320365 0.1703434 0.1808726 0.1705111 0.1717358 0.1306424 0.1316910 0.1281019 0.1415100 0.1591868 0.1411753 0.1205758 0.1722353 
Smed.15534 0.2009943 0.1549007 0.0804355 0.1056571 0.0912924 0.2320789 0.0829055 0.2107789 0.0948016 0.1171115 0.2005464 0.0816524 0.0533726 0.0000000 0.0821004 0.1012789 0.1275384 0.0909825 0.1015594 0.1171234 0.1171115 0.1004768 0.0814037 0.1007255 0.1009677 1.8625902 0.3205829 0.2910062 0.3531656 0.3045724 0.2683018 0.1025292 0.1023705 0.1118639 0.0824657 0.1086331 0.1008269 0.1201307 0.1214480 0.1159080 0.1017096 0.0985206 0.1288257 0.0998088 0.1004517 0.0985206 0.1106685 0.0916861 0.0626571 0.0726749 0.2704116 0.0808733 0.1326689 0.0914769 0.0633396 0.0930110 0.1105629 0.1014666 0.0913570 0.1102065 0.0716835 0.0822909 0.1008269 0.1190984 0.1196971 0.0803997 0.1106166 0.1108034 0.1171234 0.1004517 0.1387098 0.0722388 0.1008933 0.1012693 0.1016910 0.1173694 0.1274337 0.1174760 0.1182697 0.1006438 0.1014144 0.0898508 0.1109681 0.1278162 0.1107408 0.0909415 0.1407184 
Smed.17792 0.2077694 0.1400456 0.1296084 0.1488315 0.1326236 0.2389063 0.0730946 0.2177489 0.0795971 0.1829057 0.2073223 0.0862799 0.0439746 0.0821004 0.0000000 0.1525188 0.1942024 0.1321812 0.1641492 0.1602098 0.1829057 0.1421939 0.1220018 0.1518130 0.1428551 1.9414079 0.3563107 0.3387796 0.3499698 0.3275506 0.2741356 0.0924541 0.1517027 0.1638214 0.1330643 0.1626019 0.1517937 0.1630455 0.1437984 0.1597552 0.1439304 0.1412089 0.1963128 0.1503526 0.1421020 0.1412089 0.1531396 0.1332652 0.0351149 0.0818466 0.2923430 0.0904056 0.1383424 0.0911261 0.0723992 0.0638511 0.1624334 0.1330157 0.1421212 0.1615771 0.1208868 0.0923111 0.1517937 0.1615308 0.1623530 0.1295193 0.1622058 0.1533096 0.1602098 0.1421020 0.2065616 0.1124713 0.1428001 0.1524703 0.1233599 0.1833406 0.1940831 0.1835265 0.1628702 0.1423887 0.1435613 0.1395811 0.1464151 0.1717004 0.1531850 0.1320898 0.1849456 
Smed.27651 0.2807400 0.2551040 0.0635171 0.0779156 0.0644319 0.3139998 0.0912747 0.3031859 0.1647459 0.1148958 0.2592433 0.1483931 0.1405874 0.1012789 0.1525188 0.0000000 0.1253527 0.0642039 0.0938223 0.0739091 0.1148958 0.0736646 0.0547104 0.0738646 0.0740461 1.9598801 0.3843735 0.3815521 0.4051808 0.3962651 0.3662990 0.1034571 0.0732162 0.0632297 0.0540109 0.0938816 0.0175664 0.0931655 0.0942476 0.1075102 0.0745990 0.0928470 0.1266231 0.0731959 0.0736653 0.0928470 0.1024745 0.0833634 0.1310161 0.1424977 0.3567824 0.0921582 0.1839362 0.1323394 0.1326429 0.1206322 0.0632768 0.0537948 0.0447727 0.0264187 0.0540109 0.1119441 0.0175664 0.0737593 0.0741406 0.0359355 0.0265107 0.0837974 0.0739091 0.0736653 0.1365677 0.0833780 0.0926539 0.0353938 0.0933968 0.1151493 0.1252483 0.1152541 0.1160319 0.0738040 0.0931366 0.0451873 0.0839142 0.1029080 0.0837621 0.0641842 0.1135492 
Smed.28019 0.2610080 0.2486818 0.1075963 0.0678070 0.0548025 0.2941253 0.1568297 0.2839474 0.1531879 0.0088395 0.2394790 0.1503982 0.1809906 0.1275384 0.1942024 0.1253527 0.0000000 0.0550340 0.0644513 0.0747420 0.0088395 0.0639765 0.0645725 0.0646869 0.0455486 1.9782653 0.3978784 0.3762017 0.4340299 0.3836049 0.3588323 0.1728279 0.1478581 0.1162382 0.1260964 0.0464103 0.1252044 0.0835385 0.0842490 0.0575881 0.0852491 0.0554365 0.0179586 0.0840533 0.0639834 0.0554365 0.0731824 0.0545368 0.1708549 0.1407275 0.3706369 0.1629512 0.1697588 0.1454322 0.1559929 0.1877716 0.1355046 0.1465778 0.1358888 0.1351310 0.1137676 0.1553424 0.1252044 0.1032748 0.0832744 0.1031333 0.1152970 0.0362331 0.0747420 0.0639834 0.0270139 0.0735922 0.0636702 0.1052234 0.0643988 0.0267965 0.0177836 0.0268295 0.0453494 0.0641019 0.0453304 0.0935070 0.0548837 0.0274894 0.0549822 0.0552029 0.0645027 
Smed.27144 0.2345974 0.2321713 0.0534156 0.0284476 0.0177100 0.2672469 0.1136223 0.2572256 0.1224440 0.0455341 0.2131516 0.1277811 0.1206505 0.0909825 0.1321812 0.0642039 0.0550340 0.0000000 0.0267778 0.0445840 0.0455341 0.0265778 0.0087709 0.0451619 0.0267216 1.9387315 0.3589737 0.3566114 0.3802042 0.3444197 0.3304793 0.1267923 0.1043280 0.0742779 0.0839838 0.0267961 0.0639258 0.0448332 0.0453808 0.0377330 0.0269169 0.0265181 0.0555425 0.0447673 0.0265907 0.0265181 0.0354950 0.0176301 0.1111794 0.1222802 0.3328137 0.1003479 0.1409856 0.1123030 0.1125654 0.1249742 0.0931204 0.0836448 0.0930522 0.0732236 0.0729580 0.0922888 0.0639258 0.0444956 0.0447205 0.0444344 0.0546595 0.0177161 0.0445840 0.0265907 0.0649607 0.0356840 0.0264694 0.0642064 0.0449731 0.0456266 0.0549777 0.0456638 0.0459277 0.0266359 0.0265991 0.0354513 0.0177352 0.0356285 0.0358376 0.0176454 0.0450435 
Smed.23916 0.2490125 0.2695747 0.0819587 0.0379598 0.0266677 0.2822291 0.1452340 0.2720317 0.1555613 0.0548506 0.2272955 0.1601169 0.1318778 0.1015594 0.1641492 0.0938223 0.0644513 0.0267778 0.0000000 0.0536990 0.0548506 0.0355746 0.0359031 0.0544013 0.0357650 1.9416058 0.4003960 0.3543380 0.3977355 0.3613506 0.3333085 0.1594330 0.1357887 0.1048466 0.1145423 0.0358646 0.0933971 0.0540069 0.0546584 0.0472151 0.0550991 0.0354902 0.0650530 0.0732930 0.0355886 0.0354902 0.0445321 0.0265456 0.1421242 0.1539484 0.3490976 0.1306023 0.1754781 0.1435742 0.1444219 0.1573778 0.1238211 0.1140836 0.1237252 0.1029624 0.1026387 0.1231944 0.0933971 0.0728361 0.0538634 0.0727366 0.0838570 0.0266761 0.0536990 0.0355886 0.0745214 0.0447714 0.0354239 0.0938160 0.0541685 0.0549629 0.0643870 0.0550082 0.0553266 0.0356503 0.0355986 0.0634770 0.0267059 0.0447023 0.0449662 0.0451420 0.0542538 
Smed.26412 0.2609367 0.2592975 0.0400480 0.0374676 0.0263421 0.2941115 0.1432090 0.2839226 0.1507908 0.0649466 0.2393339 0.1561334 0.1479966 0.1171234 0.1602098 0.0739091 0.0747420 0.0445840 0.0536990 0.0000000 0.0649466 0.0351373 0.0354577 0.0538380 0.0353413 1.8924830 0.3943480 0.3728734 0.4002595 0.4076400 0.3587677 0.1577274 0.1338968 0.0838657 0.1129781 0.0355121 0.0548714 0.0353304 0.0539629 0.0656929 0.0360400 0.0351450 0.0754533 0.0725614 0.0351511 0.0351450 0.0622593 0.0441943 0.1382736 0.1500346 0.3674041 0.1102608 0.1722553 0.1415921 0.1419132 0.1533767 0.1031782 0.1125313 0.0838838 0.0641661 0.1012707 0.1210925 0.0548714 0.0356327 0.0175675 0.0355832 0.0456110 0.0444871 0.0000010 0.0351511 0.0850485 0.0442143 0.0530695 0.0741370 0.0536097 0.0648957 0.0746691 0.0651368 0.0652354 0.0352112 0.0534558 0.0266129 0.0444652 0.0443366 0.0444786 0.0446510 0.0724519 
Smed.27311 0.2487236 0.2362775 0.0973172 0.0578267 0.0453437 0.2815589 0.1679862 0.2714720 0.1421698 0.0000010 0.2272925 0.1395777 0.1699483 0.1171115 0.1829057 0.1148958 0.0088395 0.0455341 0.0548506 0.0649466 0.0000000 0.0544446 0.0549515 0.0550458 0.0361787 1.9596112 0.3841350 0.3625732 0.4193689 0.3697248 0.3455404 0.1615759 0.1370452 0.1057940 0.1155808 0.0368778 0.1147620 0.0737094 0.0743585 0.0477626 0.0752182 0.0458901 0.0089155 0.0741783 0.0544557 0.0458901 0.0635882 0.0451275 0.1598885 0.1299626 0.3572147 0.1523009 0.1586217 0.1347847 0.1452259 0.1762929 0.1249447 0.1358440 0.1252953 0.1246019 0.1035470 0.1445953 0.1147620 0.0932125 0.0734880 0.0930846 0.1049431 0.0269813 0.0649466 0.0544557 0.0178830 0.0639403 0.0541935 0.0949850 0.0548070 0.0177401 0.0088295 0.0177613 0.0360258 0.0545547 0.0360083 0.0835473 0.0454102 0.0182040 0.0454918 0.0456718 0.0548945 
Smed.21306 0.2461195 0.2436744 0.0625673 0.0187331 0.0087226 0.2789806 0.1235714 0.2688920 0.1328589 0.0544446 0.2246198 0.1379297 0.1304538 0.1004768 0.1421939 0.0736646 0.0639765 0.0265778 0.0355746 0.0351373 0.0544446 0.0000000 0.0176132 0.0355834 0.0175477 1.9184694 0.3715858 0.3502627 0.3931766 0.3841418 0.3428440 0.1370331 0.1142553 0.0838932 0.0936832 0.0355984 0.0733417 0.0353262 0.0357583 0.0468559 0.0360358 0.0352294 0.0645694 0.0539390 0.0174634 0.0352294 0.0442071 0.0263491 0.1209255 0.1322228 0.3451249 0.1099062 0.1515743 0.1221483 0.1224313 0.1351380 0.1028382 0.0933070 0.1027617 0.0826965 0.0824106 0.1019343 0.0733417 0.0536097 0.0352436 0.0535364 0.0640169 0.0264777 0.0351373 0.0174634 0.0739731 0.0263645 0.0351640 0.0736651 0.0354400 0.0545553 0.0639130 0.0546000 0.0547629 0.0174921 0.0353363 0.0444932 0.0265070 0.0443748 0.0264753 0.0265754 0.0538565 
Smed.27816 0.2226868 0.2202838 0.0442527 0.0189158 0.0088029 0.2550769 0.1035409 0.2451335 0.1118526 0.0549515 0.2013295 0.1174595 0.1107049 0.0814037 0.1220018 0.0547104 0.0645725 0.0087709 0.0359031 0.0354577 0.0549515 0.0176132 0.0000000 0.0359120 0.0177093 1.8959957 0.3458033 0.3431583 0.3666567 0.3574655 0.3175866 0.1163859 0.0942861 0.0646102 0.0742122 0.0359273 0.0544768 0.0356502 0.0360900 0.0473025 0.0178384 0.0355516 0.0651766 0.0356019 0.0176234 0.0355516 0.0446105 0.0265907 0.1013089 0.1121914 0.3199781 0.0906876 0.1301843 0.1023302 0.1025710 0.1146571 0.0833130 0.0739118 0.0832532 0.0636995 0.0634574 0.0825582 0.0544768 0.0353876 0.0355660 0.0353388 0.0452868 0.0267216 0.0354577 0.0176234 0.0746654 0.0266063 0.0354850 0.0547142 0.0357659 0.0550642 0.0645080 0.0551097 0.0552801 0.0176527 0.0356604 0.0264324 0.0267516 0.0447813 0.0267192 0.0087710 0.0543524 
Smed.25758 0.2419378 0.2434947 0.0629086 0.0379696 0.0266744 0.2744839 0.1332007 0.2644914 0.1296982 0.0550458 0.2206228 0.1476863 0.1399177 0.1007255 0.1518130 0.0738646 0.0646869 0.0451619 0.0544013 0.0538380 0.0550458 0.0355834 0.0359120 0.0000000 0.0177357 1.8942396 0.3558366 0.3350612 0.3747085 0.3682724 0.3376879 0.1264694 0.1145358 0.0843918 0.0939261 0.0544371 0.0737648 0.0541484 0.0546716 0.0665857 0.0552488 0.0538593 0.0652934 0.0357629 0.0355974 0.0538593 0.0630717 0.0447619 0.1303696 0.1418148 0.3301630 0.1101705 0.1616882 0.1316836 0.1319851 0.1449319 0.1030964 0.0935483 0.1033731 0.0831805 0.0826275 0.1113497 0.0737648 0.0730728 0.0540037 0.0538121 0.0643757 0.0267628 0.0538380 0.0355974 0.0748026 0.0447823 0.0537549 0.0549685 0.0358227 0.0741775 0.0646222 0.0552046 0.0746245 0.0356591 0.0357169 0.0446962 0.0450400 0.0448545 0.0267604 0.0268627 0.0544445 
Smed.28927 0.2314884 0.2339481 0.0630595 0.0188408 0.0087704 0.2639214 0.1241696 0.2539633 0.1204372 0.0361787 0.2101791 0.1385864 0.1310656 0.1009677 0.1428551 0.0740461 0.0455486 0.0267216 0.0357650 0.0353413 0.0361787 0.0175477 0.0177093 0.0177357 0.0000000 1.8645452 0.3550859 0.3339567 0.3734706 0.3670456 0.3267422 0.1172587 0.1148199 0.0846015 0.0941584 0.0357891 0.0739461 0.0355337 0.0359506 0.0471118 0.0362560 0.0354162 0.0459638 0.0358496 0.0175578 0.0354162 0.0444389 0.0264905 0.1215028 0.1328489 0.3290864 0.1104348 0.1523011 0.1227356 0.1230207 0.1357874 0.1033496 0.0937788 0.1036279 0.0833844 0.0828288 0.1024386 0.0739461 0.0540168 0.0354495 0.0539423 0.0645343 0.0087983 0.0353413 0.0175578 0.0553004 0.0265060 0.0353502 0.0551037 0.0176675 0.0548446 0.0455009 0.0362805 0.0550568 0.0175869 0.0176145 0.0448055 0.0266501 0.0265433 0.0087984 0.0088311 0.0357938 
Smed.27365 1.9059185 1.8288652 1.8600818 1.8994162 1.8782572 2.0229145 1.8633869 1.8738202 1.9342343 1.9596112 1.9539294 1.8845670 1.8229553 1.8625902 1.9414079 1.9598801 1.9782653 1.9387315 1.9416058 1.8924830 1.9596112 1.9184694 1.8959957 1.8942396 1.8645452 0.0000000 1.9883577 1.9129452 1.9321644 2.0296546 2.0318009 1.8863816 1.9795021 1.9450271 1.9468259 1.9686948 1.8823186 1.9379827 1.9691601 1.8953142 1.9335235 1.9015986 1.9949757 1.8552288 1.8959385 1.9015986 1.8979581 1.8918620 1.8307580 1.8107019 1.8934538 1.8828749 1.9339433 1.9043310 1.9194194 1.9364193 2.0100304 1.9628246 1.9576787 1.8444333 1.9358861 1.9521110 1.8823186 1.8313001 1.9214445 1.8626734 1.8951899 1.9069011 1.8924830 1.8959385 2.0012543 1.8488952 1.9096243 1.8844391 1.8704664 1.9899076 1.9485886 1.9869489 2.0599059 1.8407926 1.8780997 1.8754059 1.9508022 1.8987888 1.8527963 1.8822816 1.9993330 
Smed.21949 0.2913339 0.4358828 0.3523325 0.3837916 0.3599944 0.2877100 0.3713710 0.3104985 0.2901401 0.3841350 0.3113332 0.3279683 0.3647528 0.3205829 0.3563107 0.3843735 0.3978784 0.3589737 0.4003960 0.3943480 0.3841350 0.3715858 0.3458033 0.3558366 0.3550859 1.9883577 0.0000000 0.4029355 0.3901814 0.3584535 0.2889788 0.3800777 0.3889050 0.3758138 0.3619954 0.3831707 0.3824573 0.3883755 0.3502975 0.4204801 0.3759044 0.3956205 0.4029497 0.3502849 0.3706970 0.3956205 0.4078289 0.3841522 0.3306664 0.3708602 0.3406312 0.3745535 0.3989498 0.3895003 0.3547850 0.3453853 0.3722212 0.3849100 0.3721553 0.3939963 0.3474391 0.3934266 0.3824573 0.3937846 0.3957193 0.3651215 0.3708080 0.3683571 0.3943480 0.3706970 0.4003014 0.3713479 0.3949412 0.3659814 0.3541501 0.3795276 0.3979065 0.3858023 0.3800360 0.3714112 0.3790769 0.3537088 0.3808333 0.3913396 0.3676534 0.3410186 0.3941328 
Smed.25401 0.2731697 0.3913659 0.3492492 0.3621896 0.3387449 0.2575760 0.3666807 0.2693584 0.2726739 0.3625732 0.2712468 0.2871149 0.2992008 0.2910062 0.3387796 0.3815521 0.3762017 0.3566114 0.3543380 0.3728734 0.3625732 0.3502627 0.3431583 0.3350612 0.3339567 1.9129452 0.4029355 0.0000000 0.1390561 0.1430161 0.2480584 0.3689392 0.3847961 0.3994777 0.3575553 0.3615920 0.3796121 0.3767822 0.3438903 0.3987280 0.3738942 0.3741508 0.3809810 0.3333290 0.3494599 0.3741508 0.3863875 0.3627823 0.3113674 0.2796627 0.0917029 0.3580998 0.3554356 0.2943173 0.3380258 0.3663432 0.3929949 0.3951197 0.3954951 0.3907599 0.3663543 0.3765351 0.3796121 0.3921771 0.3742757 0.3486414 0.3931280 0.3470944 0.3728734 0.3494599 0.3723380 0.3353858 0.3735721 0.3624615 0.3584357 0.3817251 0.3762011 0.3641252 0.3847224 0.3497492 0.3578186 0.3617191 0.3657222 0.3699470 0.3464563 0.3382813 0.3792633 
Smed.21894 0.2968568 0.4240297 0.3680576 0.4059014 0.3812765 0.2930371 0.4057615 0.3180132 0.3351888 0.4193689 0.3198514 0.3122200 0.3362682 0.3531656 0.3499698 0.4051808 0.4340299 0.3802042 0.3977355 0.4002595 0.4193689 0.3931766 0.3666567 0.3747085 0.3734706 1.9321644 0.3901814 0.1390561 0.0000000 0.1824187 0.2687986 0.4057304 0.4227274 0.4226093 0.3955769 0.3966444 0.3871190 0.4044346 0.3870482 0.4435509 0.3815295 0.4178495 0.4398832 0.3552246 0.3921805 0.4178495 0.4314344 0.4060472 0.3486992 0.3550450 0.1269972 0.3963846 0.4099167 0.3313201 0.3905895 0.4055162 0.4321850 0.4188349 0.4183970 0.3981887 0.4044642 0.4002587 0.3871190 0.3996598 0.4016487 0.3561918 0.4006091 0.3871768 0.4002595 0.3921805 0.4232029 0.4051540 0.4170622 0.3831313 0.3987783 0.4427715 0.4341151 0.4213274 0.4461254 0.3923518 0.3981568 0.3692217 0.4093686 0.4108389 0.3875228 0.3589352 0.4137810 
Smed.1192  0.2266803 0.4047235 0.3634890 0.3968745 0.3721624 0.2308872 0.3810104 0.2264910 0.2622819 0.3697248 0.2483753 0.3003482 0.3127181 0.3045724 0.3275506 0.3962651 0.3836049 0.3444197 0.3613506 0.4076400 0.3697248 0.3841418 0.3574655 0.3682724 0.3670456 2.0296546 0.3584535 0.1430161 0.1824187 0.0000000 0.2540159 0.3833783 0.3994516 0.4144083 0.3719032 0.3687361 0.3942791 0.4119192 0.3513362 0.4065155 0.3887146 0.3814517 0.3885608 0.3477357 0.3609357 0.3814517 0.3716521 0.3698733 0.3249945 0.3180821 0.0806715 0.3721299 0.3695951 0.3350985 0.3519744 0.3607013 0.4076950 0.4099994 0.4103059 0.4060858 0.3807109 0.3755971 0.3942791 0.4070016 0.4090370 0.3628363 0.4079645 0.3539113 0.4076400 0.3609357 0.3730450 0.3684385 0.3587045 0.3773200 0.3660591 0.3892644 0.3836140 0.3713395 0.3648918 0.3839186 0.3647959 0.3760649 0.3663305 0.3771561 0.3800187 0.3524782 0.3577168 
Smed.1296  0.1505515 0.3500652 0.3248493 0.3545713 0.3314470 0.1498408 0.3251987 0.1510325 0.2159161 0.3455404 0.1714313 0.2740099 0.2621063 0.2683018 0.2741356 0.3662990 0.3588323 0.3304793 0.3333085 0.3587677 0.3455404 0.3428440 0.3175866 0.3376879 0.3267422 2.0318009 0.2889788 0.2480584 0.2687986 0.2540159 0.0000000 0.3335675 0.3291452 0.3717862 0.3307195 0.3475304 0.3772743 0.3690438 0.3217116 0.3907536 0.3468333 0.3600242 0.3632945 0.3089107 0.3420784 0.3600242 0.3786311 0.3552443 0.2737654 0.2907580 0.1757429 0.3430579 0.3154574 0.3059877 0.2978964 0.3014878 0.3407389 0.3665713 0.3670770 0.3881861 0.3393303 0.3485841 0.3772743 0.3647986 0.3666226 0.3470193 0.3657129 0.3397251 0.3587677 0.3420784 0.3485663 0.3281747 0.3659477 0.3605286 0.3258711 0.3641403 0.3588106 0.3469764 0.3411856 0.3423830 0.3503639 0.3357332 0.3516056 0.3559205 0.3391147 0.3130087 0.3650145 
Smed.27936 0.2556104 0.1756992 0.1446651 0.1436923 0.1272305 0.2882480 0.0353298 0.2664735 0.1224460 0.1615759 0.2552214 0.1201988 0.0817964 0.1025292 0.0924541 0.1034571 0.1728279 0.1267923 0.1594330 0.1577274 0.1615759 0.1370331 0.1163859 0.1264694 0.1172587 1.8863816 0.3800777 0.3689392 0.4057304 0.3833783 0.3335675 0.0000000 0.1122708 0.1145167 0.0920878 0.1595268 0.1033379 0.1589122 0.1600456 0.1548491 0.1392686 0.1379425 0.1747042 0.1252431 0.1369487 0.1379425 0.1482002 0.1278559 0.0725878 0.1147839 0.3449201 0.0841494 0.1547016 0.1047330 0.0734929 0.0810438 0.1204396 0.0917239 0.1013519 0.1129334 0.0920878 0.0937040 0.1033379 0.1574022 0.1582267 0.1246175 0.1133633 0.1277480 0.1577274 0.1369487 0.1850710 0.1066058 0.1376324 0.1028366 0.1181533 0.1834249 0.1727073 0.1621203 0.1849687 0.1372315 0.1178242 0.1349385 0.1486273 0.1479261 0.1276599 0.1065181 0.1595639 
Smed.28161 0.2843777 0.2367575 0.1220665 0.1200976 0.1046912 0.3174037 0.0924761 0.3067177 0.1916334 0.1370452 0.2630361 0.1744132 0.1423154 0.1023705 0.1517027 0.0732162 0.1478581 0.1043280 0.1357887 0.1338968 0.1370452 0.1142553 0.0942861 0.1145358 0.1148199 1.9795021 0.3889050 0.3847961 0.4227274 0.3994516 0.3291452 0.1122708 0.0000000 0.0640954 0.0177753 0.1253946 0.0728975 0.1348467 0.1363419 0.1507648 0.1156936 0.1343264 0.1494046 0.1134461 0.1142105 0.1343264 0.1443578 0.1244640 0.1326539 0.1649068 0.3600474 0.1322309 0.2111861 0.1648733 0.1139418 0.1221623 0.0447244 0.0451343 0.0450088 0.0821909 0.0361031 0.1133927 0.0728975 0.1336241 0.1343165 0.0930722 0.0824933 0.1251316 0.1338968 0.1142105 0.1595368 0.1244472 0.1340312 0.0916914 0.1351071 0.1373574 0.1477444 0.1374877 0.1384643 0.1144393 0.1347489 0.1029699 0.1253319 0.1450006 0.1250484 0.1042714 0.1564391 
Smed.14213 0.2736335 0.2415898 0.0732131 0.0885932 0.0745415 0.3067509 0.1015506 0.2966237 0.1577659 0.1057940 0.2521282 0.1627955 0.1521389 0.1118639 0.1638214 0.0632297 0.1162382 0.0742779 0.1048466 0.0838657 0.1057940 0.0838932 0.0646102 0.0843918 0.0846015 1.9450271 0.3758138 0.3994777 0.4226093 0.4144083 0.3717862 0.1145167 0.0640954 0.0000000 0.0450295 0.0944399 0.0447048 0.0843988 0.1049445 0.1185764 0.0657081 0.1033805 0.1174157 0.0836114 0.0838854 0.1033805 0.1131510 0.0937618 0.1419216 0.1533796 0.3739374 0.1213168 0.1565836 0.1533527 0.1037526 0.1313824 0.0539328 0.0635004 0.0357196 0.0537767 0.0450295 0.1032350 0.0447048 0.0836951 0.0841292 0.0639736 0.0356700 0.0945767 0.0838657 0.0838854 0.1274046 0.0937709 0.1031612 0.0817380 0.1043535 0.1056532 0.1161372 0.1061235 0.1064452 0.0840468 0.1040640 0.0547035 0.0943928 0.1140380 0.0945305 0.0744800 0.1249733 
Smed.29506 0.2595508 0.2127694 0.1016930 0.0987608 0.0842795 0.2920150 0.0728062 0.2814244 0.1690042 0.1155808 0.2383534 0.1526881 0.1214885 0.0824657 0.1330643 0.0540109 0.1260964 0.0839838 0.1145423 0.1129781 0.1155808 0.0936832 0.0742122 0.0939261 0.0941584 1.9468259 0.3619954 0.3575553 0.3955769 0.3719032 0.3307195 0.0920878 0.0177753 0.0450295 0.0000000 0.1044031 0.0537831 0.1137427 0.1150357 0.1289097 0.0948688 0.1133283 0.1273814 0.0930533 0.0936655 0.1133283 0.1231677 0.1036463 0.1119852 0.1433117 0.3339634 0.1116317 0.1880627 0.1432899 0.0934971 0.1017468 0.0263926 0.0266300 0.0265600 0.0628953 0.0177499 0.0930166 0.0537831 0.1127490 0.1133314 0.0732773 0.0631217 0.1041952 0.1129781 0.0936655 0.1373763 0.1036487 0.1130853 0.0721892 0.1139944 0.1158372 0.1259912 0.1159432 0.1167310 0.0938480 0.1136838 0.0829183 0.1043512 0.1237038 0.1041387 0.0839483 0.1347503 
Smed.15258 0.2496014 0.2530703 0.0789648 0.0379865 0.0266859 0.2828540 0.1453198 0.2726445 0.1397007 0.0368778 0.2278715 0.1446944 0.1501706 0.1086331 0.1626019 0.0938816 0.0464103 0.0267961 0.0358646 0.0355121 0.0368778 0.0355984 0.0359273 0.0544371 0.0357891 1.9686948 0.3831707 0.3615920 0.3966444 0.3687361 0.3475304 0.1595268 0.1253946 0.0944399 0.1044031 0.0000000 0.0934559 0.0540423 0.0546946 0.0472475 0.0551358 0.0176022 0.0468406 0.0733401 0.0356124 0.0176022 0.0445614 0.0265636 0.1403008 0.1416154 0.3562398 0.1306790 0.1606459 0.1221226 0.1335663 0.1557101 0.1136531 0.1141540 0.1135664 0.1030262 0.0927672 0.1228337 0.0934559 0.0728827 0.0538986 0.0727831 0.0839107 0.0266943 0.0355121 0.0356124 0.0563284 0.0448010 0.0354475 0.0938753 0.0542040 0.0369532 0.0463611 0.0369835 0.0371998 0.0356742 0.0356225 0.0635181 0.0267241 0.0266050 0.0449961 0.0451721 0.0542895 
Smed.11526 0.2790765 0.2483084 0.0449208 0.0775594 0.0641519 0.3122757 0.0908728 0.3014745 0.1633004 0.1147620 0.2576023 0.1476795 0.1399335 0.1008269 0.1517937 0.0175664 0.1252044 0.0639258 0.0933971 0.0548714 0.1147620 0.0733417 0.0544768 0.0737648 0.0739461 1.8823186 0.3824573 0.3796121 0.3871190 0.3942791 0.3772743 0.1033379 0.0728975 0.0447048 0.0537831 0.0934559 0.0000000 0.0737737 0.0938189 0.1070068 0.0553890 0.0924309 0.1264720 0.0730973 0.0733427 0.0924309 0.1020108 0.0829933 0.1304109 0.1418254 0.3549593 0.0917488 0.1830020 0.1317218 0.1320226 0.1200812 0.0630065 0.0535688 0.0265861 0.0087158 0.0537831 0.1114337 0.0000010 0.0547604 0.0550428 0.0177884 0.0087456 0.0836934 0.0548714 0.0733427 0.1364024 0.0830079 0.0922397 0.0352673 0.0932866 0.1146077 0.1251001 0.1151195 0.1154806 0.0734801 0.0930267 0.0268410 0.0835389 0.1027891 0.0836581 0.0640854 0.1134190 
Smed.28772 0.2701110 0.2624940 0.0629246 0.0376811 0.0264804 0.3035990 0.1442373 0.2933060 0.1537937 0.0737094 0.2483789 0.1590220 0.1508379 0.1201307 0.1630455 0.0931655 0.0835385 0.0448332 0.0540069 0.0353304 0.0737094 0.0353262 0.0356502 0.0541484 0.0355337 1.9379827 0.3883755 0.3767822 0.4044346 0.4119192 0.3690438 0.1589122 0.1348467 0.0843988 0.1137427 0.0540423 0.0737737 0.0000000 0.0542738 0.0660926 0.0362392 0.0534726 0.0843363 0.0730015 0.0353401 0.0534726 0.0626209 0.0444389 0.1411643 0.1529051 0.3712266 0.1297232 0.1736019 0.1224610 0.1429225 0.1562926 0.1229658 0.1132897 0.1033884 0.0831875 0.1019288 0.1219162 0.0737737 0.0539138 0.0354380 0.0538397 0.0643908 0.0447369 0.0353304 0.0353401 0.0939253 0.0444591 0.0533697 0.0934720 0.0539172 0.0736371 0.0834596 0.0739258 0.0740747 0.0354009 0.0537615 0.0447429 0.0447130 0.0630386 0.0447282 0.0449029 0.0728907 
Smed.27360 0.2264302 0.2703368 0.0823338 0.0381649 0.0268091 0.2592923 0.1458064 0.2483109 0.1344465 0.0743585 0.2047761 0.1607243 0.1524310 0.1214480 0.1437984 0.0942476 0.0842490 0.0453808 0.0546584 0.0539629 0.0743585 0.0357583 0.0360900 0.0546716 0.0359506 1.9691601 0.3502975 0.3438903 0.3870482 0.3513362 0.3217116 0.1600456 0.1363419 0.1049445 0.1150357 0.0546946 0.0938189 0.0542738 0.0000000 0.0668987 0.0553758 0.0541117 0.0850586 0.0736398 0.0357723 0.0541117 0.0633599 0.0449771 0.1426795 0.1545356 0.3136293 0.1311248 0.1754753 0.1441378 0.1444691 0.1367083 0.1243375 0.1145741 0.1242409 0.1034143 0.1030890 0.1232701 0.0938189 0.0731792 0.0541288 0.0730789 0.0842467 0.0452032 0.0539629 0.0357723 0.0947026 0.0449976 0.0540064 0.0942411 0.0358837 0.0745147 0.0841692 0.0745782 0.0554547 0.0358346 0.0542786 0.0637837 0.0369897 0.0636116 0.0451943 0.0453718 0.0735275 
Smed.28245 0.2903230 0.2427189 0.0949765 0.0264742 0.0375714 0.3242445 0.1404944 0.3024262 0.1508328 0.0477626 0.2684542 0.1344892 0.1473207 0.1159080 0.1597552 0.1075102 0.0575881 0.0377330 0.0472151 0.0656929 0.0477626 0.0468559 0.0473025 0.0665857 0.0471118 1.8953142 0.4204801 0.3987280 0.4435509 0.4065155 0.3907536 0.1548491 0.1507648 0.1185764 0.1289097 0.0472475 0.1070068 0.0660926 0.0668987 0.0000000 0.0674624 0.0281185 0.0581376 0.0861676 0.0468694 0.0281185 0.0375259 0.0187582 0.1374188 0.1286766 0.3928580 0.1257449 0.1489146 0.1183157 0.1391766 0.1527807 0.1383428 0.1283911 0.1382323 0.1168146 0.1164675 0.1176734 0.1070068 0.0856158 0.0658997 0.0854971 0.0972058 0.0375822 0.0656929 0.0468694 0.0678346 0.0377350 0.0280642 0.1074969 0.0474411 0.0478631 0.0575278 0.0673532 0.0677543 0.0469553 0.0282086 0.0759413 0.0376277 0.0374505 0.0567246 0.0569563 0.0663926 
Smed.23943 0.2488284 0.2410181 0.0449770 0.0384780 0.0270150 0.2821307 0.1251104 0.2719089 0.1338003 0.0752182 0.2270437 0.1396462 0.1320394 0.1017096 0.1439304 0.0745990 0.0852491 0.0269169 0.0550991 0.0360400 0.0752182 0.0360358 0.0178384 0.0552488 0.0362560 1.9335235 0.3759044 0.3738942 0.3815295 0.3887146 0.3468333 0.1392686 0.1156936 0.0657081 0.0948688 0.0551358 0.0553890 0.0362392 0.0553758 0.0674624 0.0000000 0.0545433 0.0860802 0.0547531 0.0360500 0.0545433 0.0638715 0.0453317 0.1224062 0.1338488 0.3491169 0.1112463 0.1535049 0.1236567 0.1239457 0.1368303 0.1041257 0.0944838 0.0846651 0.0647666 0.0834428 0.1032027 0.0553890 0.0359676 0.0361518 0.0359171 0.0460447 0.0456453 0.0360400 0.0360500 0.0958571 0.0453523 0.0544362 0.0748320 0.0550079 0.0751409 0.0851672 0.0754435 0.0756043 0.0361133 0.0548464 0.0268645 0.0456170 0.0643085 0.0456360 0.0268653 0.0743657 
Smed.27123 0.2621451 0.2444004 0.0780956 0.0375714 0.0264102 0.2953230 0.1243727 0.2739598 0.1316161 0.0458901 0.2405534 0.1368354 0.1292298 0.0985206 0.1412089 0.0928470 0.0554365 0.0265181 0.0354902 0.0351450 0.0458901 0.0352294 0.0355516 0.0538593 0.0354162 1.9015986 0.3956205 0.3741508 0.4178495 0.3814517 0.3600242 0.1379425 0.1343264 0.1033805 0.1133283 0.0176022 0.0924309 0.0534726 0.0541117 0.0281185 0.0545433 0.0000000 0.0559510 0.0725511 0.0352432 0.0000010 0.0263798 0.0087338 0.1194798 0.1310220 0.3686623 0.1105941 0.1526066 0.1229325 0.1232189 0.1339781 0.1225097 0.1128787 0.1224160 0.1018933 0.1015744 0.1025796 0.0924309 0.0721035 0.0533324 0.0720060 0.0829933 0.0264184 0.0351450 0.0352432 0.0654045 0.0265182 0.0174854 0.0928412 0.0356495 0.0459838 0.0553796 0.0460215 0.0462888 0.0353037 0.0175700 0.0628427 0.0264476 0.0263310 0.0445235 0.0446958 0.0537151 
Smed.28591 0.2640639 0.2516267 0.1086683 0.0684642 0.0553067 0.2976283 0.1810278 0.2873094 0.1548191 0.0089155 0.2422707 0.1519711 0.1829159 0.1288257 0.1963128 0.1266231 0.0179586 0.0555425 0.0650530 0.0754533 0.0089155 0.0645694 0.0651766 0.0652934 0.0459638 1.9949757 0.4029497 0.3809810 0.4398832 0.3885608 0.3632945 0.1747042 0.1494046 0.1174157 0.1273814 0.0468406 0.1264720 0.0843363 0.0850586 0.0581376 0.0860802 0.0559510 0.0000000 0.0848599 0.0645761 0.0559510 0.0738648 0.0550358 0.1726619 0.1421929 0.3752798 0.1646271 0.1715842 0.1469302 0.1576161 0.1898473 0.1368902 0.1481000 0.1372819 0.1365076 0.1148955 0.1569562 0.1264720 0.1042837 0.0840661 0.1041395 0.1164549 0.0365592 0.0754533 0.0645761 0.0272539 0.0742825 0.0642568 0.1062690 0.0649994 0.0270326 0.0179385 0.0270662 0.0457606 0.0646970 0.0457414 0.0944115 0.0553894 0.0277377 0.0554897 0.0557147 0.0651054 
Smed.28080 0.2383562 0.2408568 0.0623556 0.0572635 0.0449266 0.2703624 0.1319270 0.2380911 0.1284311 0.0741783 0.2173774 0.1462485 0.1386000 0.0998088 0.1503526 0.0731959 0.0840533 0.0447673 0.0732930 0.0725614 0.0741783 0.0539390 0.0356019 0.0357629 0.0358496 1.8552288 0.3502849 0.3333290 0.3552246 0.3477357 0.3089107 0.1252431 0.1134461 0.0836114 0.0930533 0.0733401 0.0730973 0.0730015 0.0736398 0.0861676 0.0547531 0.0725511 0.0848599 0.0000000 0.0539502 0.0725511 0.0632022 0.0633178 0.1291477 0.1404593 0.3113072 0.1091608 0.1600487 0.1304371 0.1307332 0.1435164 0.1021362 0.0926823 0.1024078 0.0824227 0.0818795 0.1103165 0.0730973 0.0724166 0.0727851 0.0533419 0.0637971 0.0450807 0.0725614 0.0539502 0.0846724 0.0633380 0.0724061 0.0544796 0.0542949 0.0936955 0.0839737 0.0743970 0.0943526 0.0540473 0.0541376 0.0443088 0.0637212 0.0634528 0.0268174 0.0266326 0.0733506 
Smed.27835 0.2457286 0.2432919 0.0625748 0.0187442 0.0087284 0.2784734 0.1235122 0.2474048 0.1327809 0.0544557 0.2242974 0.1378445 0.1303843 0.1004517 0.1421020 0.0736653 0.0639834 0.0265907 0.0355886 0.0351511 0.0544557 0.0174634 0.0176234 0.0355974 0.0175578 1.8959385 0.3706970 0.3494599 0.3921805 0.3609357 0.3420784 0.1369487 0.1142105 0.0838854 0.0936655 0.0356124 0.0733427 0.0353401 0.0357723 0.0468694 0.0360500 0.0352432 0.0645761 0.0539502 0.0000000 0.0352432 0.0264517 0.0263619 0.1208717 0.1321493 0.3443533 0.1098690 0.1514581 0.1220920 0.1223744 0.1350577 0.1028096 0.0932897 0.1027332 0.0826900 0.0824043 0.1019070 0.0733427 0.0536209 0.0352575 0.0535476 0.0640237 0.0264905 0.0351511 0.0000010 0.0739736 0.0263772 0.0175324 0.0736658 0.0354539 0.0545664 0.0639199 0.0546111 0.0547740 0.0175022 0.0353502 0.0445066 0.0265199 0.0443882 0.0264881 0.0265883 0.0358041 
