10
Smed.22472 0.0000000 0.5559010 0.7051028 0.1513990 0.1634185 0.1050123 0.1038939 0.1038939 0.1038939 0.1158427 
Smed.15685 0.5559010 0.0000000 1.1390798 0.4525221 0.4594664 0.4009862 0.4146866 0.4146866 0.4146866 0.4227801 
Smed.5181  0.7051028 1.1390798 0.0000000 0.6084288 0.6095376 0.5726719 0.5497469 0.5497469 0.5497469 0.5752625 
Smed.15814 0.1513990 0.4525221 0.6084288 0.0000000 0.0194682 0.0702529 0.0600360 0.0600360 0.0600360 0.0709456 
Smed.19746 0.1634185 0.4594664 0.6095376 0.0194682 0.0000000 0.0918688 0.0814225 0.0814225 0.0814225 0.0927920 
Smed.28016 0.1050123 0.4009862 0.5726719 0.0702529 0.0918688 0.0000000 0.0290209 0.0290209 0.0290209 0.0391834 
Smed.2018  0.1038939 0.4146866 0.5497469 0.0600360 0.0814225 0.0290209 0.0000000 0.0000010 0.0000010 0.0096567 
Smed.19872 0.1038939 0.4146866 0.5497469 0.0600360 0.0814225 0.0290209 0.0000010 0.0000000 0.0000010 0.0096567 
Smed.13000 0.1038939 0.4146866 0.5497469 0.0600360 0.0814225 0.0290209 0.0000010 0.0000010 0.0000000 0.0096567 
Smed.21391 0.1158427 0.4227801 0.5752625 0.0709456 0.0927920 0.0391834 0.0096567 0.0096567 0.0096567 0.0000000 
