9
Mlig.4260  0.0000000 0.0134071 0.0134063 0.2234093 0.8150625 0.8300608 0.8349763 0.8114401 0.8096207 
Mlig.4259  0.0134071 0.0000000 0.0100298 0.2163707 0.8112492 0.8250127 0.8298948 0.8076372 0.8058248 
Mlig.4261  0.0134063 0.0100298 0.0000000 0.2157606 0.8118348 0.8185456 0.8233974 0.8012537 0.7994447 
Mlig.30423 0.2234093 0.2163707 0.2157606 0.0000000 0.8515105 0.8395497 0.8410817 0.8507441 0.8615594 
Mlig.24484 0.8150625 0.8112492 0.8118348 0.8515105 0.0000000 0.1367501 0.1341214 0.0221383 0.0202971 
Mlig.10419 0.8300608 0.8250127 0.8185456 0.8395497 0.1367501 0.0000000 0.0083544 0.1295360 0.1276176 
Mlig.16882 0.8349763 0.8298948 0.8233974 0.8410817 0.1341214 0.0083544 0.0000000 0.1226076 0.1206981 
Mlig.22450 0.8114401 0.8076372 0.8012537 0.8507441 0.0221383 0.1295360 0.1226076 0.0000000 0.0050348 
Mlig.24483 0.8096207 0.8058248 0.7994447 0.8615594 0.0202971 0.1276176 0.1206981 0.0050348 0.0000000 
