9
Mcor.14627 0.0000000 1.9998547 6.9166967 0.4289249 0.7561352 1.3145658 0.7234082 0.8239080 0.5475034 
Mcor.14410 1.9998547 0.0000000 4.8144402 1.4190814 1.9433544 2.0868513 1.3948802 1.5262101 1.7600774 
Mcor.8170  6.9166967 4.8144402 0.0000000 6.4087568 6.0599625 8.6338237 6.0052570 5.6375894 5.3987955 
Mcor.2488  0.4289249 1.4190814 6.4087568 0.0000000 0.1897435 0.6511019 0.1800767 0.2665566 0.1751362 
Mcor.13265 0.7561352 1.9433544 6.0599625 0.1897435 0.0000000 0.6611225 0.1891635 0.2790071 0.1837376 
Mcor.12407 1.3145658 2.0868513 8.6338237 0.6511019 0.6611225 0.0000000 0.6493102 0.7325262 0.5274436 
Mcor.10714 0.7234082 1.3948802 6.0052570 0.1800767 0.1891635 0.6493102 0.0000000 0.2658050 0.1746382 
Mcor.2133  0.8239080 1.5262101 5.6375894 0.2665566 0.2790071 0.7325262 0.2658050 0.0000000 0.2585117 
Mcor.12588 0.5475034 1.7600774 5.3987955 0.1751362 0.1837376 0.5274436 0.1746382 0.2585117 0.0000000 
