10
Smed.14235 0.0000000 0.3402196 0.1579064 0.1873031 0.1866576 0.1465841 0.1071018 0.1216926 0.1071018 0.1535827 
Smed.7630  0.3402196 0.0000000 0.1956503 0.1536906 0.2835405 0.2389273 0.1938153 0.2464250 0.1938153 0.2493500 
Smed.14918 0.1579064 0.1956503 0.0000000 0.0694418 0.1458118 0.1073831 0.0698167 0.1108367 0.0698167 0.1127747 
Smed.9768  0.1873031 0.1536906 0.0694418 0.0000000 0.1436753 0.1058559 0.0688614 0.1092135 0.0688614 0.1111051 
Smed.15163 0.1866576 0.2835405 0.1458118 0.1436753 0.0000000 0.1055855 0.0687103 0.1089233 0.0687103 0.1108051 
Smed.8230  0.1465841 0.2389273 0.1073831 0.1058559 0.1055855 0.0000000 0.0337672 0.0713781 0.0337672 0.0727749 
Smed.12547 0.1071018 0.1938153 0.0698167 0.0688614 0.0687103 0.0337672 0.0000000 0.0348603 0.0000010 0.0356277 
Smed.3118  0.1216926 0.2464250 0.1108367 0.1092135 0.1089233 0.0713781 0.0348603 0.0000000 0.0348603 0.0752122 
Smed.11845 0.1071018 0.1938153 0.0698167 0.0688614 0.0687103 0.0337672 0.0000010 0.0348603 0.0000000 0.0356277 
Smed.17540 0.1535827 0.2493500 0.1127747 0.1111051 0.1108051 0.0727749 0.0356277 0.0752122 0.0356277 0.0000000 
