9
Smed.1507  0.0000000 0.0300421 0.1825053 0.2503530 0.1403546 0.1900233 0.1853437 0.1569039 0.2076110 
Smed.15522 0.0300421 0.0000000 0.2195415 0.2882049 0.1743214 0.2253375 0.2216600 0.1913571 0.2452234 
Smed.2882  0.1825053 0.2195415 0.0000000 0.2257709 0.1449870 0.1608901 0.1629243 0.1274716 0.2207137 
Smed.13150 0.2503530 0.2882049 0.2257709 0.0000000 0.2317734 0.1023102 0.1211584 0.0890124 0.1574709 
Smed.2476  0.1403546 0.1743214 0.1449870 0.2317734 0.0000000 0.1725671 0.1746876 0.1399793 0.2311402 
Smed.13523 0.1900233 0.2253375 0.1608901 0.1023102 0.1725671 0.0000000 0.0592403 0.0290436 0.1075535 
Smed.17604 0.1853437 0.2216600 0.1629243 0.1211584 0.1746876 0.0592403 0.0000000 0.0293698 0.0926023 
Smed.22649 0.1569039 0.1913571 0.1274716 0.0890124 0.1399793 0.0290436 0.0293698 0.0000000 0.0761496 
Smed.15728 0.2076110 0.2452234 0.2207137 0.1574709 0.2311402 0.1075535 0.0926023 0.0761496 0.0000000 
