6
Smed.5041  0.0000000 0.3561232 0.1641624 0.1313507 0.3510627 0.3744049 
Smed.17041 0.3561232 0.0000000 0.2343959 0.3856755 0.4284469 0.3400028 
Smed.29012 0.1641624 0.2343959 0.0000000 0.1655884 0.3506105 0.2295037 
Smed.11932 0.1313507 0.3856755 0.1655884 0.0000000 0.3255033 0.3284575 
Smed.20909 0.3510627 0.4284469 0.3506105 0.3255033 0.0000000 0.5811329 
Smed.24841 0.3744049 0.3400028 0.2295037 0.3284575 0.5811329 0.0000000 
