6
Smed.17329 0.0000000 0.2686283 0.1891845 0.1249107 0.2213410 0.1868691 
Smed.596   0.2686283 0.0000000 0.3151636 0.1911700 0.2951236 0.2589888 
Smed.5062  0.1891845 0.3151636 0.0000000 0.1626177 0.1578267 0.1241568 
Smed.1258  0.1249107 0.1911700 0.1626177 0.0000000 0.1534334 0.1207967 
Smed.3609  0.2213410 0.2951236 0.1578267 0.1534334 0.0000000 0.0880498 
Smed.22297 0.1868691 0.2589888 0.1241568 0.1207967 0.0880498 0.0000000 
