7
Mlig.17884 0.0000000 0.0049486 0.6586297 0.6538454 0.7573857 0.7647626 0.7585004 
Mlig.23460 0.0049486 0.0000000 0.6575115 0.6527330 0.7558569 0.7610211 0.7569684 
Mlig.3422  0.6586297 0.6575115 0.0000000 0.0061196 0.5917851 0.5959468 0.5925474 
Mlig.3423  0.6538454 0.6527330 0.0061196 0.0000000 0.5894801 0.5936356 0.5902381 
Mlig.31950 0.7573857 0.7558569 0.5917851 0.5894801 0.0000000 0.0072512 0.0024163 
Mlig.20366 0.7647626 0.7610211 0.5959468 0.5936356 0.0072512 0.0000000 0.0072562 
Mlig.45688 0.7585004 0.7569684 0.5925474 0.5902381 0.0024163 0.0072562 0.0000000 
