41
Sman.8284  0.0000000 0.3216612 0.3513027 1.8666848 2.4439432 2.7953639 2.5435608 2.7093788 2.5371645 2.6359093 2.6359093 2.5833376 2.2997902 3.0806998 2.3166656 2.4660736 2.6898094 2.5404604 2.3510748 2.5673855 2.1535443 2.7179329 2.4050589 1.9061211 2.3308819 2.6281293 2.6172548 3.6063312 2.4114127 2.5363703 2.1171222 2.4254823 3.2651034 2.4028251 2.0119648 2.3079055 2.3925577 2.2233716 2.5916625 2.6188712 2.0448445 
Sman.9802  0.3216612 0.0000000 0.0193590 1.9481433 2.2726669 3.0380192 2.7711457 2.9478248 3.2325855 3.3792245 3.3792245 2.6442726 1.9058792 3.0176721 2.2059789 2.1048737 2.7638614 2.3641177 2.1511647 2.1927333 2.0505662 2.3698924 2.4511916 2.0304795 2.1995595 2.1976496 2.4874163 2.9650935 2.0226293 2.3417910 2.3168942 2.1104906 2.7623612 2.3189519 1.9585862 2.1864094 1.8282708 2.3636578 2.2809040 2.4086121 2.0001371 
Sman.9795  0.3513027 0.0193590 0.0000000 1.9597970 2.2715682 2.9480330 2.6858828 2.8590669 3.3364305 3.4881263 3.4881263 2.6588500 1.9039761 3.0329257 2.2186650 2.1034071 2.7783387 2.2828372 2.1498106 2.2269785 1.9733659 2.3690590 2.4644577 2.0999595 2.2732681 2.2109408 2.4868317 3.0117945 1.9069455 2.3395081 2.3529941 2.1410446 2.8053673 2.3324838 1.8863005 2.1102809 1.8545181 2.3627589 2.2007285 2.4078612 2.0726829 
Sman.9753  1.8666848 1.9481433 1.9597970 0.0000000 0.4131543 0.9516586 1.0426474 0.9109097 0.4908513 0.5168855 0.5168855 0.4162822 0.6594249 0.4338338 0.4802771 0.5558532 0.5026210 0.5834578 0.3766281 0.3930043 0.3282679 0.5245918 0.5526225 0.5727167 0.8655899 0.4148433 0.3957566 0.7073306 0.4569471 0.6878344 0.6686520 0.3545164 0.6754658 0.4562343 0.6719702 0.6339065 0.7445065 0.5911463 0.6446208 0.5955985 0.6700399 
Sman.9859  2.4439432 2.2726669 2.2715682 0.4131543 0.0000000 1.2562866 1.2518813 1.2114029 0.7402936 0.7721294 0.7721294 0.6665361 0.6833439 0.5721825 0.6414973 0.6311541 0.9681018 0.6082172 0.0571532 0.4837346 0.4022446 0.6302149 0.9339261 0.6427382 0.9981844 0.5939513 0.4858071 0.8884297 0.7780431 0.9228574 0.7216618 0.4764311 0.9980839 0.6318721 1.0563666 0.7542860 0.8357371 0.7195481 0.8991642 0.7669897 0.7346280 
Sman.9763  2.7953639 3.0380192 2.9480330 0.9516586 1.2562866 0.0000000 0.0791792 0.0185843 0.4422273 0.4679877 0.4679877 0.8849362 1.2763362 1.0181776 1.2600147 1.2843050 1.0463262 1.3008551 1.1186987 1.0758171 0.8776598 1.2103600 1.2498306 1.0557928 0.9180262 0.9308323 0.8699545 1.2706452 0.9874028 0.9405192 1.3856510 0.6448373 1.1725500 0.9005349 1.3534045 1.1012427 1.3674988 1.0119288 1.1919519 0.7307415 1.1440695 
Sman.2481  2.5435608 2.7711457 2.6858828 1.0426474 1.2518813 0.0791792 0.0000000 0.0581484 0.5313572 0.5585975 0.5585975 1.0104036 1.2882161 1.0698524 1.3560340 1.3588037 1.1187424 1.2868158 1.0980605 1.1315956 0.9186155 1.2716717 1.2484719 1.0367787 0.9599911 0.9743500 0.9081983 1.3745395 1.0720246 0.9755025 1.4728628 0.6794973 1.2020676 0.9424690 1.4317967 1.1563354 1.3792939 1.0974047 1.2835672 0.7467222 1.1258863 
Sman.6224  2.7093788 2.9478248 2.8590669 0.9109097 1.2114029 0.0185843 0.0581484 0.0000000 0.4148593 0.4400578 0.4400578 0.8291371 1.2583099 0.9742430 1.2425450 1.2386406 0.9840813 1.2556614 1.0638210 1.0317612 0.8357439 1.1692117 1.2193784 1.0137344 0.8773487 0.8893590 0.8304372 1.2516229 0.9798970 0.8924279 1.3520570 0.6175148 1.1010023 0.8589934 1.3088604 1.0590443 1.3462083 1.0034359 1.1473583 0.6833381 1.0988649 
Sman.2822  2.5371645 3.2325855 3.3364305 0.4908513 0.7402936 0.4422273 0.5313572 0.4148593 0.0000000 0.0183614 0.0183614 0.6491672 0.9146348 0.7138048 0.8921316 0.8884717 0.9259030 0.9494360 0.6884492 0.6145883 0.5552590 0.9394406 0.8230489 0.5952865 1.0038592 0.5872123 0.6241438 0.9853832 0.6905699 0.8115856 0.9843721 0.5134547 1.0180945 0.5909794 1.1830724 0.9452306 0.9410665 0.6795869 0.8608137 0.8252284 0.8001937 
Sman.4727  2.6359093 3.3792245 3.4881263 0.5168855 0.7721294 0.4679877 0.5585975 0.4400578 0.0183614 0.0000000 0.0000010 0.6770141 0.9502876 0.7454142 0.9268371 0.9229841 0.9605613 0.9859584 0.7189098 0.6421630 0.5816400 0.9741278 0.8577221 0.6225902 0.9961119 0.6166481 0.6515220 1.0249874 0.7209888 0.8441524 1.0216522 0.5419309 1.0573096 0.6186570 1.2273373 0.9826340 0.9802957 0.7105569 0.8960742 0.8582680 0.8365484 
Sman.9760  2.6359093 3.3792245 3.4881263 0.5168855 0.7721294 0.4679877 0.5585975 0.4400578 0.0183614 0.0000010 0.0000000 0.6770141 0.9502876 0.7454142 0.9268371 0.9229841 0.9605613 0.9859584 0.7189098 0.6421630 0.5816400 0.9741278 0.8577221 0.6225902 0.9961119 0.6166481 0.6515220 1.0249874 0.7209888 0.8441524 1.0216522 0.5419309 1.0573096 0.6186570 1.2273373 0.9826340 0.9802957 0.7105569 0.8960742 0.8582680 0.8365484 
Sman.9754  2.5833376 2.6442726 2.6588500 0.4162822 0.6665361 0.8849362 1.0104036 0.8291371 0.6491672 0.6770141 0.6770141 0.0000000 0.5214479 0.6911684 0.7055954 0.7602443 0.2651424 0.6113955 0.5952014 0.4306791 0.4230810 0.5817064 0.5469853 0.5869779 0.7171460 0.4366031 0.5360944 0.7134283 0.7189330 0.4966771 0.6500760 0.4300541 0.7321534 0.5227223 0.6970428 0.4947279 0.5935454 0.4579855 0.6593972 0.3824808 0.9651999 
Sman.9792  2.2997902 1.9058792 1.9039761 0.6594249 0.6833439 1.2763362 1.2882161 1.2583099 0.9146348 0.9502876 0.9502876 0.5214479 0.0000000 0.6908622 0.7292457 0.7355910 0.6888601 0.4704649 0.7050750 0.5376565 0.4524534 0.6916574 0.6640803 0.5390621 0.8296261 0.5091313 0.5500401 0.7476440 0.5940461 1.0556987 0.7514636 0.5289351 0.8910794 0.7925789 0.8379056 0.6515240 0.2654574 0.3304325 0.8586297 0.6062944 0.9521682 
Sman.9796  3.0806998 3.0176721 3.0329257 0.4338338 0.5721825 1.0181776 1.0698524 0.9742430 0.7138048 0.7454142 0.7454142 0.6911684 0.6908622 0.0000000 0.7186860 0.7060472 0.6297032 0.5886323 0.5428913 0.4542461 0.3852376 0.7119135 0.7536234 0.7461947 0.6496345 0.7254273 0.5771024 0.8344484 0.6750259 0.8774992 0.7936252 0.3894304 0.8553141 0.6293785 1.1061211 0.8060763 0.9893663 0.7694858 0.8335248 0.7063438 0.8436745 
Sman.9808  2.3166656 2.2059789 2.2186650 0.4802771 0.6414973 1.2600147 1.3560340 1.2425450 0.8921316 0.9268371 0.9268371 0.7055954 0.7292457 0.7186860 0.0000000 0.1087584 0.9112109 0.7028271 0.5790965 0.4962694 0.4919551 0.6280149 0.3702327 0.7266660 0.8226117 0.7717688 0.5296669 0.7433115 0.7578965 0.9435231 0.8546339 0.5601598 1.0712726 0.5642799 1.0129484 0.7293737 0.7855271 0.7395724 0.9431593 0.8629522 0.7826479 
Sman.9809  2.4660736 2.1048737 2.1034071 0.5558532 0.6311541 1.2843050 1.3588037 1.2386406 0.8884717 0.9229841 0.9229841 0.7602443 0.7355910 0.7060472 0.1087584 0.0000000 0.9773443 0.6259348 0.5907365 0.4896744 0.4751946 0.6185312 0.4604821 0.7194607 0.8090480 0.6965267 0.4662479 0.8477919 0.7964791 0.9036882 0.9526485 0.5798047 1.0433204 0.5602095 0.9630961 0.6914127 0.8760660 0.7874954 0.8655344 0.8291224 0.7535710 
Sman.5667  2.6898094 2.7638614 2.7783387 0.5026210 0.9681018 1.0463262 1.1187424 0.9840813 0.9259030 0.9605613 0.9605613 0.2651424 0.6888601 0.6297032 0.9112109 0.9773443 0.0000000 0.6272154 0.8801562 0.7403345 0.6473152 0.6752754 0.8061679 0.5943598 0.7650880 0.7166170 0.5333569 0.7993041 0.6822521 0.6896664 0.8388654 0.3807164 0.6866887 0.7199809 0.8326390 0.6694300 0.8329951 0.6200507 0.8429515 0.3754146 1.0946585 
Sman.9813  2.5404604 2.3641177 2.2828372 0.5834578 0.6082172 1.3008551 1.2868158 1.2556614 0.9494360 0.9859584 0.9859584 0.6113955 0.4704649 0.5886323 0.7028271 0.6259348 0.6272154 0.0000000 0.6448996 0.4240585 0.3606584 0.3899414 0.7441724 0.4505455 0.5424152 0.7421640 0.2335288 0.6420571 0.7074148 0.6932313 0.9554578 0.4771483 0.7793745 0.7970198 0.7762554 0.6260749 0.6400174 0.6859469 0.7966036 0.5678389 0.7473141 
Sman.9812  2.3510748 2.1511647 2.1498106 0.3766281 0.0571532 1.1186987 1.0980605 1.0638210 0.6884492 0.7189098 0.7189098 0.5952014 0.7050750 0.5428913 0.5790965 0.5907365 0.8801562 0.6448996 0.0000000 0.5166796 0.4309718 0.6682699 0.8541553 0.6798148 1.0675666 0.5540376 0.5174209 0.8197370 0.7318047 0.8091854 0.7002058 0.4175300 0.9761864 0.6207390 1.0392704 0.7410047 0.8696104 0.7477749 0.8367074 0.6900239 0.7784764 
Sman.5900  2.5673855 2.1927333 2.2269785 0.3930043 0.4837346 1.0758171 1.1315956 1.0317612 0.6145883 0.6421630 0.6421630 0.4306791 0.5376565 0.4542461 0.4962694 0.4896744 0.7403345 0.4240585 0.5166796 0.0000000 0.1170361 0.4252311 0.4996809 0.5772679 0.5634870 0.6364080 0.3691638 0.5589361 0.6281383 0.6248321 0.5453619 0.3646160 0.7713908 0.5735709 0.8597547 0.5597244 0.5953482 0.5681707 0.6959544 0.5724993 0.6062323 
Sman.9797  2.1535443 2.0505662 1.9733659 0.3282679 0.4022446 0.8776598 0.9186155 0.8357439 0.5552590 0.5816400 0.5816400 0.4230810 0.4524534 0.3852376 0.4919551 0.4751946 0.6473152 0.3606584 0.4309718 0.1170361 0.0000000 0.4732303 0.4950865 0.4527387 0.4462071 0.5946599 0.3592685 0.6229789 0.5676434 0.6480260 0.6916199 0.3574877 0.8153525 0.4985650 0.6975905 0.5555032 0.5830622 0.5456406 0.5762521 0.5652266 0.5865797 
Sman.9810  2.7179329 2.3698924 2.3690590 0.5245918 0.6302149 1.2103600 1.2716717 1.1692117 0.9394406 0.9741278 0.9741278 0.5817064 0.6916574 0.7119135 0.6280149 0.6185312 0.6752754 0.3899414 0.6682699 0.4252311 0.4732303 0.0000000 0.7717185 0.5943282 0.7401353 0.6749781 0.2333385 0.6679095 0.9421175 0.5910625 0.8383617 0.6229807 0.6733261 0.8443154 0.9384301 0.7111552 0.7028529 0.5319447 0.9183529 0.6569318 0.7661283 
Sman.9858  2.4050589 2.4511916 2.4644577 0.5526225 0.9339261 1.2498306 1.2484719 1.2193784 0.8230489 0.8577221 0.8577221 0.5469853 0.6640803 0.7536234 0.3702327 0.4604821 0.8061679 0.7441724 0.8541553 0.4996809 0.4950865 0.7717185 0.0000000 0.6107552 0.9135954 0.7429140 0.6837493 0.7787050 0.8628573 0.9238188 0.6530878 0.5248247 1.1510547 0.6174916 1.0019043 0.7247676 0.7100552 0.6778294 0.8754085 0.8907097 0.7239563 
Sman.9804  1.9061211 2.0304795 2.0999595 0.5727167 0.6427382 1.0557928 1.0367787 1.0137344 0.5952865 0.6225902 0.6225902 0.5869779 0.5390621 0.7461947 0.7266660 0.7194607 0.5943598 0.4505455 0.6798148 0.5772679 0.4527387 0.5943282 0.6107552 0.0000000 0.6121861 0.6464254 0.4592589 0.7952856 0.7736730 0.9387252 0.8692564 0.5697010 0.9815192 0.6043481 0.8292968 0.8016991 0.5060162 0.5709771 0.6855400 0.6704201 0.6809034 
Sman.9851  2.3308819 2.1995595 2.2732681 0.8655899 0.9981844 0.9180262 0.9599911 0.8773487 1.0038592 0.9961119 0.9961119 0.7171460 0.8296261 0.6496345 0.8226117 0.8090480 0.7650880 0.5424152 1.0675666 0.5634870 0.4462071 0.7401353 0.9135954 0.6121861 0.0000000 0.7270633 0.6513717 0.8156122 0.9950008 0.8282800 1.1331322 0.5714378 1.0666490 0.7844988 0.8828450 0.7082154 0.6941314 0.7886867 1.0621882 0.7220773 0.6998384 
Sman.9751  2.6281293 2.1976496 2.2109408 0.4148433 0.5939513 0.9308323 0.9743500 0.8893590 0.5872123 0.6166481 0.6166481 0.4366031 0.5091313 0.7254273 0.7717688 0.6965267 0.7166170 0.7421640 0.5540376 0.6364080 0.5946599 0.6749781 0.7429140 0.6464254 0.7270633 0.0000000 0.5057145 0.6099361 0.6378563 0.6676784 0.9400421 0.4614609 0.8012282 0.5326139 0.8850833 0.7451411 0.5323652 0.3801016 0.6929965 0.4975012 0.7493564 
Sman.9811  2.6172548 2.4874163 2.4868317 0.3957566 0.4858071 0.8699545 0.9081983 0.8304372 0.6241438 0.6515220 0.6515220 0.5360944 0.5500401 0.5771024 0.5296669 0.4662479 0.5333569 0.2335288 0.5174209 0.3691638 0.3592685 0.2333385 0.6837493 0.4592589 0.6513717 0.5057145 0.0000000 0.5294811 0.6326042 0.5468059 0.8164852 0.3580797 0.5460036 0.5789707 0.7498284 0.5951246 0.6130227 0.4281084 0.6286728 0.4696595 0.6533704 
Sman.9860  3.6063312 2.9650935 3.0117945 0.7073306 0.8884297 1.2706452 1.3745395 1.2516229 0.9853832 1.0249874 1.0249874 0.7134283 0.7476440 0.8344484 0.7433115 0.8477919 0.7993041 0.6420571 0.8197370 0.5589361 0.6229789 0.6679095 0.7787050 0.7952856 0.8156122 0.6099361 0.5294811 0.0000000 0.9029094 1.0511926 0.9570415 0.5749220 1.0428624 0.8263043 1.1191612 0.9038381 0.5660298 0.5341398 0.8860277 0.7544913 0.9707430 
Sman.9758  2.4114127 2.0226293 1.9069455 0.4569471 0.7780431 0.9874028 1.0720246 0.9798970 0.6905699 0.7209888 0.7209888 0.7189330 0.5940461 0.6750259 0.7578965 0.7964791 0.6822521 0.7074148 0.7318047 0.6281383 0.5676434 0.9421175 0.8628573 0.7736730 0.9950008 0.6378563 0.6326042 0.9029094 0.0000000 0.6580646 0.8175519 0.3242310 0.6207184 0.6266679 0.7346098 0.7072937 0.7325577 0.6442607 0.8516109 0.6553082 0.8786181 
Sman.9762  2.5363703 2.3417910 2.3395081 0.6878344 0.9228574 0.9405192 0.9755025 0.8924279 0.8115856 0.8441524 0.8441524 0.4966771 1.0556987 0.8774992 0.9435231 0.9036882 0.6896664 0.6932313 0.8091854 0.6248321 0.6480260 0.5910625 0.9238188 0.9387252 0.8282800 0.6676784 0.5468059 1.0511926 0.6580646 0.0000000 0.9232629 0.3356080 0.6905312 0.6443222 0.9112281 0.7745060 0.9393559 0.9229182 0.9818508 0.5751415 0.9854729 
Sman.9764  2.1171222 2.3168942 2.3529941 0.6686520 0.7216618 1.3856510 1.4728628 1.3520570 0.9843721 1.0216522 1.0216522 0.6500760 0.7514636 0.7936252 0.8546339 0.9526485 0.8388654 0.9554578 0.7002058 0.5453619 0.6916199 0.8383617 0.6530878 0.8692564 1.1331322 0.9400421 0.8164852 0.9570415 0.8175519 0.9232629 0.0000000 0.4882853 1.1042901 0.7058348 1.1103843 0.6309585 0.9644698 0.7804715 1.3414165 0.8662601 0.8745515 
Sman.9765  2.4254823 2.1104906 2.1410446 0.3545164 0.4764311 0.6448373 0.6794973 0.6175148 0.5134547 0.5419309 0.5419309 0.4300541 0.5289351 0.3894304 0.5601598 0.5798047 0.3807164 0.4771483 0.4175300 0.3646160 0.3574877 0.6229807 0.5248247 0.5697010 0.5714378 0.4614609 0.3580797 0.5749220 0.3242310 0.3356080 0.4882853 0.0000000 0.4662346 0.3607424 0.6364830 0.4567851 0.6463868 0.5531896 0.8075915 0.3106102 0.6509654 
Sman.9806  3.2651034 2.7623612 2.8053673 0.6754658 0.9980839 1.1725500 1.2020676 1.1010023 1.0180945 1.0573096 1.0573096 0.7321534 0.8910794 0.8553141 1.0712726 1.0433204 0.6866887 0.7793745 0.9761864 0.7713908 0.8153525 0.6733261 1.1510547 0.9815192 1.0666490 0.8012282 0.5460036 1.0428624 0.6207184 0.6905312 1.1042901 0.4662346 0.0000000 0.7886711 0.9857142 0.7649546 0.8825039 0.8373943 1.1127047 0.6507632 0.9476822 
Sman.9766  2.4028251 2.3189519 2.3324838 0.4562343 0.6318721 0.9005349 0.9424690 0.8589934 0.5909794 0.6186570 0.6186570 0.5227223 0.7925789 0.6293785 0.5642799 0.5602095 0.7199809 0.7970198 0.6207390 0.5735709 0.4985650 0.8443154 0.6174916 0.6043481 0.7844988 0.5326139 0.5789707 0.8263043 0.6266679 0.6443222 0.7058348 0.3607424 0.7886711 0.0000000 0.8550765 0.8046466 0.7491953 0.6670907 0.6920057 0.7039269 0.6886874 
Sman.9759  2.0119648 1.9585862 1.8863005 0.6719702 1.0563666 1.3534045 1.4317967 1.3088604 1.1830724 1.2273373 1.2273373 0.6970428 0.8379056 1.1061211 1.0129484 0.9630961 0.8326390 0.7762554 1.0392704 0.8597547 0.6975905 0.9384301 1.0019043 0.8292968 0.8828450 0.8850833 0.7498284 1.1191612 0.7346098 0.9112281 1.1103843 0.6364830 0.9857142 0.8550765 0.0000000 0.2503622 0.9678113 0.9428870 1.0429628 0.6923678 1.1541745 
Sman.9868  2.3079055 2.1864094 2.1102809 0.6339065 0.7542860 1.1012427 1.1563354 1.0590443 0.9452306 0.9826340 0.9826340 0.4947279 0.6515240 0.8060763 0.7293737 0.6914127 0.6694300 0.6260749 0.7410047 0.5597244 0.5555032 0.7111552 0.7247676 0.8016991 0.7082154 0.7451411 0.5951246 0.9038381 0.7072937 0.7745060 0.6309585 0.4567851 0.7649546 0.8046466 0.2503622 0.0000000 0.8758588 0.7469998 0.9573218 0.6222706 0.8109613 
Sman.9791  2.3925577 1.8282708 1.8545181 0.7445065 0.8357371 1.3674988 1.3792939 1.3462083 0.9410665 0.9802957 0.9802957 0.5935454 0.2654574 0.9893663 0.7855271 0.8760660 0.8329951 0.6400174 0.8696104 0.5953482 0.5830622 0.7028529 0.7100552 0.5060162 0.6941314 0.5323652 0.6130227 0.5660298 0.7325577 0.9393559 0.9644698 0.6463868 0.8825039 0.7491953 0.9678113 0.8758588 0.0000000 0.3415310 0.9858346 0.7692684 0.8689072 
Sman.9750  2.2233716 2.3636578 2.3627589 0.5911463 0.7195481 1.0119288 1.0974047 1.0034359 0.6795869 0.7105569 0.7105569 0.4579855 0.3304325 0.7694858 0.7395724 0.7874954 0.6200507 0.6859469 0.7477749 0.5681707 0.5456406 0.5319447 0.6778294 0.5709771 0.7886867 0.3801016 0.4281084 0.5341398 0.6442607 0.9229182 0.7804715 0.5531896 0.8373943 0.6670907 0.9428870 0.7469998 0.3415310 0.0000000 0.7891135 0.5270929 0.7866740 
Sman.9852  2.5916625 2.2809040 2.2007285 0.6446208 0.8991642 1.1919519 1.2835672 1.1473583 0.8608137 0.8960742 0.8960742 0.6593972 0.8586297 0.8335248 0.9431593 0.8655344 0.8429515 0.7966036 0.8367074 0.6959544 0.5762521 0.9183529 0.8754085 0.6855400 1.0621882 0.6929965 0.6286728 0.8860277 0.8516109 0.9818508 1.3414165 0.8075915 1.1127047 0.6920057 1.0429628 0.9573218 0.9858346 0.7891135 0.0000000 0.7022642 1.0344784 
Sman.6042  2.6188712 2.4086121 2.4078612 0.5955985 0.7669897 0.7307415 0.7467222 0.6833381 0.8252284 0.8582680 0.8582680 0.3824808 0.6062944 0.7063438 0.8629522 0.8291224 0.3754146 0.5678389 0.6900239 0.5724993 0.5652266 0.6569318 0.8907097 0.6704201 0.7220773 0.4975012 0.4696595 0.7544913 0.6553082 0.5751415 0.8662601 0.3106102 0.6507632 0.7039269 0.6923678 0.6222706 0.7692684 0.5270929 0.7022642 0.0000000 0.9109061 
Sman.9857  2.0448445 2.0001371 2.0726829 0.6700399 0.7346280 1.1440695 1.1258863 1.0988649 0.8001937 0.8365484 0.8365484 0.9651999 0.9521682 0.8436745 0.7826479 0.7535710 1.0946585 0.7473141 0.7784764 0.6062323 0.5865797 0.7661283 0.7239563 0.6809034 0.6998384 0.7493564 0.6533704 0.9707430 0.8786181 0.9854729 0.8745515 0.6509654 0.9476822 0.6886874 1.1541745 0.8109613 0.8689072 0.7866740 1.0344784 0.9109061 0.0000000 
