6
Mlig.27866 0.0000000 0.0089237 1.0930196 0.8123919 0.8116436 1.1101175 
Mlig.27868 0.0089237 0.0000000 1.0954281 0.8073372 0.8065859 1.1124739 
Mlig.17867 1.0930196 1.0954281 0.0000000 0.9130993 0.9123320 0.0160346 
Mlig.6639  0.8123919 0.8073372 0.9130993 0.0000000 0.0022366 0.9289100 
Mlig.28537 0.8116436 0.8065859 0.9123320 0.0022366 0.0000000 0.9281581 
Mlig.29110 1.1101175 1.1124739 0.0160346 0.9289100 0.9281581 0.0000000 
