27
Smed.5904  0.0000000 0.1078920 0.0522972 0.0000010 0.0522795 0.0521782 0.0518010 0.1650875 0.1076202 0.1076202 0.0526980 0.0516736 0.0545247 0.0522795 0.1627289 0.0525799 0.1162761 0.1042238 0.1640013 0.1663687 0.0524711 0.0525799 0.0540513 0.1062944 0.0527234 0.0524711 0.0532257 
Smed.8658  0.1078920 0.0000000 0.1641197 0.1078920 0.1641126 0.1637628 0.1490248 0.0512512 0.2260560 0.2260560 0.0531881 0.1620761 0.1719189 0.1641126 0.2857425 0.1650777 0.2449465 0.2184669 0.2356826 0.2910841 0.1647672 0.1650777 0.1699392 0.2229181 0.1656416 0.1647672 0.1671815 
Smed.12616 0.0522972 0.1641197 0.0000000 0.0522972 0.1058657 0.1056531 0.1048762 0.2234667 0.1635734 0.1635734 0.1067377 0.1046115 0.1105857 0.1058657 0.2200103 0.1064730 0.1767668 0.1583207 0.2217093 0.2245079 0.1062651 0.1064730 0.1094925 0.1614661 0.1067951 0.1062651 0.1077911 
Smed.4322  0.0000010 0.1078920 0.0522972 0.0000000 0.0522795 0.0521782 0.0518010 0.1650875 0.1076202 0.1076202 0.0526980 0.0516736 0.0545247 0.0522795 0.1627289 0.0525799 0.1162761 0.1042238 0.1640013 0.1663687 0.0524711 0.0525799 0.0540513 0.1062944 0.0527234 0.0524711 0.0532257 
Smed.17408 0.0522795 0.1641126 0.1058657 0.0522795 0.0000000 0.1056319 0.1048551 0.2234962 0.1635661 0.1635661 0.1067164 0.1045904 0.1105639 0.0000010 0.2200366 0.1064517 0.1767654 0.1583115 0.2217371 0.2245380 0.1062438 0.1064517 0.1094709 0.1614580 0.1067737 0.1062438 0.1077697 
Smed.18962 0.0521782 0.1637628 0.1056531 0.0521782 0.1056319 0.0000000 0.1046466 0.2229967 0.1632195 0.1632195 0.1065002 0.1043830 0.1103311 0.1056319 0.2195548 0.1062367 0.1763596 0.1579877 0.2212479 0.2240407 0.1060297 0.1062367 0.1092433 0.1611209 0.1065573 0.1060297 0.1075493 
Smed.19435 0.0518010 0.1490248 0.1048762 0.0518010 0.1048551 0.1046466 0.0000000 0.2087660 0.1619744 0.1619744 0.1057104 0.1036246 0.1094819 0.1048551 0.2178507 0.1054511 0.1749080 0.1568223 0.2195184 0.2222802 0.1052469 0.1054511 0.1084125 0.1599103 0.1057666 0.1052469 0.1067442 
Smed.11011 0.1650875 0.0512512 0.2234667 0.1650875 0.2234962 0.2229967 0.2087660 0.0000000 0.2892240 0.2892240 0.1084046 0.2206239 0.2347052 0.2234962 0.3516291 0.2248325 0.3140056 0.2792000 0.3012993 0.3574269 0.2244287 0.2248325 0.2316211 0.2849517 0.2256800 0.2244287 0.2277372 
Smed.166   0.1076202 0.2260560 0.1635734 0.1076202 0.1635661 0.1632195 0.1619744 0.2892240 0.0000000 0.0000010 0.1649795 0.1615476 0.1130814 0.1635661 0.2192525 0.1064998 0.1810960 0.2175839 0.2864843 0.1599729 0.1642148 0.1064998 0.0518461 0.2219868 0.1650811 0.1642148 0.1666077 
Smed.16074 0.1076202 0.2260560 0.1635734 0.1076202 0.1635661 0.1632195 0.1619744 0.2892240 0.0000010 0.0000000 0.1649795 0.1615476 0.1130814 0.1635661 0.2192525 0.1064998 0.1810960 0.2175839 0.2864843 0.1599729 0.1642148 0.1064998 0.0518461 0.2219868 0.1650811 0.1642148 0.1666077 
Smed.22568 0.0526980 0.0531881 0.1067377 0.0526980 0.1067164 0.1065002 0.1057104 0.1084046 0.1649795 0.1649795 0.0000000 0.1054412 0.1115190 0.1067164 0.2219895 0.1073338 0.1784197 0.1596324 0.1721334 0.2265574 0.1071226 0.1073338 0.1104047 0.1628326 0.1076617 0.1071226 0.1086740 
Smed.135   0.0516736 0.1620761 0.1046115 0.0516736 0.1045904 0.1043830 0.1036246 0.2206239 0.1615476 0.1615476 0.1054412 0.0000000 0.1091925 0.1045904 0.2172638 0.1051834 0.1744102 0.0508672 0.1065448 0.2216737 0.1049802 0.1051834 0.1081294 0.1594950 0.1054971 0.1049802 0.1064699 
Smed.6197  0.0545247 0.1719189 0.1105857 0.0545247 0.1105639 0.1103311 0.1094819 0.2347052 0.1130814 0.1130814 0.1115190 0.1091925 0.0000000 0.1105639 0.1699296 0.1112273 0.0565313 0.1655219 0.2327022 0.1752476 0.1110013 0.1112273 0.0567427 0.1689707 0.1115823 0.1110013 0.1126692 
Smed.13012 0.0522795 0.1641126 0.1058657 0.0522795 0.0000010 0.1056319 0.1048551 0.2234962 0.1635661 0.1635661 0.1067164 0.1045904 0.1105639 0.0000000 0.2200366 0.1064517 0.1767654 0.1583115 0.2217371 0.2245380 0.1062438 0.1064517 0.1094709 0.1614580 0.1067737 0.1062438 0.1077697 
Smed.14847 0.1627289 0.2857425 0.2200103 0.1627289 0.2200366 0.2195548 0.2178507 0.3516291 0.2192525 0.2192525 0.2219895 0.2172638 0.1699296 0.2200366 0.0000000 0.2213273 0.2416690 0.2746323 0.3478221 0.2823660 0.2209359 0.2213273 0.1647082 0.2801770 0.2221429 0.2209359 0.2241334 
Smed.28028 0.0525799 0.1650777 0.1064730 0.0525799 0.1064517 0.1062367 0.1054511 0.2248325 0.1064998 0.1064998 0.1073338 0.1051834 0.1112273 0.1064517 0.2213273 0.0000000 0.1778782 0.1592078 0.2230466 0.2258703 0.1068557 0.0000010 0.1101199 0.1623893 0.1073919 0.1068557 0.1083988 
Smed.15385 0.1162761 0.2449465 0.1767668 0.1162761 0.1767654 0.1763596 0.1749080 0.3140056 0.1810960 0.1810960 0.1784197 0.1744102 0.0565313 0.1767654 0.2416690 0.1778782 0.0000000 0.1667026 0.3106221 0.2490747 0.1775250 0.1778782 0.1213140 0.2400835 0.1785413 0.1775250 0.1803068 
Smed.8078  0.1042238 0.2184669 0.1583207 0.1042238 0.1583115 0.1579877 0.1568223 0.2792000 0.2175839 0.2175839 0.1596324 0.0508672 0.1655219 0.1583115 0.2746323 0.1592078 0.1667026 0.0000000 0.1614230 0.2796621 0.1589177 0.1592078 0.1637116 0.2146983 0.1597266 0.1589177 0.1611592 
Smed.21401 0.1640013 0.2356826 0.2217093 0.1640013 0.2217371 0.2212479 0.2195184 0.3012993 0.2864843 0.2864843 0.1721334 0.1065448 0.2327022 0.2217371 0.3478221 0.2230466 0.3106221 0.1614230 0.0000000 0.2283307 0.1078826 0.2230466 0.2296942 0.1640294 0.2238759 0.1078826 0.2258926 
Smed.23660 0.1663687 0.2910841 0.2245079 0.1663687 0.2245380 0.2240407 0.2222802 0.3574269 0.1599729 0.1599729 0.2265574 0.2216737 0.1752476 0.2245380 0.2823660 0.2258703 0.2490747 0.2796621 0.2283307 0.0000000 0.1096210 0.2258703 0.1070412 0.1663951 0.2267171 0.1096210 0.2287655 
Smed.11541 0.0524711 0.1647672 0.1062651 0.0524711 0.1062438 0.1060297 0.1052469 0.2244287 0.1642148 0.1642148 0.1071226 0.1049802 0.1110013 0.1062438 0.2209359 0.1068557 0.1775250 0.1589177 0.1078826 0.1096210 0.0000000 0.1068557 0.1098986 0.0525116 0.1071805 0.0000010 0.1081839 
Smed.16265 0.0525799 0.1650777 0.1064730 0.0525799 0.1064517 0.1062367 0.1054511 0.2248325 0.1064998 0.1064998 0.1073338 0.1051834 0.1112273 0.1064517 0.2213273 0.0000010 0.1778782 0.1592078 0.2230466 0.2258703 0.1068557 0.0000000 0.1101199 0.1623893 0.1073919 0.1068557 0.1083988 
Smed.5269  0.0540513 0.1699392 0.1094925 0.0540513 0.1094709 0.1092433 0.1084125 0.2316211 0.0518461 0.0518461 0.1104047 0.1081294 0.0567427 0.1094709 0.1647082 0.1101199 0.1213140 0.1637116 0.2296942 0.1070412 0.1098986 0.1101199 0.0000000 0.1670747 0.1104665 0.1098986 0.1115300 
Smed.28640 0.1062944 0.2229181 0.1614661 0.1062944 0.1614580 0.1611209 0.1599103 0.2849517 0.2219868 0.2219868 0.1628326 0.1594950 0.1689707 0.1614580 0.2801770 0.1623893 0.2400835 0.2146983 0.1640294 0.1663951 0.0525116 0.1623893 0.1670747 0.0000000 0.1629311 0.0525116 0.1644186 
Smed.9844  0.0527234 0.1656416 0.1067951 0.0527234 0.1067737 0.1065573 0.1057666 0.2256800 0.1650811 0.1650811 0.1076617 0.1054971 0.1115823 0.1067737 0.2221429 0.1073919 0.1785413 0.1597266 0.2238759 0.2267171 0.1071805 0.1073919 0.1104665 0.1629311 0.0000000 0.1071805 0.1087337 
Smed.24340 0.0524711 0.1647672 0.1062651 0.0524711 0.1062438 0.1060297 0.1052469 0.2244287 0.1642148 0.1642148 0.1071226 0.1049802 0.1110013 0.1062438 0.2209359 0.1068557 0.1775250 0.1589177 0.1078826 0.1096210 0.0000010 0.1068557 0.1098986 0.0525116 0.1071805 0.0000000 0.1081839 
Smed.10304 0.0532257 0.1671815 0.1077911 0.0532257 0.1077697 0.1075493 0.1067442 0.2277372 0.1666077 0.1666077 0.1086740 0.1064699 0.1126692 0.1077697 0.2241334 0.1083988 0.1803068 0.1611592 0.2258926 0.2287655 0.1081839 0.1083988 0.1115300 0.1644186 0.1087337 0.1081839 0.0000000 
