6
Smed.28368 0.0000000 0.3238892 0.7947111 0.7291613 0.7041398 0.7389632 
Smed.128   0.3238892 0.0000000 0.3436526 0.3223164 0.3026998 0.3468218 
Smed.28981 0.7947111 0.3436526 0.0000000 0.0581660 0.0579730 0.0893323 
Smed.1333  0.7291613 0.3223164 0.0581660 0.0000000 0.0286097 0.0435398 
Smed.854   0.7041398 0.3026998 0.0579730 0.0286097 0.0000000 0.0437370 
Smed.29516 0.7389632 0.3468218 0.0893323 0.0435398 0.0437370 0.0000000 
