8
Mlig.14302 0.0000000 0.0000010 0.0000010 0.9293412 0.9293412 0.7210471 0.7355378 0.7303164 
Mlig.14303 0.0000010 0.0000000 0.0000010 0.9293412 0.9293412 0.7210471 0.7355378 0.7303164 
Mlig.14304 0.0000010 0.0000010 0.0000000 0.9293412 0.9293412 0.7210471 0.7355378 0.7303164 
Mlig.4955  0.9293412 0.9293412 0.9293412 0.0000000 0.0000010 0.5222076 0.5368051 0.5297638 
Mlig.6385  0.9293412 0.9293412 0.9293412 0.0000010 0.0000000 0.5222076 0.5368051 0.5297638 
Mlig.17682 0.7210471 0.7210471 0.7210471 0.5222076 0.5222076 0.0000000 0.0089510 0.0044681 
Mlig.17683 0.7355378 0.7355378 0.7355378 0.5368051 0.5368051 0.0089510 0.0000000 0.0044621 
Mlig.19155 0.7303164 0.7303164 0.7303164 0.5297638 0.5297638 0.0044681 0.0044621 0.0000000 
