6
Mlig.34832 0.0000000 0.6434629 0.6434629 0.6434629 0.0070626 0.0177361 
Mlig.2855  0.6434629 0.0000000 0.0000010 0.0000010 0.6490325 0.6484454 
Mlig.2856  0.6434629 0.0000010 0.0000000 0.0000010 0.6490325 0.6484454 
Mlig.2857  0.6434629 0.0000010 0.0000010 0.0000000 0.6490325 0.6484454 
Mlig.15543 0.0070626 0.6490325 0.6490325 0.6490325 0.0000000 0.0177362 
Mlig.34831 0.0177361 0.6484454 0.6484454 0.6484454 0.0177362 0.0000000 
