6
Mlig.1797  0.0000000 0.0000010 0.0053818 1.5147789 1.5147789 1.5290466 
Mlig.13035 0.0000010 0.0000000 0.0053818 1.5147789 1.5147789 1.5290466 
Mlig.29269 0.0053818 0.0053818 0.0000000 1.5130557 1.5130557 1.5272706 
Mlig.38565 1.5147789 1.5147789 1.5130557 0.0000000 0.0000010 0.0053248 
Mlig.38566 1.5147789 1.5147789 1.5130557 0.0000010 0.0000000 0.0053248 
Mlig.38567 1.5290466 1.5290466 1.5272706 0.0053248 0.0053248 0.0000000 
