6
Ecan.9348  0.0000000 0.1074254 0.0854933 0.1893253 0.1588703 0.1588703 
Ecan.10730 0.1074254 0.0000000 0.0210287 0.1648829 0.1355903 0.1355903 
Ecan.10750 0.0854933 0.0210287 0.0000000 0.1406015 0.1124378 0.1124378 
Ecan.10224 0.1893253 0.1648829 0.1406015 0.0000000 0.1628487 0.1628487 
Ecan.10693 0.1588703 0.1355903 0.1124378 0.1628487 0.0000000 0.0000010 
Ecan.10821 0.1588703 0.1355903 0.1124378 0.1628487 0.0000010 0.0000000 
