8
Ecan.10653 0.0000000 0.0000010 0.0000010 0.1198653 0.0984342 0.1014944 0.1014944 0.1237312 
Ecan.10876 0.0000010 0.0000000 0.0000010 0.1198653 0.0984342 0.1014944 0.1014944 0.1237312 
Ecan.10892 0.0000010 0.0000010 0.0000000 0.1198653 0.0984342 0.1014944 0.1014944 0.1237312 
Ecan.10677 0.1198653 0.1198653 0.1198653 0.0000000 0.0184784 0.0768189 0.0768189 0.0573482 
Ecan.10681 0.0984342 0.0984342 0.0984342 0.0184784 0.0000000 0.0567464 0.0567464 0.0768791 
Ecan.10704 0.1014944 0.1014944 0.1014944 0.0768189 0.0567464 0.0000000 0.0000010 0.0581256 
Ecan.10812 0.1014944 0.1014944 0.1014944 0.0768189 0.0567464 0.0000010 0.0000000 0.0581256 
Ecan.10854 0.1237312 0.1237312 0.1237312 0.0573482 0.0768791 0.0581256 0.0581256 0.0000000 
