9
Mlig.21412 0.0000000 0.3992968 0.4136992 0.4136992 0.4193195 0.0000010 0.0067314 0.1442797 0.1482886 
Mlig.10764 0.3992968 0.0000000 0.0100739 0.0100739 0.0134683 0.3992968 0.3997928 0.4126342 0.4135050 
Mlig.18292 0.4136992 0.0100739 0.0000000 0.0000010 0.0033514 0.4136992 0.4142239 0.4270270 0.4279267 
Mlig.18293 0.4136992 0.0100739 0.0000010 0.0000000 0.0033514 0.4136992 0.4142239 0.4270270 0.4279267 
Mlig.18294 0.4193195 0.0134683 0.0033514 0.0033514 0.0000000 0.4193195 0.4198566 0.4326617 0.4335740 
Mlig.5397  0.0000010 0.3992968 0.4136992 0.4136992 0.4193195 0.0000000 0.0067314 0.1442797 0.1482886 
Mlig.21411 0.0067314 0.3997928 0.4142239 0.4142239 0.4198566 0.0067314 0.0000000 0.1443862 0.1483990 
Mlig.46362 0.1442797 0.4126342 0.4270270 0.4270270 0.4326617 0.1442797 0.1443862 0.0000000 0.0033598 
Mlig.46363 0.1482886 0.4135050 0.4279267 0.4279267 0.4335740 0.1482886 0.1483990 0.0033598 0.0000000 
