19
Mlig.16564 0.0000000 0.0179938 0.0168085 0.4800874 0.4854234 0.4800874 0.4800874 0.4800874 0.4253641 0.4263359 0.4315779 0.4263359 0.4254743 0.4263359 0.0168347 0.4800874 0.4263359 0.4263359 0.4263359 
Mlig.45099 0.0179938 0.0000000 0.0077020 0.4649489 0.4701553 0.4649489 0.4649489 0.4649489 0.4128238 0.4137620 0.4189235 0.4137620 0.4129289 0.4137620 0.0054936 0.4649489 0.4137620 0.4137620 0.4137620 
Mlig.45102 0.0168085 0.0077020 0.0000000 0.4662609 0.4714832 0.4662609 0.4662609 0.4662609 0.4114310 0.4123668 0.4165777 0.4123668 0.4115357 0.4123668 0.0065884 0.4662609 0.4123668 0.4123668 0.4123668 
Mlig.48590 0.4800874 0.4649489 0.4662609 0.0000000 0.0022017 0.0000010 0.0000010 0.0000010 0.5310713 0.5313385 0.5376548 0.5313385 0.5320829 0.5313385 0.4714932 0.0000010 0.5313385 0.5313385 0.5313385 
Mlig.48595 0.4854234 0.4701553 0.4714832 0.0022017 0.0000000 0.0022017 0.0022017 0.0022017 0.5368830 0.5371568 0.5435186 0.5371568 0.5379065 0.5371568 0.4767453 0.0022017 0.5371568 0.5371568 0.5371568 
Mlig.8096  0.4800874 0.4649489 0.4662609 0.0000010 0.0022017 0.0000000 0.0000010 0.0000010 0.5310713 0.5313385 0.5376548 0.5313385 0.5320829 0.5313385 0.4714932 0.0000010 0.5313385 0.5313385 0.5313385 
Mlig.3682  0.4800874 0.4649489 0.4662609 0.0000010 0.0022017 0.0000010 0.0000000 0.0000010 0.5310713 0.5313385 0.5376548 0.5313385 0.5320829 0.5313385 0.4714932 0.0000010 0.5313385 0.5313385 0.5313385 
Mlig.38389 0.4800874 0.4649489 0.4662609 0.0000010 0.0022017 0.0000010 0.0000010 0.0000000 0.5310713 0.5313385 0.5376548 0.5313385 0.5320829 0.5313385 0.4714932 0.0000010 0.5313385 0.5313385 0.5313385 
Mlig.37966 0.4253641 0.4128238 0.4114310 0.5310713 0.5368830 0.5310713 0.5310713 0.5310713 0.0000000 0.0022205 0.0055691 0.0022205 0.0011098 0.0022205 0.4123366 0.5310713 0.0022205 0.0022205 0.0022205 
Mlig.19925 0.4263359 0.4137620 0.4123668 0.5313385 0.5371568 0.5313385 0.5313385 0.5313385 0.0022205 0.0000000 0.0033360 0.0000010 0.0011093 0.0000010 0.4132754 0.5313385 0.0000010 0.0000010 0.0000010 
Mlig.25369 0.4315779 0.4189235 0.4165777 0.5376548 0.5435186 0.5376548 0.5376548 0.5376548 0.0055691 0.0033360 0.0000000 0.0033360 0.0044516 0.0033360 0.4184442 0.5376548 0.0033360 0.0033360 0.0033360 
Mlig.19927 0.4263359 0.4137620 0.4123668 0.5313385 0.5371568 0.5313385 0.5313385 0.5313385 0.0022205 0.0000010 0.0033360 0.0000000 0.0011093 0.0000010 0.4132754 0.5313385 0.0000010 0.0000010 0.0000010 
Mlig.47657 0.4254743 0.4129289 0.4115357 0.5320829 0.5379065 0.5320829 0.5320829 0.5320829 0.0011098 0.0011093 0.0044516 0.0011093 0.0000000 0.0011093 0.4124417 0.5320829 0.0011093 0.0011093 0.0011093 
Mlig.19926 0.4263359 0.4137620 0.4123668 0.5313385 0.5371568 0.5313385 0.5313385 0.5313385 0.0022205 0.0000010 0.0033360 0.0000010 0.0011093 0.0000000 0.4132754 0.5313385 0.0000010 0.0000010 0.0000010 
Mlig.45103 0.0168347 0.0054936 0.0065884 0.4714932 0.4767453 0.4714932 0.4714932 0.4714932 0.4123366 0.4132754 0.4184442 0.4132754 0.4124417 0.4132754 0.0000000 0.4714932 0.4132754 0.4132754 0.4132754 
Mlig.48591 0.4800874 0.4649489 0.4662609 0.0000010 0.0022017 0.0000010 0.0000010 0.0000010 0.5310713 0.5313385 0.5376548 0.5313385 0.5320829 0.5313385 0.4714932 0.0000000 0.5313385 0.5313385 0.5313385 
Mlig.36193 0.4263359 0.4137620 0.4123668 0.5313385 0.5371568 0.5313385 0.5313385 0.5313385 0.0022205 0.0000010 0.0033360 0.0000010 0.0011093 0.0000010 0.4132754 0.5313385 0.0000000 0.0000010 0.0000010 
Mlig.37964 0.4263359 0.4137620 0.4123668 0.5313385 0.5371568 0.5313385 0.5313385 0.5313385 0.0022205 0.0000010 0.0033360 0.0000010 0.0011093 0.0000010 0.4132754 0.5313385 0.0000010 0.0000000 0.0000010 
Mlig.44229 0.4263359 0.4137620 0.4123668 0.5313385 0.5371568 0.5313385 0.5313385 0.5313385 0.0022205 0.0000010 0.0033360 0.0000010 0.0011093 0.0000010 0.4132754 0.5313385 0.0000010 0.0000010 0.0000000 
