7
Mlig.19290 0.0000000 0.0000010 0.0164970 0.0220814 0.8787625 0.8909426 0.8683985 
Mlig.28754 0.0000010 0.0000000 0.0164970 0.0220814 0.8787625 0.8909426 0.8683985 
Mlig.15069 0.0164970 0.0164970 0.0000000 0.0054586 0.8909208 0.9031980 0.8805000 
Mlig.28752 0.0220814 0.0220814 0.0054586 0.0000000 0.9058677 0.9183282 0.8953241 
Mlig.542   0.8787625 0.8787625 0.8909208 0.9058677 0.0000000 0.0108418 0.0054305 
Mlig.15441 0.8909426 0.8909426 0.9031980 0.9183282 0.0108418 0.0000000 0.0163203 
Mlig.35744 0.8683985 0.8683985 0.8805000 0.8953241 0.0054305 0.0163203 0.0000000 
