8
Mlig.47157 0.0000000 0.4083130 0.4197731 0.4173206 0.4251818 0.4173206 0.4021126 0.0059189 
Mlig.41434 0.4083130 0.0000000 0.0059525 0.4783880 0.4859366 0.4783880 0.0059053 0.4083421 
Mlig.41435 0.4197731 0.0059525 0.0000000 0.4839090 0.4915625 0.4839090 0.0119112 0.4197858 
Mlig.13216 0.4173206 0.4783880 0.4839090 0.0000000 0.0059387 0.0000010 0.4725836 0.4097856 
Mlig.13217 0.4251818 0.4859366 0.4915625 0.0059387 0.0000000 0.0059387 0.4801792 0.4176505 
Mlig.43983 0.4173206 0.4783880 0.4839090 0.0000010 0.0059387 0.0000000 0.4725836 0.4097856 
Mlig.22043 0.4021126 0.0059053 0.0119112 0.4725836 0.4801792 0.4725836 0.0000000 0.4021505 
Mlig.47158 0.0059189 0.4083421 0.4197858 0.4097856 0.4176505 0.4097856 0.4021505 0.0000000 
