14
Mlig.12995 0.0000000 0.0000010 0.0046156 0.6291330 0.5527263 0.5527263 0.7468116 0.7468116 0.7661991 0.5405619 0.5405619 0.5310043 0.4531998 0.4560141 
Mlig.22345 0.0000010 0.0000000 0.0046156 0.6291330 0.5527263 0.5527263 0.7468116 0.7468116 0.7661991 0.5405619 0.5405619 0.5310043 0.4531998 0.4560141 
Mlig.22346 0.0046156 0.0046156 0.0000000 0.6322811 0.5556724 0.5556724 0.7501892 0.7501892 0.7696202 0.5440179 0.5440179 0.5343950 0.4527741 0.4555845 
Mlig.1064  0.6291330 0.6291330 0.6322811 0.0000000 0.0235523 0.0235523 0.8699030 0.8699030 0.8781390 0.8642287 0.8642287 0.8551596 0.8115948 0.8415660 
Mlig.1063  0.5527263 0.5527263 0.5556724 0.0235523 0.0000000 0.0000010 0.7708698 0.7708698 0.7777061 0.7818584 0.7818584 0.7734638 0.7069603 0.7342109 
Mlig.1065  0.5527263 0.5527263 0.5556724 0.0235523 0.0000010 0.0000000 0.7708698 0.7708698 0.7777061 0.7818584 0.7818584 0.7734638 0.7069603 0.7342109 
Mlig.953   0.7468116 0.7468116 0.7501892 0.8699030 0.7708698 0.7708698 0.0000000 0.0000010 0.0144196 0.9906105 0.9906105 0.9760896 0.8618731 0.8939826 
Mlig.954   0.7468116 0.7468116 0.7501892 0.8699030 0.7708698 0.7708698 0.0000010 0.0000000 0.0144196 0.9906105 0.9906105 0.9760896 0.8618731 0.8939826 
Mlig.955   0.7661991 0.7661991 0.7696202 0.8781390 0.7777061 0.7777061 0.0144196 0.0144196 0.0000000 1.0343199 1.0343199 1.0194881 0.8761510 0.9088722 
Mlig.43147 0.5405619 0.5405619 0.5440179 0.8642287 0.7818584 0.7818584 0.9906105 0.9906105 1.0343199 0.0000000 0.0000010 0.0045646 0.2104444 0.2236118 
Mlig.43148 0.5405619 0.5405619 0.5440179 0.8642287 0.7818584 0.7818584 0.9906105 0.9906105 1.0343199 0.0000010 0.0000000 0.0045646 0.2104444 0.2236118 
Mlig.43149 0.5310043 0.5310043 0.5343950 0.8551596 0.7734638 0.7734638 0.9760896 0.9760896 1.0194881 0.0045646 0.0045646 0.0000000 0.2044088 0.2174108 
Mlig.13802 0.4531998 0.4531998 0.4527741 0.8115948 0.7069603 0.7069603 0.8618731 0.8618731 0.8761510 0.2104444 0.2104444 0.2044088 0.0000000 0.0091139 
Mlig.20569 0.4560141 0.4560141 0.4555845 0.8415660 0.7342109 0.7342109 0.8939826 0.8939826 0.9088722 0.2236118 0.2236118 0.2174108 0.0091139 0.0000000 
