11
Mlig.2361  0.0000000 0.0000010 0.0000010 0.0000010 0.0000010 0.1346266 0.1334455 0.1762050 0.1762050 0.1762050 0.1922012 
Mlig.5364  0.0000010 0.0000000 0.0000010 0.0000010 0.0000010 0.1346266 0.1334455 0.1762050 0.1762050 0.1762050 0.1922012 
Mlig.2359  0.0000010 0.0000010 0.0000000 0.0000010 0.0000010 0.1346266 0.1334455 0.1762050 0.1762050 0.1762050 0.1922012 
Mlig.2358  0.0000010 0.0000010 0.0000010 0.0000000 0.0000010 0.1346266 0.1334455 0.1762050 0.1762050 0.1762050 0.1922012 
Mlig.2360  0.0000010 0.0000010 0.0000010 0.0000010 0.0000000 0.1346266 0.1334455 0.1762050 0.1762050 0.1762050 0.1922012 
Mlig.33779 0.1346266 0.1346266 0.1346266 0.1346266 0.1346266 0.0000000 0.0097819 0.1866491 0.1866491 0.1866491 0.2029818 
Mlig.33780 0.1334455 0.1334455 0.1334455 0.1334455 0.1334455 0.0097819 0.0000000 0.1863099 0.1863099 0.1863099 0.2026000 
Mlig.3166  0.1762050 0.1762050 0.1762050 0.1762050 0.1762050 0.1866491 0.1863099 0.0000000 0.0000010 0.0000010 0.0198324 
Mlig.3165  0.1762050 0.1762050 0.1762050 0.1762050 0.1762050 0.1866491 0.1863099 0.0000010 0.0000000 0.0000010 0.0198324 
Mlig.3167  0.1762050 0.1762050 0.1762050 0.1762050 0.1762050 0.1866491 0.1863099 0.0000010 0.0000010 0.0000000 0.0198324 
Mlig.3168  0.1922012 0.1922012 0.1922012 0.1922012 0.1922012 0.2029818 0.2026000 0.0198324 0.0198324 0.0198324 0.0000000 
