7
Mlig.32361 0.0000000 0.0284974 0.0284974 0.0284974 0.0284974 0.7307477 0.7319520 
Mlig.32362 0.0284974 0.0000000 0.0000010 0.0000010 0.0000010 0.6814327 0.6825764 
Mlig.32363 0.0284974 0.0000010 0.0000000 0.0000010 0.0000010 0.6814327 0.6825764 
Mlig.32364 0.0284974 0.0000010 0.0000010 0.0000000 0.0000010 0.6814327 0.6825764 
Mlig.32365 0.0284974 0.0000010 0.0000010 0.0000010 0.0000000 0.6814327 0.6825764 
Mlig.22294 0.7307477 0.6814327 0.6814327 0.6814327 0.6814327 0.0000000 0.0105246 
Mlig.35868 0.7319520 0.6825764 0.6825764 0.6825764 0.6825764 0.0105246 0.0000000 
