13
Mlig.34136 0.0000000 0.2612863 0.4505084 0.2698180 0.2528961 0.3305211 0.3276407 0.2738184 0.0729735 0.0000010 0.3869863 0.3825494 0.3330811 
Mlig.4353  0.2612863 0.0000000 0.3688106 0.0829873 0.0564001 0.2994777 0.2765817 0.3177924 0.2712589 0.2612863 0.2903663 0.3054675 0.3542402 
Mlig.12637 0.4505084 0.3688106 0.0000000 0.4501970 0.4117906 0.2460621 0.2821397 0.5513813 0.4613430 0.4505084 0.2397924 0.3598830 0.3375800 
Mlig.27719 0.2698180 0.0829873 0.4501970 0.0000000 0.0744506 0.3517230 0.3239337 0.2539523 0.2579039 0.2698180 0.3651751 0.2613631 0.3675848 
Mlig.47064 0.2528961 0.0564001 0.4117906 0.0744506 0.0000000 0.3336694 0.2870081 0.3311619 0.2415365 0.2528961 0.3256472 0.2962140 0.3688550 
Mlig.40548 0.3305211 0.2994777 0.2460621 0.3517230 0.3336694 0.0000000 0.1990582 0.4263468 0.3420128 0.3305211 0.1157352 0.2527316 0.1057275 
Mlig.16041 0.3276407 0.2765817 0.2821397 0.3239337 0.2870081 0.1990582 0.0000000 0.4231554 0.3278401 0.3276407 0.2277820 0.2748429 0.2683013 
Mlig.13688 0.2738184 0.3177924 0.5513813 0.2539523 0.3311619 0.4263468 0.4231554 0.0000000 0.3270350 0.2738184 0.4499092 0.4307385 0.4435606 
Mlig.19793 0.0729735 0.2712589 0.4613430 0.2579039 0.2415365 0.3420128 0.3278401 0.3270350 0.0000000 0.0729735 0.3750160 0.3489369 0.3450891 
Mlig.34137 0.0000010 0.2612863 0.4505084 0.2698180 0.2528961 0.3305211 0.3276407 0.2738184 0.0729735 0.0000000 0.3869863 0.3825494 0.3330811 
Mlig.42366 0.3869863 0.2903663 0.2397924 0.3651751 0.3256472 0.1157352 0.2277820 0.4499092 0.3750160 0.3869863 0.0000000 0.2771117 0.1902280 
Mlig.7186  0.3825494 0.3054675 0.3598830 0.2613631 0.2962140 0.2527316 0.2748429 0.4307385 0.3489369 0.3825494 0.2771117 0.0000000 0.2632057 
Mlig.8379  0.3330811 0.3542402 0.3375800 0.3675848 0.3688550 0.1057275 0.2683013 0.4435606 0.3450891 0.3330811 0.1902280 0.2632057 0.0000000 
