7
Mlig.1768  0.0000000 0.0026344 0.0132369 0.0119053 0.0119072 0.0145746 0.0119053 
Mlig.1766  0.0026344 0.0000000 0.0103835 0.0090777 0.0090792 0.0116944 0.0090777 
Mlig.1771  0.0132369 0.0103835 0.0000000 0.0012923 0.0116838 0.0038846 0.0012923 
Mlig.11771 0.0119053 0.0090777 0.0012923 0.0000000 0.0103770 0.0025877 0.0000010 
Mlig.1772  0.0119072 0.0090792 0.0116838 0.0103770 0.0000000 0.0129960 0.0103770 
Mlig.1765  0.0145746 0.0116944 0.0038846 0.0025877 0.0129960 0.0000000 0.0025877 
Mlig.1770  0.0119053 0.0090777 0.0012923 0.0000010 0.0103770 0.0025877 0.0000000 
