8
Smat.4530  0.0000000 0.0754847 0.1140788 0.0749218 0.2448800 0.1148509 0.1188111 0.1142649 
Smat.8000  0.0754847 0.0000000 0.1168060 0.0766149 0.1627474 0.0377748 0.0389419 0.0375709 
Smat.8139  0.1140788 0.1168060 0.0000000 0.1159196 0.2949312 0.1579231 0.1638586 0.1571347 
Smat.8008  0.0749218 0.0766149 0.1159196 0.0000000 0.1641665 0.1167185 0.1208349 0.0378965 
Smat.9471  0.2448800 0.1627474 0.2949312 0.1641665 0.0000000 0.2062802 0.1160035 0.1208569 
Smat.2933  0.1148509 0.0377748 0.1579231 0.1167185 0.2062802 0.0000000 0.0793607 0.0764104 
Smat.1511  0.1188111 0.0389419 0.1638586 0.1208349 0.1160035 0.0793607 0.0000000 0.0789243 
Smat.5343  0.1142649 0.0375709 0.1571347 0.0378965 0.1208569 0.0764104 0.0789243 0.0000000 
