6
Mlig.5289  0.0000000 0.0062711 0.0046964 0.4217544 0.4212419 0.4146801 
Mlig.5290  0.0062711 0.0000000 0.0015645 0.4206565 0.4201423 0.4135927 
Mlig.5291  0.0046964 0.0015645 0.0000000 0.4233104 0.4227995 0.4162097 
Mlig.20493 0.4217544 0.4206565 0.4233104 0.0000000 0.0221590 0.0140493 
Mlig.20491 0.4212419 0.4201423 0.4227995 0.0221590 0.0000000 0.0172754 
Mlig.20492 0.4146801 0.4135927 0.4162097 0.0140493 0.0172754 0.0000000 
