12
Mlig.482   0.0000000 0.0086046 1.2400223 1.1452925 1.1452925 0.8410333 0.8562385 0.8505738 0.8505738 0.9046940 0.9046940 0.9084210 
Mlig.35394 0.0086046 0.0000000 1.2608714 1.1471413 1.1471413 0.8466247 0.8331534 0.8275185 0.8275185 0.8974989 0.8974989 0.9011766 
Mlig.46240 1.2400223 1.2608714 0.0000000 0.0460039 0.0460039 0.9586322 1.0848570 1.0810852 1.0810852 1.0710694 1.0710694 1.1031744 
Mlig.46239 1.1452925 1.1471413 0.0460039 0.0000000 0.0000010 0.8665271 0.9990473 0.9955109 0.9955109 0.9171394 0.9171394 0.9454543 
Mlig.46241 1.1452925 1.1471413 0.0460039 0.0000010 0.0000000 0.8665271 0.9990473 0.9955109 0.9955109 0.9171394 0.9171394 0.9454543 
Mlig.30615 0.8410333 0.8466247 0.9586322 0.8665271 0.8665271 0.0000000 0.9453954 0.9431411 0.9431411 0.8476485 0.8476485 0.8529748 
Mlig.30115 0.8562385 0.8331534 1.0848570 0.9990473 0.9990473 0.9453954 0.0000000 0.0043293 0.0043293 0.3020118 0.3020118 0.3112025 
Mlig.30116 0.8505738 0.8275185 1.0810852 0.9955109 0.9955109 0.9431411 0.0043293 0.0000000 0.0000010 0.2984021 0.2984021 0.3075574 
Mlig.30117 0.8505738 0.8275185 1.0810852 0.9955109 0.9955109 0.9431411 0.0043293 0.0000010 0.0000000 0.2984021 0.2984021 0.3075574 
Mlig.16035 0.9046940 0.8974989 1.0710694 0.9171394 0.9171394 0.8476485 0.3020118 0.2984021 0.2984021 0.0000000 0.0000010 0.0131150 
Mlig.11121 0.9046940 0.8974989 1.0710694 0.9171394 0.9171394 0.8476485 0.3020118 0.2984021 0.2984021 0.0000010 0.0000000 0.0131150 
Mlig.26437 0.9084210 0.9011766 1.1031744 0.9454543 0.9454543 0.8529748 0.3112025 0.3075574 0.3075574 0.0131150 0.0131150 0.0000000 
