6
Mlig.15332 0.0000000 0.0000010 0.0000010 0.6260981 0.4551759 0.4580196 
Mlig.15333 0.0000010 0.0000000 0.0000010 0.6260981 0.4551759 0.4580196 
Mlig.15334 0.0000010 0.0000010 0.0000000 0.6260981 0.4551759 0.4580196 
Mlig.27854 0.6260981 0.6260981 0.6260981 0.0000000 0.6377826 0.6309746 
Mlig.11241 0.4551759 0.4551759 0.4551759 0.6377826 0.0000000 0.0060992 
Mlig.33150 0.4580196 0.4580196 0.4580196 0.6309746 0.0060992 0.0000000 
