8
Mlig.18092 0.0000000 0.5152069 0.5152069 0.5152069 1.0479477 0.1359559 0.1359559 0.1359559 
Mlig.8168  0.5152069 0.0000000 0.0000010 0.0000010 1.2836650 0.4868594 0.4868594 0.4868594 
Mlig.25591 0.5152069 0.0000010 0.0000000 0.0000010 1.2836650 0.4868594 0.4868594 0.4868594 
Mlig.46413 0.5152069 0.0000010 0.0000010 0.0000000 1.2836650 0.4868594 0.4868594 0.4868594 
Mlig.25590 1.0479477 1.2836650 1.2836650 1.2836650 0.0000000 1.3352508 1.3352508 1.3352508 
Mlig.8169  0.1359559 0.4868594 0.4868594 0.4868594 1.3352508 0.0000000 0.0000010 0.0000010 
Mlig.25592 0.1359559 0.4868594 0.4868594 0.4868594 1.3352508 0.0000010 0.0000000 0.0000010 
Mlig.46414 0.1359559 0.4868594 0.4868594 0.4868594 1.3352508 0.0000010 0.0000010 0.0000000 
