10
Mlig.38998 0.0000000 1.0905309 1.0905309 1.0902215 1.0084298 1.0108141 1.0044051 0.0038395 0.7789835 0.7679479 
Mlig.18210 1.0905309 0.0000000 0.0000010 0.0133677 0.7557765 0.7609661 0.7562508 1.0920229 0.9735890 0.9601792 
Mlig.18211 1.0905309 0.0000010 0.0000000 0.0133677 0.7557765 0.7609661 0.7562508 1.0920229 0.9735890 0.9601792 
Mlig.17281 1.0902215 0.0133677 0.0133677 0.0000000 0.7593947 0.7645746 0.7598696 1.0917095 0.9691741 0.9559163 
Mlig.43281 1.0084298 0.7557765 0.7557765 0.7593947 0.0000000 0.0038316 0.0019124 1.0112656 0.9351993 0.9202648 
Mlig.43283 1.0108141 0.7609661 0.7609661 0.7645746 0.0038316 0.0000000 0.0019145 1.0136570 0.9371802 0.9222011 
Mlig.43285 1.0044051 0.7562508 0.7562508 0.7598696 0.0019124 0.0019145 0.0000000 1.0072437 0.9315138 0.9165906 
Mlig.38997 0.0038395 1.0920229 1.0920229 1.0917095 1.0112656 1.0136570 1.0072437 0.0000000 0.7820310 0.7710089 
Mlig.18855 0.7789835 0.9735890 0.9735890 0.9691741 0.9351993 0.9371802 0.9315138 0.7820310 0.0000000 0.0092945 
Mlig.18858 0.7679479 0.9601792 0.9601792 0.9559163 0.9202648 0.9222011 0.9165906 0.7710089 0.0092945 0.0000000 
