8
Mlig.39761 0.0000000 1.2633472 1.2655684 1.2608746 0.0199221 0.0213585 1.0839604 1.0844098 
Mlig.10194 1.2633472 0.0000000 0.0026883 0.0027052 1.2219040 1.2180745 1.1008270 1.1010687 
Mlig.10195 1.2655684 0.0026883 0.0000000 0.0054172 1.2240680 1.2202344 1.1005736 1.1008152 
Mlig.10193 1.2608746 0.0027052 0.0054172 0.0000000 1.2194955 1.2156712 1.0919733 1.0922132 
Mlig.39759 0.0199221 1.2219040 1.2240680 1.2194955 0.0000000 0.0013656 1.0413396 1.0417624 
Mlig.39760 0.0213585 1.2180745 1.2202344 1.2156712 0.0013656 0.0000000 1.0413091 1.0417319 
Mlig.33277 1.0839604 1.1008270 1.1005736 1.0919733 1.0413396 1.0413091 0.0000000 0.0040889 
Mlig.33278 1.0844098 1.1010687 1.1008152 1.0922132 1.0417624 1.0417319 0.0040889 0.0000000 
