6
Mlig.4008  0.0000000 0.0000010 0.0000010 0.4689483 0.4673813 0.4772552 
Mlig.43042 0.0000010 0.0000000 0.0000010 0.4689483 0.4673813 0.4772552 
Mlig.48871 0.0000010 0.0000010 0.0000000 0.4689483 0.4673813 0.4772552 
Mlig.4627  0.4689483 0.4689483 0.4689483 0.0000000 0.0064182 0.0128622 
Mlig.4623  0.4673813 0.4673813 0.4673813 0.0064182 0.0000000 0.0064215 
Mlig.4628  0.4772552 0.4772552 0.4772552 0.0128622 0.0064215 0.0000000 
