8
Mlig.3115  0.0000000 0.7049836 0.7082956 0.7236056 0.0515352 0.0339877 1.1552676 1.1552676 
Mlig.11713 0.7049836 0.0000000 0.0169373 0.0112415 0.6887058 0.6951395 1.3710630 1.3710630 
Mlig.21478 0.7082956 0.0169373 0.0000000 0.0055276 0.6919154 0.6983793 1.3979794 1.3979794 
Mlig.21479 0.7236056 0.0112415 0.0055276 0.0000000 0.7069107 0.7134560 1.3984886 1.3984886 
Mlig.3116  0.0515352 0.6887058 0.6919154 0.7069107 0.0000000 0.0165907 1.1893219 1.1893219 
Mlig.3117  0.0339877 0.6951395 0.6983793 0.7134560 0.0165907 0.0000000 1.2065448 1.2065448 
Mlig.41160 1.1552676 1.3710630 1.3979794 1.3984886 1.1893219 1.2065448 0.0000000 0.0000010 
Mlig.41161 1.1552676 1.3710630 1.3979794 1.3984886 1.1893219 1.2065448 0.0000010 0.0000000 
