11
Mlig.16207 0.0000000 0.0403042 0.0279327 1.3440463 0.5177799 0.5177799 1.2656544 1.2731609 1.2656544 1.2656544 1.2656544 
Mlig.16206 0.0403042 0.0000000 0.0198002 1.4504618 0.5525155 0.5525155 1.3097745 1.3174505 1.3097745 1.3097745 1.3097745 
Mlig.16208 0.0279327 0.0198002 0.0000000 1.4151740 0.5364566 0.5364566 1.2903410 1.2979372 1.2903410 1.2903410 1.2903410 
Mlig.42503 1.3440463 1.4504618 1.4151740 0.0000000 1.2689755 1.2689755 1.4850024 1.4935739 1.4850024 1.4850024 1.4850024 
Mlig.18079 0.5177799 0.5525155 0.5364566 1.2689755 0.0000000 0.0000010 1.1184521 1.1282955 1.1184521 1.1184521 1.1184521 
Mlig.18080 0.5177799 0.5525155 0.5364566 1.2689755 0.0000010 0.0000000 1.1184521 1.1282955 1.1184521 1.1184521 1.1184521 
Mlig.11392 1.2656544 1.3097745 1.2903410 1.4850024 1.1184521 1.1184521 0.0000000 0.0038701 0.0000010 0.0000010 0.0000010 
Mlig.11396 1.2731609 1.3174505 1.2979372 1.4935739 1.1282955 1.1282955 0.0038701 0.0000000 0.0038701 0.0038701 0.0038701 
Mlig.11394 1.2656544 1.3097745 1.2903410 1.4850024 1.1184521 1.1184521 0.0000010 0.0038701 0.0000000 0.0000010 0.0000010 
Mlig.11391 1.2656544 1.3097745 1.2903410 1.4850024 1.1184521 1.1184521 0.0000010 0.0038701 0.0000010 0.0000000 0.0000010 
Mlig.11395 1.2656544 1.3097745 1.2903410 1.4850024 1.1184521 1.1184521 0.0000010 0.0038701 0.0000010 0.0000010 0.0000000 
