6
Smed.1084  0.0000000 0.0522799 0.1644933 0.0655226 0.0795215 0.0952727 
Smed.20430 0.0522799 0.0000000 0.1659650 0.0798172 0.0942046 0.0945795 
Smed.16215 0.1644933 0.1659650 0.0000000 0.1354227 0.1507748 0.1534968 
Smed.1394  0.0655226 0.0798172 0.1354227 0.0000000 0.0128549 0.0672732 
Smed.9877  0.0795215 0.0942046 0.1507748 0.0128549 0.0000000 0.0816555 
Smed.8057  0.0952727 0.0945795 0.1534968 0.0672732 0.0816555 0.0000000 
