6
Mlig.46901 0.0000000 0.0091250 0.0091250 0.0091250 1.8509589 1.9000620 
Mlig.36483 0.0091250 0.0000000 0.0000010 0.0000010 1.8417831 1.8905795 
Mlig.36485 0.0091250 0.0000010 0.0000000 0.0000010 1.8417831 1.8905795 
Mlig.36484 0.0091250 0.0000010 0.0000010 0.0000000 1.8417831 1.8905795 
Mlig.4032  1.8509589 1.8417831 1.8417831 1.8417831 0.0000000 0.0197137 
Mlig.19592 1.9000620 1.8905795 1.8905795 1.8905795 0.0197137 0.0000000 
