6
Treg.3389  0.0000000 0.7664784 0.8850796 0.8959199 0.5975398 0.5206946 
Treg.3382  0.7664784 0.0000000 0.3490195 0.6221679 0.4597906 0.5159487 
Treg.3384  0.8850796 0.3490195 0.0000000 0.6788077 0.4737709 0.5411158 
Treg.3391  0.8959199 0.6221679 0.6788077 0.0000000 0.5288748 0.5917036 
Treg.3390  0.5975398 0.4597906 0.4737709 0.5288748 0.0000000 0.2321861 
Treg.3392  0.5206946 0.5159487 0.5411158 0.5917036 0.2321861 0.0000000 
