12
Mlig.19336 0.0000000 0.0080942 0.0081101 1.1910292 1.1910292 1.1910292 0.8172506 0.8359934 0.8359934 0.9435375 0.9221011 0.9221011 
Mlig.19334 0.0080942 0.0000000 0.0080970 1.1677242 1.1677242 1.1677242 0.7992950 0.8177748 0.8177748 0.9397631 0.9184463 0.9184463 
Mlig.19335 0.0081101 0.0080970 0.0000000 1.1841534 1.1841534 1.1841534 0.8111072 0.8298173 0.8298173 0.9406894 0.9192814 0.9192814 
Mlig.16172 1.1910292 1.1677242 1.1841534 0.0000000 0.0000010 0.0000010 0.7030006 0.7019539 0.7019539 0.6657483 0.6593171 0.6593171 
Mlig.34374 1.1910292 1.1677242 1.1841534 0.0000010 0.0000000 0.0000010 0.7030006 0.7019539 0.7019539 0.6657483 0.6593171 0.6593171 
Mlig.40199 1.1910292 1.1677242 1.1841534 0.0000010 0.0000010 0.0000000 0.7030006 0.7019539 0.7019539 0.6657483 0.6593171 0.6593171 
Mlig.33281 0.8172506 0.7992950 0.8111072 0.7030006 0.7030006 0.7030006 0.0000000 0.0083106 0.0083106 0.6118079 0.6100462 0.6100462 
Mlig.10226 0.8359934 0.8177748 0.8298173 0.7019539 0.7019539 0.7019539 0.0083106 0.0000000 0.0000010 0.5936808 0.5919384 0.5919384 
Mlig.36714 0.8359934 0.8177748 0.8298173 0.7019539 0.7019539 0.7019539 0.0083106 0.0000010 0.0000000 0.5936808 0.5919384 0.5919384 
Mlig.45973 0.9435375 0.9397631 0.9406894 0.6657483 0.6657483 0.6657483 0.6118079 0.5936808 0.5936808 0.0000000 0.0124762 0.0124762 
Mlig.45974 0.9221011 0.9184463 0.9192814 0.6593171 0.6593171 0.6593171 0.6100462 0.5919384 0.5919384 0.0124762 0.0000000 0.0000010 
Mlig.45975 0.9221011 0.9184463 0.9192814 0.6593171 0.6593171 0.6593171 0.6100462 0.5919384 0.5919384 0.0124762 0.0000010 0.0000000 
