7
Mlig.32998 0.0000000 0.3527776 0.3621286 0.3594481 0.5421564 0.5421564 0.5419827 
Mlig.28666 0.3527776 0.0000000 0.0088618 0.0066486 0.4810949 0.4810949 0.4809304 
Mlig.29536 0.3621286 0.0088618 0.0000000 0.0066490 0.4769570 0.4769570 0.4767942 
Mlig.28667 0.3594481 0.0066486 0.0066490 0.0000000 0.4854850 0.4854850 0.4853186 
Mlig.11406 0.5421564 0.4810949 0.4769570 0.4854850 0.0000000 0.0000010 0.0022864 
Mlig.29495 0.5421564 0.4810949 0.4769570 0.4854850 0.0000010 0.0000000 0.0022864 
Mlig.30253 0.5419827 0.4809304 0.4767942 0.4853186 0.0022864 0.0022864 0.0000000 
