12
Mlig.27171 0.0000000 0.0139734 0.1393633 0.1183717 1.2041511 1.0865411 1.1705279 1.1731443 1.0665381 1.0381503 1.1463054 1.1362810 
Mlig.27173 0.0139734 0.0000000 0.1438866 0.1228407 1.2156560 1.0891169 1.1760892 1.1787204 1.0771468 1.0484803 1.1490668 1.1390159 
Mlig.32145 0.1393633 0.1438866 0.0000000 0.0280808 1.1828523 1.1333023 1.1799276 1.1825660 1.1310631 1.1023446 1.1758915 1.1684080 
Mlig.32147 0.1183717 0.1228407 0.0280808 0.0000000 1.1858559 1.1210485 1.1758953 1.1785241 1.1259078 1.0973760 1.1756975 1.1682270 
Mlig.30087 1.2041511 1.2156560 1.1828523 1.1858559 0.0000000 0.6021584 0.7429472 0.7453706 0.5582008 0.5415261 0.5622163 0.5562256 
Mlig.10357 1.0865411 1.0891169 1.1333023 1.1210485 0.6021584 0.0000000 0.6421016 0.6413877 0.2209280 0.2095933 0.2768416 0.2735427 
Mlig.46711 1.1705279 1.1760892 1.1799276 1.1758953 0.7429472 0.6421016 0.0000000 0.0039846 0.6242630 0.6261817 0.6368231 0.6287919 
Mlig.46712 1.1731443 1.1787204 1.1825660 1.1785241 0.7453706 0.6413877 0.0039846 0.0000000 0.6275115 0.6294158 0.6350074 0.6249031 
Mlig.540   1.0665381 1.0771468 1.1310631 1.1259078 0.5582008 0.2209280 0.6242630 0.6275115 0.0000000 0.0328468 0.2210189 0.2116216 
Mlig.541   1.0381503 1.0484803 1.1023446 1.0973760 0.5415261 0.2095933 0.6261817 0.6294158 0.0328468 0.0000000 0.2171425 0.2128158 
Mlig.30523 1.1463054 1.1490668 1.1758915 1.1756975 0.5622163 0.2768416 0.6368231 0.6350074 0.2210189 0.2171425 0.0000000 0.0203035 
Mlig.32241 1.1362810 1.1390159 1.1684080 1.1682270 0.5562256 0.2735427 0.6287919 0.6249031 0.2116216 0.2128158 0.0203035 0.0000000 
