7
Sman.7616  0.0000000 0.1549959 0.0176932 0.0549812 0.0613283 0.0437440 0.0656124 
Sman.8755  0.1549959 0.0000000 0.1422677 0.1608289 0.1616944 0.1417715 0.1987314 
Sman.8442  0.0176932 0.1422677 0.0000000 0.0356043 0.0606500 0.0358505 0.0698048 
Sman.9704  0.0549812 0.1608289 0.0356043 0.0000000 0.0682375 0.0285498 0.0688645 
Sman.8765  0.0613283 0.1616944 0.0606500 0.0682375 0.0000000 0.0528481 0.0818246 
Sman.7147  0.0437440 0.1417715 0.0358505 0.0285498 0.0528481 0.0000000 0.0571234 
Sman.7500  0.0656124 0.1987314 0.0698048 0.0688645 0.0818246 0.0571234 0.0000000 
