7
Mlig.7684  0.0000000 0.4709789 0.4537214 0.4619005 0.5933083 0.4654706 0.4597315 
Mlig.41410 0.4709789 0.0000000 0.1564225 0.1623988 0.2420261 0.1582115 0.1559666 
Mlig.19339 0.4537214 0.1564225 0.0000000 0.0406172 0.0884457 0.0224848 0.0249847 
Mlig.22065 0.4619005 0.1623988 0.0406172 0.0000000 0.1064223 0.0432657 0.0353495 
Mlig.29669 0.5933083 0.2420261 0.0884457 0.1064223 0.0000000 0.0972560 0.0768727 
Mlig.25280 0.4654706 0.1582115 0.0224848 0.0432657 0.0972560 0.0000000 0.0326612 
Mlig.47512 0.4597315 0.1559666 0.0249847 0.0353495 0.0768727 0.0326612 0.0000000 
