6
Mlig.12211 0.0000000 0.0133605 0.0103731 0.8100029 0.8097016 0.8200397 
Mlig.12210 0.0133605 0.0000000 0.0059093 0.8162954 0.8191122 0.8295409 
Mlig.12212 0.0103731 0.0059093 0.0000000 0.8089138 0.8117129 0.8220853 
Mlig.22315 0.8100029 0.8162954 0.8089138 0.0000000 0.0276583 0.0307524 
Mlig.40565 0.8097016 0.8191122 0.8117129 0.0276583 0.0000000 0.0121917 
Mlig.43428 0.8200397 0.8295409 0.8220853 0.0307524 0.0121917 0.0000000 
