43
Treg.10604 0.0000000 0.0116356 0.0077420 0.3522718 0.3522718 0.3522718 0.3275111 0.3574405 0.3536498 0.3702100 0.3702100 0.5399414 0.5235193 0.5257222 0.5225279 0.5405781 0.5301910 0.1270514 0.3430005 0.3746268 0.3653302 0.3634497 0.3762508 0.3613585 0.3543818 0.3440111 0.3890427 0.4244442 0.4081729 0.4199072 0.3878980 0.3890427 0.3890427 0.3948183 0.3443084 0.0483033 0.0525848 0.0116356 0.4551971 0.3965699 0.3890427 0.3954026 0.3878980 
Treg.2683  0.0116356 0.0000000 0.0038588 0.3436294 0.3436294 0.3436294 0.3192464 0.3489939 0.3453314 0.3617395 0.3617395 0.5376168 0.5213170 0.5235152 0.5203392 0.5382486 0.5279389 0.1132197 0.3344392 0.3661182 0.3568949 0.3724055 0.3873086 0.3723049 0.3653922 0.3548340 0.3811088 0.4161434 0.4000446 0.4116233 0.3799846 0.3811088 0.3811088 0.3868478 0.3357416 0.0442674 0.0485271 0.0000010 0.4673263 0.3885451 0.3811088 0.3873985 0.3799846 
Treg.4543  0.0077420 0.0038588 0.0000000 0.3457262 0.3457262 0.3457262 0.3212108 0.3510517 0.3473525 0.3638222 0.3638222 0.5405405 0.5241566 0.5263512 0.5231656 0.5411757 0.5308132 0.1177189 0.3365011 0.3682163 0.3589619 0.3688827 0.3816424 0.3667042 0.3597628 0.3493061 0.3833305 0.4185353 0.4023576 0.4140022 0.3821984 0.3833305 0.3833305 0.3890910 0.3378070 0.0483611 0.0526481 0.0038588 0.4610549 0.3908068 0.3833305 0.3896522 0.3821984 
Treg.6312  0.3522718 0.3436294 0.3457262 0.0000000 0.0000010 0.0000010 0.0270712 0.2929285 0.2741870 0.2925852 0.2925852 0.6279637 0.6042079 0.6062548 0.6079570 0.6286764 0.6117208 0.4020473 0.0153383 0.3006891 0.2877825 0.4909567 0.4952622 0.4799389 0.4857701 0.4597424 0.4167293 0.4419040 0.4274034 0.4403972 0.4206890 0.4167293 0.4167293 0.4227127 0.0076174 0.3792555 0.3872970 0.3436294 0.5962274 0.4081535 0.4167293 0.4120614 0.4206890 
Treg.800   0.3522718 0.3436294 0.3457262 0.0000010 0.0000000 0.0000010 0.0270712 0.2929285 0.2741870 0.2925852 0.2925852 0.6279637 0.6042079 0.6062548 0.6079570 0.6286764 0.6117208 0.4020473 0.0153383 0.3006891 0.2877825 0.4909567 0.4952622 0.4799389 0.4857701 0.4597424 0.4167293 0.4419040 0.4274034 0.4403972 0.4206890 0.4167293 0.4167293 0.4227127 0.0076174 0.3792555 0.3872970 0.3436294 0.5962274 0.4081535 0.4167293 0.4120614 0.4206890 
Treg.802   0.3522718 0.3436294 0.3457262 0.0000010 0.0000010 0.0000000 0.0270712 0.2929285 0.2741870 0.2925852 0.2925852 0.6279637 0.6042079 0.6062548 0.6079570 0.6286764 0.6117208 0.4020473 0.0153383 0.3006891 0.2877825 0.4909567 0.4952622 0.4799389 0.4857701 0.4597424 0.4167293 0.4419040 0.4274034 0.4403972 0.4206890 0.4167293 0.4167293 0.4227127 0.0076174 0.3792555 0.3872970 0.3436294 0.5962274 0.4081535 0.4167293 0.4120614 0.4206890 
Treg.8473  0.3275111 0.3192464 0.3212108 0.0270712 0.0270712 0.0270712 0.0000000 0.2834358 0.2650209 0.2832352 0.2832352 0.6138045 0.5904573 0.5925328 0.5942237 0.6145068 0.5978307 0.3622009 0.0271724 0.2872940 0.2784513 0.4702706 0.4766446 0.4596385 0.4652915 0.4398074 0.3982489 0.4197016 0.4053824 0.4181954 0.3986384 0.3982489 0.3982489 0.4041920 0.0192795 0.3479783 0.3555948 0.3192464 0.5735120 0.3899737 0.3982489 0.3903545 0.3986384 
Treg.12206 0.3574405 0.3489939 0.3510517 0.2929285 0.2929285 0.2929285 0.2834358 0.0000000 0.0275374 0.0395748 0.0395748 0.6207793 0.5969067 0.5989569 0.5955599 0.6214800 0.6043021 0.3709994 0.2844782 0.0519501 0.0356026 0.4508583 0.4412181 0.4341459 0.4448923 0.4268522 0.3753889 0.4153668 0.4013116 0.4084524 0.3791476 0.3753889 0.3753889 0.3811186 0.2867900 0.3637093 0.3712990 0.3489939 0.5260667 0.3827811 0.3753889 0.3865779 0.3791476 
Treg.3245  0.3536498 0.3453314 0.3473525 0.2741870 0.2741870 0.2741870 0.2650209 0.0275374 0.0000000 0.0152307 0.0152307 0.5959380 0.5729284 0.5750058 0.5717202 0.5966127 0.5800070 0.3736593 0.2659966 0.0269236 0.0114161 0.4323187 0.4231991 0.4163905 0.4266046 0.4093597 0.3661654 0.4050468 0.3913508 0.3982791 0.3698309 0.3661654 0.3661654 0.3717650 0.2681278 0.3743549 0.3820355 0.3453314 0.5035923 0.3733415 0.3661654 0.3770437 0.3698309 
Treg.809   0.3702100 0.3617395 0.3638222 0.2925852 0.2925852 0.2925852 0.2832352 0.0395748 0.0152307 0.0000000 0.0000010 0.6005566 0.5775543 0.5796113 0.5763293 0.6012314 0.5846406 0.3906571 0.2842617 0.0114330 0.0037779 0.4499775 0.4405703 0.4336632 0.4441531 0.4265400 0.3708425 0.4097801 0.3960799 0.4030249 0.3745086 0.3708425 0.3708425 0.3764381 0.2865374 0.3913765 0.3992195 0.3617395 0.5224529 0.3780379 0.3708425 0.3817402 0.3745086 
Treg.7050  0.3702100 0.3617395 0.3638222 0.2925852 0.2925852 0.2925852 0.2832352 0.0395748 0.0152307 0.0000010 0.0000000 0.6005566 0.5775543 0.5796113 0.5763293 0.6012314 0.5846406 0.3906571 0.2842617 0.0114330 0.0037779 0.4499775 0.4405703 0.4336632 0.4441531 0.4265400 0.3708425 0.4097801 0.3960799 0.4030249 0.3745086 0.3708425 0.3708425 0.3764381 0.2865374 0.3913765 0.3992195 0.3617395 0.5224529 0.3780379 0.3708425 0.3817402 0.3745086 
Treg.4706  0.5399414 0.5376168 0.5405405 0.6279637 0.6279637 0.6279637 0.6138045 0.6207793 0.5959380 0.6005566 0.6005566 0.0000000 0.0191454 0.0190753 0.0152051 0.0075135 0.0152454 0.6102002 0.6088215 0.6087219 0.5948903 0.6257081 0.6309178 0.6219537 0.6194075 0.5965804 0.5500998 0.5859389 0.5564183 0.5880441 0.5450453 0.5500998 0.5500998 0.5473737 0.6187547 0.6017477 0.6128221 0.5376168 0.7204188 0.5559210 0.5500998 0.5508261 0.5450453 
Treg.7642  0.5235193 0.5213170 0.5241566 0.6042079 0.6042079 0.6042079 0.5904573 0.5969067 0.5729284 0.5775543 0.5775543 0.0191454 0.0000000 0.0075253 0.0113943 0.0191570 0.0037584 0.5920970 0.5855255 0.5851864 0.5719647 0.6156628 0.6208272 0.6119989 0.6094643 0.5869603 0.5525560 0.5883377 0.5588700 0.5904438 0.5475118 0.5525560 0.5525560 0.5498394 0.5951108 0.5837152 0.5944695 0.5213170 0.7090131 0.5583722 0.5525560 0.5532879 0.5475118 
Treg.14437 0.5257222 0.5235152 0.5263512 0.6062548 0.6062548 0.6062548 0.5925328 0.5989569 0.5750058 0.5796113 0.5796113 0.0190753 0.0075253 0.0000000 0.0113532 0.0190869 0.0037450 0.5941598 0.5876196 0.5872191 0.5740388 0.6095746 0.6146874 0.6059841 0.6034691 0.5812739 0.5472574 0.5825584 0.5534749 0.5846259 0.5422762 0.5472574 0.5472574 0.5445665 0.5971905 0.5858114 0.5965487 0.5235152 0.7016737 0.5529864 0.5472574 0.5479652 0.5422762 
Treg.4249  0.5225279 0.5203392 0.5231656 0.6079570 0.6079570 0.6079570 0.5942237 0.5955599 0.5717202 0.5763293 0.5763293 0.0152051 0.0113943 0.0113532 0.0000000 0.0152142 0.0075614 0.5907745 0.5893130 0.5839280 0.5707643 0.6143084 0.6194682 0.6106560 0.6081223 0.5856561 0.5556031 0.5913440 0.5619168 0.5934527 0.5505670 0.5556031 0.5556031 0.5528956 0.5988965 0.5824271 0.5931204 0.5203392 0.7074971 0.5614180 0.5556031 0.5563424 0.5505670 
Treg.13626 0.5405781 0.5382486 0.5411757 0.6286764 0.6286764 0.6286764 0.6145068 0.6214800 0.5966127 0.6012314 0.6012314 0.0075135 0.0191570 0.0190869 0.0152142 0.0000000 0.0152545 0.6108982 0.6095228 0.6094012 0.5955623 0.6264036 0.6316153 0.6226437 0.6200972 0.5972510 0.5507389 0.5866112 0.5570649 0.5887195 0.5456800 0.5507389 0.5507389 0.5480115 0.6194655 0.6024444 0.6135293 0.5382486 0.7030986 0.5565668 0.5507389 0.5514676 0.5456800 
Treg.13862 0.5301910 0.5279389 0.5308132 0.6117208 0.6117208 0.6117208 0.5978307 0.6043021 0.5800070 0.5846406 0.5846406 0.0152454 0.0037584 0.0037450 0.0075614 0.0152545 0.0000000 0.5994538 0.5928785 0.5923165 0.5790156 0.6149483 0.6201080 0.6112920 0.6087591 0.5862862 0.5519218 0.5876529 0.5582251 0.5897549 0.5468843 0.5519218 0.5519218 0.5492078 0.6025813 0.5910437 0.6019267 0.5279389 0.7081865 0.5577284 0.5519218 0.5526508 0.5468843 
Treg.792   0.1270514 0.1132197 0.1177189 0.4020473 0.4020473 0.4020473 0.3622009 0.3709994 0.3736593 0.3906571 0.3906571 0.6102002 0.5920970 0.5941598 0.5907745 0.6108982 0.5994538 0.0000000 0.3924363 0.3972250 0.3856707 0.4176106 0.4375646 0.4216758 0.4098359 0.3982450 0.4391180 0.4791084 0.4563065 0.4539927 0.4395389 0.4391180 0.4391180 0.4451798 0.3937665 0.1421536 0.1474057 0.1132197 0.5082469 0.4473122 0.4391180 0.4477414 0.4395389 
Treg.12605 0.3430005 0.3344392 0.3365011 0.0153383 0.0153383 0.0153383 0.0271724 0.2844782 0.2659966 0.2842617 0.2842617 0.6088215 0.5855255 0.5876196 0.5893130 0.6095228 0.5928785 0.3924363 0.0000000 0.2922735 0.2794685 0.4809865 0.4861367 0.4709694 0.4758875 0.4509584 0.4052248 0.4301056 0.4157762 0.4286076 0.4091409 0.4052248 0.4052248 0.4111563 0.0076457 0.3697350 0.3776922 0.3344392 0.5859432 0.3968170 0.4052248 0.4006813 0.4091409 
Treg.6382  0.3746268 0.3661182 0.3682163 0.3006891 0.3006891 0.3006891 0.2872940 0.0519501 0.0269236 0.0114330 0.0114330 0.6087219 0.5851864 0.5872191 0.5839280 0.6094012 0.5923165 0.3972250 0.2922735 0.0000000 0.0152672 0.4546859 0.4452010 0.4382664 0.4488310 0.4311167 0.3603634 0.4001821 0.3865570 0.3934356 0.3651841 0.3603634 0.3603634 0.3659206 0.2946219 0.3959127 0.4037986 0.3661182 0.5275169 0.3674551 0.3603634 0.3723471 0.3651841 
Treg.9622  0.3653302 0.3568949 0.3589619 0.2877825 0.2877825 0.2877825 0.2784513 0.0356026 0.0114161 0.0037779 0.0037779 0.5948903 0.5719647 0.5740388 0.5707643 0.5955623 0.5790156 0.3856707 0.2794685 0.0152672 0.0000000 0.4448559 0.4355238 0.4286397 0.4390584 0.4215371 0.3658101 0.4045989 0.3909356 0.3978462 0.3694677 0.3658101 0.3658101 0.3713981 0.2817133 0.3863843 0.3941877 0.3568949 0.5170344 0.3729694 0.3658101 0.3766635 0.3694677 
Treg.4808  0.3634497 0.3724055 0.3688827 0.4909567 0.4909567 0.4909567 0.4702706 0.4508583 0.4323187 0.4499775 0.4499775 0.6257081 0.6156628 0.6095746 0.6143084 0.6264036 0.6149483 0.4176106 0.4809865 0.4546859 0.4448559 0.0000000 0.0515325 0.0392936 0.0154240 0.0233230 0.4259035 0.4574986 0.4439063 0.4395560 0.4246619 0.4259035 0.4259035 0.4318628 0.4822518 0.4199512 0.4283136 0.3724055 0.1189029 0.4294617 0.4259035 0.4282025 0.4246619 
Treg.10238 0.3762508 0.3873086 0.3816424 0.4952622 0.4952622 0.4952622 0.4766446 0.4412181 0.4231991 0.4405703 0.4405703 0.6309178 0.6208272 0.6146874 0.6194682 0.6316153 0.6201080 0.4375646 0.4861367 0.4452010 0.4355238 0.0515325 0.0000000 0.0114630 0.0431775 0.0269800 0.4461377 0.4782817 0.4645281 0.4601886 0.4448628 0.4461377 0.4461377 0.4521096 0.4866035 0.4348931 0.4432800 0.3873086 0.1125771 0.4498728 0.4461377 0.4485797 0.4448628 
Treg.13812 0.3613585 0.3723049 0.3667042 0.4799389 0.4799389 0.4799389 0.4596385 0.4341459 0.4163905 0.4336632 0.4336632 0.6219537 0.6119989 0.6059841 0.6106560 0.6226437 0.6112920 0.4216758 0.4709694 0.4382664 0.4286397 0.0392936 0.0114630 0.0000000 0.0311271 0.0152834 0.4364069 0.4681004 0.4545043 0.4501846 0.4351551 0.4364069 0.4364069 0.4423383 0.4713489 0.4189525 0.4271564 0.3723049 0.1081943 0.4400350 0.4364069 0.4387651 0.4351551 
Treg.1835  0.3543818 0.3653922 0.3597628 0.4857701 0.4857701 0.4857701 0.4652915 0.4448923 0.4266046 0.4441531 0.4441531 0.6194075 0.6094643 0.6034691 0.6081223 0.6200972 0.6087591 0.4098359 0.4758875 0.4488310 0.4390584 0.0154240 0.0431775 0.0311271 0.0000000 0.0153968 0.4201656 0.4514182 0.4379513 0.4336231 0.4189412 0.4201656 0.4201656 0.4260853 0.4771297 0.4120982 0.4203053 0.3653922 0.1090694 0.4236523 0.4201656 0.4224106 0.4189412 
Treg.12550 0.3440111 0.3548340 0.3493061 0.4597424 0.4597424 0.4597424 0.4398074 0.4268522 0.4093597 0.4265400 0.4265400 0.5965804 0.5869603 0.5812739 0.5856561 0.5972510 0.5862862 0.3982450 0.4509584 0.4311167 0.4215371 0.0233230 0.0269800 0.0152834 0.0153968 0.0000000 0.4175405 0.4484463 0.4351200 0.4308281 0.4163311 0.4175405 0.4175405 0.4234070 0.4512200 0.4003953 0.4083839 0.3548340 0.0900203 0.4209741 0.4175405 0.4197477 0.4163311 
Treg.6298  0.3890427 0.3811088 0.3833305 0.4167293 0.4167293 0.4167293 0.3982489 0.3753889 0.3661654 0.3708425 0.3708425 0.5500998 0.5525560 0.5472574 0.5556031 0.5507389 0.5519218 0.4391180 0.4052248 0.3603634 0.3658101 0.4259035 0.4461377 0.4364069 0.4201656 0.4175405 0.0000000 0.0233326 0.0154045 0.0272721 0.0038081 0.0000010 0.0000010 0.0038057 0.4084865 0.4284736 0.4370479 0.3811088 0.5259799 0.0038136 0.0000010 0.0076475 0.0038081 
Treg.3633  0.4244442 0.4161434 0.4185353 0.4419040 0.4419040 0.4419040 0.4197016 0.4153668 0.4050468 0.4097801 0.4097801 0.5859389 0.5883377 0.5825584 0.5913440 0.5866112 0.5876529 0.4791084 0.4301056 0.4001821 0.4045989 0.4574986 0.4782817 0.4681004 0.4514182 0.4484463 0.0233326 0.0000000 0.0154559 0.0353897 0.0194130 0.0233326 0.0233326 0.0272772 0.4335558 0.4664802 0.4756261 0.4161434 0.5678877 0.0193242 0.0233326 0.0154349 0.0194130 
Treg.1282  0.4081729 0.4000446 0.4023576 0.4274034 0.4274034 0.4274034 0.4053824 0.4013116 0.3913508 0.3960799 0.3960799 0.5564183 0.5588700 0.5534749 0.5619168 0.5570649 0.5582251 0.4563065 0.4157762 0.3865570 0.3909356 0.4439063 0.4645281 0.4545043 0.4379513 0.4351200 0.0154045 0.0154559 0.0000000 0.0234194 0.0115339 0.0154045 0.0154045 0.0192954 0.4191171 0.4489755 0.4578483 0.4000446 0.5522894 0.0114826 0.0154045 0.0076421 0.0115339 
Treg.8245  0.4199072 0.4116233 0.4140022 0.4403972 0.4403972 0.4403972 0.4181954 0.4084524 0.3982791 0.4030249 0.4030249 0.5880441 0.5904438 0.5846259 0.5934527 0.5887195 0.5897549 0.4539927 0.4286076 0.3934356 0.3978462 0.4395560 0.4601886 0.4501846 0.4336231 0.4308281 0.0272721 0.0353897 0.0234194 0.0000000 0.0233394 0.0272721 0.0272721 0.0312317 0.4320492 0.4617604 0.4708661 0.4116233 0.5614607 0.0232323 0.0272721 0.0193298 0.0233394 
Treg.7894  0.3878980 0.3799846 0.3821984 0.4206890 0.4206890 0.4206890 0.3986384 0.3791476 0.3698309 0.3745086 0.3745086 0.5450453 0.5475118 0.5422762 0.5505670 0.5456800 0.5468843 0.4395389 0.4091409 0.3651841 0.3694677 0.4246619 0.4448628 0.4351551 0.4189412 0.4163311 0.0038081 0.0194130 0.0115339 0.0233394 0.0000000 0.0038081 0.0038081 0.0076315 0.4124315 0.4272046 0.4357522 0.3799846 0.5244648 0.0076475 0.0038081 0.0038178 0.0000010 
Treg.8238  0.3890427 0.3811088 0.3833305 0.4167293 0.4167293 0.4167293 0.3982489 0.3753889 0.3661654 0.3708425 0.3708425 0.5500998 0.5525560 0.5472574 0.5556031 0.5507389 0.5519218 0.4391180 0.4052248 0.3603634 0.3658101 0.4259035 0.4461377 0.4364069 0.4201656 0.4175405 0.0000010 0.0233326 0.0154045 0.0272721 0.0038081 0.0000000 0.0000010 0.0038057 0.4084865 0.4284736 0.4370479 0.3811088 0.5259799 0.0038136 0.0000010 0.0076475 0.0038081 
Treg.1720  0.3890427 0.3811088 0.3833305 0.4167293 0.4167293 0.4167293 0.3982489 0.3753889 0.3661654 0.3708425 0.3708425 0.5500998 0.5525560 0.5472574 0.5556031 0.5507389 0.5519218 0.4391180 0.4052248 0.3603634 0.3658101 0.4259035 0.4461377 0.4364069 0.4201656 0.4175405 0.0000010 0.0233326 0.0154045 0.0272721 0.0038081 0.0000010 0.0000000 0.0038057 0.4084865 0.4284736 0.4370479 0.3811088 0.5259799 0.0038136 0.0000010 0.0076475 0.0038081 
Treg.2077  0.3948183 0.3868478 0.3890910 0.4227127 0.4227127 0.4227127 0.4041920 0.3811186 0.3717650 0.3764381 0.3764381 0.5473737 0.5498394 0.5445665 0.5528956 0.5480115 0.5492078 0.4451798 0.4111563 0.3659206 0.3713981 0.4318628 0.4521096 0.4423383 0.4260853 0.4234070 0.0038057 0.0272772 0.0192954 0.0312317 0.0076315 0.0038057 0.0038057 0.0000000 0.4144577 0.4345459 0.4431833 0.3868478 0.5325249 0.0076425 0.0038057 0.0114954 0.0076315 
Treg.6081  0.3443084 0.3357416 0.3378070 0.0076174 0.0076174 0.0076174 0.0192795 0.2867900 0.2681278 0.2865374 0.2865374 0.6187547 0.5951108 0.5971905 0.5988965 0.6194655 0.6025813 0.3937665 0.0076457 0.2946219 0.2817133 0.4822518 0.4866035 0.4713489 0.4771297 0.4512200 0.4084865 0.4335558 0.4191171 0.4320492 0.4124315 0.4084865 0.4084865 0.4144577 0.0000000 0.3710622 0.3790274 0.3357416 0.5869504 0.3999958 0.4084865 0.4038886 0.4124315 
Treg.5189  0.0483033 0.0442674 0.0483611 0.3792555 0.3792555 0.3792555 0.3479783 0.3637093 0.3743549 0.3913765 0.3913765 0.6017477 0.5837152 0.5858114 0.5824271 0.6024444 0.5910437 0.1421536 0.3697350 0.3959127 0.3863843 0.4199512 0.4348931 0.4189525 0.4120982 0.4003953 0.4284736 0.4664802 0.4489755 0.4617604 0.4272046 0.4284736 0.4284736 0.4345459 0.3710622 0.0000000 0.0038909 0.0442674 0.5222760 0.4366193 0.4284736 0.4353257 0.4272046 
Treg.5191  0.0525848 0.0485271 0.0526481 0.3872970 0.3872970 0.3872970 0.3555948 0.3712990 0.3820355 0.3992195 0.3992195 0.6128221 0.5944695 0.5965487 0.5931204 0.6135293 0.6019267 0.1474057 0.3776922 0.4037986 0.3941877 0.4283136 0.4432800 0.4271564 0.4203053 0.4083839 0.4370479 0.4756261 0.4578483 0.4708661 0.4357522 0.4370479 0.4370479 0.4431833 0.3790274 0.0038909 0.0000000 0.0485271 0.5321043 0.4453299 0.4370479 0.4440091 0.4357522 
Treg.7135  0.0116356 0.0000010 0.0038588 0.3436294 0.3436294 0.3436294 0.3192464 0.3489939 0.3453314 0.3617395 0.3617395 0.5376168 0.5213170 0.5235152 0.5203392 0.5382486 0.5279389 0.1132197 0.3344392 0.3661182 0.3568949 0.3724055 0.3873086 0.3723049 0.3653922 0.3548340 0.3811088 0.4161434 0.4000446 0.4116233 0.3799846 0.3811088 0.3811088 0.3868478 0.3357416 0.0442674 0.0485271 0.0000000 0.4673263 0.3885451 0.3811088 0.3873985 0.3799846 
Treg.4483  0.4551971 0.4673263 0.4610549 0.5962274 0.5962274 0.5962274 0.5735120 0.5260667 0.5035923 0.5224529 0.5224529 0.7204188 0.7090131 0.7016737 0.7074971 0.7030986 0.7081865 0.5082469 0.5859432 0.5275169 0.5170344 0.1189029 0.1125771 0.1081943 0.1090694 0.0900203 0.5259799 0.5678877 0.5522894 0.5614607 0.5244648 0.5259799 0.5259799 0.5325249 0.5869504 0.5222760 0.5321043 0.4673263 0.0000000 0.5353971 0.5259799 0.5338547 0.5244648 
Treg.681   0.3965699 0.3885451 0.3908068 0.4081535 0.4081535 0.4081535 0.3899737 0.3827811 0.3733415 0.3780379 0.3780379 0.5559210 0.5583722 0.5529864 0.5614180 0.5565668 0.5577284 0.4473122 0.3968170 0.3674551 0.3729694 0.4294617 0.4498728 0.4400350 0.4236523 0.4209741 0.0038136 0.0193242 0.0114826 0.0232323 0.0076475 0.0038136 0.0038136 0.0076425 0.3999958 0.4366193 0.4453299 0.3885451 0.5353971 0.0000000 0.0038136 0.0038006 0.0076475 
Treg.9762  0.3890427 0.3811088 0.3833305 0.4167293 0.4167293 0.4167293 0.3982489 0.3753889 0.3661654 0.3708425 0.3708425 0.5500998 0.5525560 0.5472574 0.5556031 0.5507389 0.5519218 0.4391180 0.4052248 0.3603634 0.3658101 0.4259035 0.4461377 0.4364069 0.4201656 0.4175405 0.0000010 0.0233326 0.0154045 0.0272721 0.0038081 0.0000010 0.0000010 0.0038057 0.4084865 0.4284736 0.4370479 0.3811088 0.5259799 0.0038136 0.0000000 0.0076475 0.0038081 
Treg.2376  0.3954026 0.3873985 0.3896522 0.4120614 0.4120614 0.4120614 0.3903545 0.3865779 0.3770437 0.3817402 0.3817402 0.5508261 0.5532879 0.5479652 0.5563424 0.5514676 0.5526508 0.4477414 0.4006813 0.3723471 0.3766635 0.4282025 0.4485797 0.4387651 0.4224106 0.4197477 0.0076475 0.0154349 0.0076421 0.0193298 0.0038178 0.0076475 0.0076475 0.0114954 0.4038886 0.4353257 0.4440091 0.3873985 0.5338547 0.0038006 0.0076475 0.0000000 0.0038178 
Treg.12003 0.3878980 0.3799846 0.3821984 0.4206890 0.4206890 0.4206890 0.3986384 0.3791476 0.3698309 0.3745086 0.3745086 0.5450453 0.5475118 0.5422762 0.5505670 0.5456800 0.5468843 0.4395389 0.4091409 0.3651841 0.3694677 0.4246619 0.4448628 0.4351551 0.4189412 0.4163311 0.0038081 0.0194130 0.0115339 0.0233394 0.0000010 0.0038081 0.0038081 0.0076315 0.4124315 0.4272046 0.4357522 0.3799846 0.5244648 0.0076475 0.0038081 0.0038178 0.0000000 
