8
Mlig.41870 0.0000000 0.0021915 0.7565163 0.7368655 0.7417360 0.7342968 0.7581717 0.7366160 
Mlig.41871 0.0021915 0.0000000 0.7597718 0.7400364 0.7449247 0.7374581 0.7614217 0.7398439 
Mlig.1868  0.7565163 0.7597718 0.0000000 0.3513375 0.3540948 0.3531441 0.0032628 0.4345869 
Mlig.465   0.7368655 0.7400364 0.3513375 0.0000000 0.0010804 0.0010792 0.3493283 0.3607521 
Mlig.466   0.7417360 0.7449247 0.3540948 0.0010804 0.0000000 0.0021628 0.3520756 0.3635029 
Mlig.35568 0.7342968 0.7374581 0.3531441 0.0010792 0.0021628 0.0000000 0.3511323 0.3625363 
Mlig.1870  0.7581717 0.7614217 0.0032628 0.3493283 0.3520756 0.3511323 0.0000000 0.4373023 
Mlig.35904 0.7366160 0.7398439 0.4345869 0.3607521 0.3635029 0.3625363 0.4373023 0.0000000 
