6
Mlig.3767  0.0000000 0.0050247 0.0025097 0.5886442 0.5859132 0.5826739 
Mlig.3768  0.0050247 0.0000000 0.0050254 0.5857024 0.5829829 0.5797513 
Mlig.12921 0.0025097 0.0050254 0.0000000 0.5893834 0.5866484 0.5834058 
Mlig.14413 0.5886442 0.5857024 0.5893834 0.0000000 0.0037823 0.0126480 
Mlig.33735 0.5859132 0.5829829 0.5866484 0.0037823 0.0000000 0.0088421 
Mlig.14576 0.5826739 0.5797513 0.5834058 0.0126480 0.0088421 0.0000000 
