9
Mlig.11950 0.0000000 1.3604819 1.3914191 0.0067135 0.0100726 1.3604819 1.3156367 1.2533350 1.2493163 
Mlig.19653 1.3604819 0.0000000 0.0132934 1.3661217 1.3770951 0.0000010 0.8670130 0.8372614 0.8418606 
Mlig.19654 1.3914191 0.0132934 0.0000000 1.3972234 1.4084352 0.0132934 0.8933932 0.8627079 0.8674299 
Mlig.13774 0.0067135 1.3661217 1.3972234 0.0000000 0.0101015 1.3661217 1.3270791 1.2642604 1.2602267 
Mlig.19941 0.0100726 1.3770951 1.4084352 0.0101015 0.0000000 1.3770951 1.3389969 1.2756392 1.2715901 
Mlig.19655 1.3604819 0.0000010 0.0132934 1.3661217 1.3770951 0.0000000 0.8670130 0.8372614 0.8418606 
Mlig.338   1.3156367 0.8670130 0.8933932 1.3270791 1.3389969 0.8670130 0.0000000 0.0269656 0.0269430 
Mlig.336   1.2533350 0.8372614 0.8627079 1.2642604 1.2756392 0.8372614 0.0269656 0.0000000 0.0065376 
Mlig.339   1.2493163 0.8418606 0.8674299 1.2602267 1.2715901 0.8418606 0.0269430 0.0065376 0.0000000 
