6
Mlig.34897 0.0000000 0.5491540 0.5446660 0.5446660 0.0046761 0.0070289 
Mlig.1330  0.5491540 0.0000000 0.0068260 0.0068260 0.5458707 0.5423949 
Mlig.1331  0.5446660 0.0068260 0.0000000 0.0000010 0.5413932 0.5379292 
Mlig.1332  0.5446660 0.0068260 0.0000010 0.0000000 0.5413932 0.5379292 
Mlig.34895 0.0046761 0.5458707 0.5413932 0.5413932 0.0000000 0.0023401 
Mlig.34896 0.0070289 0.5423949 0.5379292 0.5379292 0.0023401 0.0000000 
