6
Treg.235   0.0000000 0.0333269 0.0249366 0.0082542 0.0041269 0.0041269 
Treg.4815  0.0333269 0.0000000 0.0588413 0.0333103 0.0375541 0.0375541 
Treg.12967 0.0249366 0.0588413 0.0000000 0.0249134 0.0207602 0.0207602 
Treg.1189  0.0082542 0.0333103 0.0249134 0.0000000 0.0041231 0.0041231 
Treg.11152 0.0041269 0.0375541 0.0207602 0.0041231 0.0000000 0.0000010 
Treg.13165 0.0041269 0.0375541 0.0207602 0.0041231 0.0000010 0.0000000 
