6
Mlig.28570 0.0000000 0.0204635 0.0292633 1.0426594 1.0505874 1.0472080 
Mlig.28568 0.0204635 0.0000000 0.0263025 1.0639231 1.0718155 1.0684540 
Mlig.28569 0.0292633 0.0263025 0.0000000 1.0488497 1.0567928 1.0534079 
Mlig.37835 1.0426594 1.0639231 1.0488497 0.0000000 0.0115117 0.0115121 
Mlig.37836 1.0505874 1.0718155 1.0567928 0.0115117 0.0000000 0.0057443 
Mlig.37837 1.0472080 1.0684540 1.0534079 0.0115121 0.0057443 0.0000000 
