6
Mlig.7906  0.0000000 0.0325988 0.0281212 0.5041226 0.5041226 0.5041226 
Mlig.7907  0.0325988 0.0000000 0.0042855 0.4980556 0.4980556 0.4980556 
Mlig.7908  0.0281212 0.0042855 0.0000000 0.4928110 0.4928110 0.4928110 
Mlig.16840 0.5041226 0.4980556 0.4928110 0.0000000 0.0000010 0.0000010 
Mlig.16841 0.5041226 0.4980556 0.4928110 0.0000010 0.0000000 0.0000010 
Mlig.16842 0.5041226 0.4980556 0.4928110 0.0000010 0.0000010 0.0000000 
