7
Mlig.43602 0.0000000 0.0000010 0.5163715 0.3974979 0.3984738 0.3984738 0.5163715 
Mlig.43603 0.0000010 0.0000000 0.5163715 0.3974979 0.3984738 0.3984738 0.5163715 
Mlig.10222 0.5163715 0.5163715 0.0000000 0.1203406 0.1206907 0.1206907 0.0000010 
Mlig.8076  0.3974979 0.3974979 0.1203406 0.0000000 0.0069008 0.0069008 0.1203406 
Mlig.8077  0.3984738 0.3984738 0.1206907 0.0069008 0.0000000 0.0000010 0.1206907 
Mlig.8078  0.3984738 0.3984738 0.1206907 0.0069008 0.0000010 0.0000000 0.1206907 
Mlig.10223 0.5163715 0.5163715 0.0000010 0.1203406 0.1206907 0.1206907 0.0000000 
