26
Smed.13986 0.0000000 0.2032031 0.1475488 0.3540811 0.1852506 0.2356299 0.2483114 0.2483114 0.2134528 0.1786451 0.2242109 0.1797671 0.1467275 0.1475488 0.2122686 0.2106311 0.3793121 0.2088265 0.2493246 0.2059066 0.3114110 0.3964196 0.2420537 0.2160099 0.2589575 0.2589575 
Smed.8347  0.2032031 0.0000000 0.0578772 0.2514049 0.1217915 0.1503490 0.1518475 0.1518475 0.1497910 0.1171369 0.1269500 0.0880962 0.1172807 0.0578772 0.1188483 0.1179799 0.3051051 0.1973801 0.2183647 0.1175305 0.2136696 0.2915823 0.1484063 0.1208394 0.1581194 0.1581194 
Smed.18221 0.1475488 0.0578772 0.0000000 0.1737405 0.0585478 0.0867125 0.0874876 0.0874876 0.0882018 0.0563681 0.0616144 0.0282728 0.0564465 0.0000010 0.0571663 0.0567737 0.2264298 0.1262602 0.1498527 0.0565730 0.1465888 0.2109465 0.0856967 0.0580693 0.0909078 0.0909078 
Smed.18725 0.3540811 0.2514049 0.1737405 0.0000000 0.2545128 0.2467598 0.2893762 0.2893762 0.2910693 0.2437317 0.2273483 0.2106773 0.2363926 0.1737405 0.2477374 0.2101235 0.3943507 0.3527847 0.3593910 0.2091614 0.2501695 0.0287081 0.2809254 0.2159938 0.3034688 0.3034688 
Smed.27268 0.1852506 0.1217915 0.0585478 0.2545128 0.0000000 0.1520767 0.1536113 0.1536113 0.1547499 0.1184718 0.1284802 0.0891176 0.1186182 0.0585478 0.1202211 0.1193328 0.1569094 0.1541621 0.1547829 0.1188730 0.2160641 0.2951354 0.1500883 0.1222583 0.1600280 0.1600280 
Smed.17502 0.2356299 0.1503490 0.0867125 0.2467598 0.1520767 0.0000000 0.1821376 0.1821376 0.1833845 0.1463049 0.1578381 0.1173441 0.1328193 0.0867125 0.0284146 0.0865610 0.3390360 0.2298886 0.2392919 0.1467662 0.2440113 0.2860739 0.1161340 0.1509423 0.1897008 0.1897008 
Smed.24599 0.2483114 0.1518475 0.0874876 0.2893762 0.1536113 0.1821376 0.0000000 0.0000010 0.1853043 0.1477180 0.1594680 0.0895660 0.1478845 0.0874876 0.1498903 0.1487703 0.3436172 0.1917671 0.2520569 0.1481875 0.2353598 0.3308804 0.1668683 0.1306474 0.1735818 0.1735818 
Smed.25602 0.2483114 0.1518475 0.0874876 0.2893762 0.1536113 0.1821376 0.0000010 0.0000000 0.1853043 0.1477180 0.1594680 0.0895660 0.1478845 0.0874876 0.1498903 0.1487703 0.3436172 0.1917671 0.2520569 0.1481875 0.2353598 0.3308804 0.1668683 0.1306474 0.1735818 0.1735818 
Smed.22051 0.2134528 0.1497910 0.0882018 0.2910693 0.1547499 0.1833845 0.1853043 0.1853043 0.0000000 0.1487868 0.1606539 0.1193634 0.1489547 0.0882018 0.1509849 0.1498510 0.3452903 0.2341004 0.2535382 0.1492608 0.2481614 0.3326036 0.1809060 0.1535817 0.1931327 0.1931327 
Smed.25234 0.1786451 0.1171369 0.0563681 0.2437317 0.1184718 0.1463049 0.1477180 0.1477180 0.1487868 0.0000000 0.1234135 0.0857710 0.1141965 0.0563681 0.1156819 0.1148598 0.2959528 0.1591749 0.2123363 0.1144345 0.2078705 0.2825779 0.1444708 0.1175661 0.1536439 0.1536439 
Smed.12166 0.2242109 0.1269500 0.0616144 0.2273483 0.1284802 0.1578381 0.1594680 0.1594680 0.1606539 0.1234135 0.0000000 0.0932943 0.1235673 0.0616144 0.1252767 0.1243281 0.2822095 0.2067700 0.2276891 0.1238367 0.1917652 0.2678118 0.1557279 0.1274516 0.1662525 0.1662525 
Smed.15093 0.1797671 0.0880962 0.0282728 0.2106773 0.0891176 0.1173441 0.0895660 0.0895660 0.1193634 0.0857710 0.0932943 0.0000000 0.0858834 0.0282728 0.0869989 0.0863859 0.2634791 0.1602649 0.1825433 0.0860706 0.1786059 0.2490776 0.1159087 0.0884064 0.0942545 0.0942545 
Smed.1693  0.1467275 0.1172807 0.0564465 0.2363926 0.1186182 0.1328193 0.1478845 0.1478845 0.1489547 0.1141965 0.1235673 0.0858834 0.0000000 0.0564465 0.1158228 0.1149990 0.2961336 0.1918377 0.1337252 0.1145728 0.1457649 0.2750864 0.1300917 0.1177109 0.1538207 0.1538207 
Smed.2104  0.1475488 0.0578772 0.0000010 0.1737405 0.0585478 0.0867125 0.0874876 0.0874876 0.0882018 0.0563681 0.0616144 0.0282728 0.0564465 0.0000000 0.0571663 0.0567737 0.2264298 0.1262602 0.1498527 0.0565730 0.1465888 0.2109465 0.0856967 0.0580693 0.0909078 0.0909078 
Smed.8171  0.2122686 0.1188483 0.0571663 0.2477374 0.1202211 0.0284146 0.1498903 0.1498903 0.1509849 0.1156819 0.1252767 0.0869989 0.1158228 0.0571663 0.0000000 0.0570726 0.3007124 0.1946488 0.2154940 0.1160670 0.2109096 0.2872638 0.0861495 0.1192911 0.1559960 0.1559960 
Smed.20108 0.2106311 0.1179799 0.0567737 0.2101235 0.1193328 0.0865610 0.1487703 0.1487703 0.1498510 0.1148598 0.1243281 0.0863859 0.1149990 0.0567737 0.0570726 0.0000000 0.2980528 0.1930607 0.2138094 0.0563271 0.2092923 0.2484001 0.0855492 0.1184156 0.1547793 0.1547793 
Smed.24925 0.3793121 0.3051051 0.2264298 0.3943507 0.1569094 0.3390360 0.3436172 0.3436172 0.3452903 0.2959528 0.2822095 0.2634791 0.2961336 0.2264298 0.3007124 0.2980528 0.0000000 0.3436469 0.3329663 0.2966358 0.3353270 0.3977446 0.3331980 0.3067928 0.3242167 0.3242167 
Smed.17384 0.2088265 0.1973801 0.1262602 0.3527847 0.1541621 0.2298886 0.1917671 0.1917671 0.2341004 0.1591749 0.2067700 0.1602649 0.1918377 0.1262602 0.1946488 0.1930607 0.3436469 0.0000000 0.3063505 0.1922281 0.2821991 0.3984919 0.2071820 0.1982856 0.1621000 0.1621000 
Smed.24872 0.2493246 0.2183647 0.1498527 0.3593910 0.1547829 0.2392919 0.2520569 0.2520569 0.2535382 0.2123363 0.2276891 0.1825433 0.1337252 0.1498527 0.2154940 0.2138094 0.3329663 0.3063505 0.0000000 0.2129225 0.3050869 0.4021510 0.2119942 0.2193436 0.2382354 0.2382354 
Smed.26594 0.2059066 0.1175305 0.0565730 0.2091614 0.1188730 0.1467662 0.1481875 0.1481875 0.1492608 0.1144345 0.1238367 0.0860706 0.1145728 0.0565730 0.1160670 0.0563271 0.2966358 0.1922281 0.2129225 0.0000000 0.2084414 0.2472223 0.1449217 0.1179625 0.1541456 0.1541456 
Smed.15563 0.3114110 0.2136696 0.1465888 0.2501695 0.2160641 0.2440113 0.2353598 0.2353598 0.2481614 0.2078705 0.1917652 0.1786059 0.1457649 0.1465888 0.2109096 0.2092923 0.3353270 0.2821991 0.3050869 0.2084414 0.0000000 0.2877875 0.1637546 0.2146043 0.2572283 0.2572283 
Smed.25953 0.3964196 0.2915823 0.2109465 0.0287081 0.2951354 0.2860739 0.3308804 0.3308804 0.3326036 0.2825779 0.2678118 0.2490776 0.2750864 0.2109465 0.2872638 0.2484001 0.3977446 0.3984919 0.4021510 0.2472223 0.2877875 0.0000000 0.3207123 0.2555017 0.3473925 0.3473925 
Smed.20065 0.2420537 0.1484063 0.0856967 0.2809254 0.1500883 0.1161340 0.1668683 0.1668683 0.1809060 0.1444708 0.1557279 0.1159087 0.1300917 0.0856967 0.0861495 0.0855492 0.3331980 0.2071820 0.2119942 0.1449217 0.1637546 0.3207123 0.0000000 0.1489818 0.1870237 0.1870237 
Smed.22910 0.2160099 0.1208394 0.0580693 0.2159938 0.1222583 0.1509423 0.1306474 0.1306474 0.1535817 0.1175661 0.1274516 0.0884064 0.1177109 0.0580693 0.1192911 0.1184156 0.3067928 0.1982856 0.2193436 0.1179625 0.2146043 0.2555017 0.1489818 0.0000000 0.1587849 0.1587849 
Smed.18762 0.2589575 0.1581194 0.0909078 0.3034688 0.1600280 0.1897008 0.1735818 0.1735818 0.1931327 0.1536439 0.1662525 0.0942545 0.1538207 0.0909078 0.1559960 0.1547793 0.3242167 0.1621000 0.2382354 0.1541456 0.2572283 0.3473925 0.1870237 0.1587849 0.0000000 0.0000010 
Smed.24886 0.2589575 0.1581194 0.0909078 0.3034688 0.1600280 0.1897008 0.1735818 0.1735818 0.1931327 0.1536439 0.1662525 0.0942545 0.1538207 0.0909078 0.1559960 0.1547793 0.3242167 0.1621000 0.2382354 0.1541456 0.2572283 0.3473925 0.1870237 0.1587849 0.0000010 0.0000000 
