10
Mlig.25630 0.0000000 1.4555987 1.4539336 1.4539336 1.4851497 1.4851497 1.4900952 1.4020575 1.4020575 1.4067300 
Mlig.20202 1.4555987 0.0000000 0.0034913 0.0034913 0.6232997 0.6232997 0.6319526 0.5512724 0.5512724 0.5593123 
Mlig.20203 1.4539336 0.0034913 0.0000000 0.0000010 0.6177162 0.6177162 0.6263419 0.5459180 0.5459180 0.5539329 
Mlig.10250 1.4539336 0.0034913 0.0000010 0.0000000 0.6177162 0.6177162 0.6263419 0.5459180 0.5459180 0.5539329 
Mlig.12256 1.4851497 0.6232997 0.6177162 0.6177162 0.0000000 0.0000010 0.0035077 0.1494005 0.1494005 0.1543330 
Mlig.18501 1.4851497 0.6232997 0.6177162 0.6177162 0.0000010 0.0000000 0.0035077 0.1494005 0.1494005 0.1543330 
Mlig.25632 1.4900952 0.6319526 0.6263419 0.6263419 0.0035077 0.0035077 0.0000000 0.1543330 0.1543330 0.1497639 
Mlig.12255 1.4020575 0.5512724 0.5459180 0.5459180 0.1494005 0.1494005 0.1543330 0.0000000 0.0000010 0.0034849 
Mlig.18500 1.4020575 0.5512724 0.5459180 0.5459180 0.1494005 0.1494005 0.1543330 0.0000010 0.0000000 0.0034849 
Mlig.25631 1.4067300 0.5593123 0.5539329 0.5539329 0.1543330 0.1543330 0.1497639 0.0034849 0.0034849 0.0000000 
