6
Mlig.15392 0.0000000 1.3471660 1.3596390 1.2479344 1.2541218 1.3387673 
Mlig.29237 1.3471660 0.0000000 0.0261413 0.5168269 0.5208296 0.0181743 
Mlig.29238 1.3596390 0.0261413 0.0000000 0.5212600 0.5252681 0.0181805 
Mlig.4392  1.2479344 0.5168269 0.5212600 0.0000000 0.0026395 0.5206899 
Mlig.4393  1.2541218 0.5208296 0.5252681 0.0026395 0.0000000 0.5246770 
Mlig.29236 1.3387673 0.0181743 0.0181805 0.5206899 0.5246770 0.0000000 
