8
Mlig.19252 0.0000000 0.0038775 0.6976894 0.6921358 0.6921358 0.6566369 0.6481426 0.6481426 
Mlig.19253 0.0038775 0.0000000 0.6981717 0.6926228 0.6926228 0.6588455 0.6503559 0.6503559 
Mlig.24492 0.6976894 0.6981717 0.0000000 0.0037990 0.0037990 0.5264104 0.5151333 0.5151333 
Mlig.24493 0.6921358 0.6926228 0.0037990 0.0000000 0.0000010 0.5243947 0.5131332 0.5131332 
Mlig.24494 0.6921358 0.6926228 0.0037990 0.0000010 0.0000000 0.5243947 0.5131332 0.5131332 
Mlig.29032 0.6566369 0.6588455 0.5264104 0.5243947 0.5243947 0.0000000 0.0077132 0.0077132 
Mlig.29033 0.6481426 0.6503559 0.5151333 0.5131332 0.5131332 0.0077132 0.0000000 0.0000010 
Mlig.29034 0.6481426 0.6503559 0.5151333 0.5131332 0.5131332 0.0077132 0.0000010 0.0000000 
