13
Smed.5327  0.0000000 1.3593993 0.9217616 1.0037036 1.0168684 0.9128968 0.9884664 0.5267159 0.9520988 0.8978264 0.8989677 0.8209896 0.9071188 
Smed.28270 1.3593993 0.0000000 0.5313429 0.6794113 0.7180720 0.4842491 0.6166312 0.8710336 0.6250996 0.7791264 0.8195711 0.9686946 0.8060199 
Smed.23306 0.9217616 0.5313429 0.0000000 0.2110284 0.2079062 0.1282248 0.1277245 0.5404043 0.1134365 0.4435674 0.4515543 0.5041991 0.4792978 
Smed.390   1.0037036 0.6794113 0.2110284 0.0000000 0.1355404 0.2274106 0.1622744 0.5633737 0.1957453 0.4049992 0.4110653 0.6101236 0.5324402 
Smed.6732  1.0168684 0.7180720 0.2079062 0.1355404 0.0000000 0.2966288 0.2264663 0.6046307 0.2254478 0.3813789 0.3504862 0.5999655 0.5730635 
Smed.10128 0.9128968 0.4842491 0.1282248 0.2274106 0.2966288 0.0000000 0.1431153 0.5536507 0.1927261 0.4987764 0.4921699 0.5415225 0.4678474 
Smed.28739 0.9884664 0.6166312 0.1277245 0.1622744 0.2264663 0.1431153 0.0000000 0.5578223 0.0710210 0.4358803 0.3998607 0.5299434 0.4579857 
Smed.24050 0.5267159 0.8710336 0.5404043 0.5633737 0.6046307 0.5536507 0.5578223 0.0000000 0.5565247 0.5568263 0.5633143 0.6444658 0.6253216 
Smed.10420 0.9520988 0.6250996 0.1134365 0.1957453 0.2254478 0.1927261 0.0710210 0.5565247 0.0000000 0.4325779 0.4008111 0.5143244 0.4889221 
Smed.16322 0.8978264 0.7791264 0.4435674 0.4049992 0.3813789 0.4987764 0.4358803 0.5568263 0.4325779 0.0000000 0.1358791 0.3951173 0.3525483 
Smed.18129 0.8989677 0.8195711 0.4515543 0.4110653 0.3504862 0.4921699 0.3998607 0.5633143 0.4008111 0.1358791 0.0000000 0.4576062 0.4119618 
Smed.133   0.8209896 0.9686946 0.5041991 0.6101236 0.5999655 0.5415225 0.5299434 0.6444658 0.5143244 0.3951173 0.4576062 0.0000000 0.1077057 
Smed.7437  0.9071188 0.8060199 0.4792978 0.5324402 0.5730635 0.4678474 0.4579857 0.6253216 0.4889221 0.3525483 0.4119618 0.1077057 0.0000000 
