10
Mlig.11931 0.0000000 0.0062253 0.0062253 1.4847313 1.4725418 1.4847313 1.3538582 1.3716637 1.3525821 1.3591946 
Mlig.11932 0.0062253 0.0000000 0.0000010 1.4907735 1.4785365 1.4907735 1.3614137 1.3793007 1.3601131 1.3667697 
Mlig.11933 0.0062253 0.0000010 0.0000000 1.4907735 1.4785365 1.4907735 1.3614137 1.3793007 1.3601131 1.3667697 
Mlig.33420 1.4847313 1.4907735 1.4907735 0.0000000 0.0031713 0.0000010 1.0275683 1.0380376 1.0544885 1.0391239 
Mlig.33419 1.4725418 1.4785365 1.4785365 0.0031713 0.0000000 0.0031713 1.0200851 1.0304940 1.0468360 1.0315781 
Mlig.35877 1.4847313 1.4907735 1.4907735 0.0000010 0.0031713 0.0000000 1.0275683 1.0380376 1.0544885 1.0391239 
Mlig.37396 1.3538582 1.3614137 1.3614137 1.0275683 1.0200851 1.0275683 0.0000000 0.0248127 0.0344437 0.0279408 
Mlig.32928 1.3716637 1.3793007 1.3793007 1.0380376 1.0304940 1.0380376 0.0248127 0.0000000 0.0154473 0.0091890 
Mlig.16550 1.3525821 1.3601131 1.3601131 1.0544885 1.0468360 1.0544885 0.0344437 0.0154473 0.0000000 0.0061116 
Mlig.37397 1.3591946 1.3667697 1.3667697 1.0391239 1.0315781 1.0391239 0.0279408 0.0091890 0.0061116 0.0000000 
