6
Mlig.14235 0.0000000 0.0046583 0.0046601 0.1356957 0.1376110 0.1376110 
Mlig.14234 0.0046583 0.0000000 0.0031068 0.1323061 0.1342159 0.1342159 
Mlig.14236 0.0046601 0.0031068 0.0000000 0.1340391 0.1359532 0.1359532 
Mlig.46040 0.1356957 0.1323061 0.1340391 0.0000000 0.0015617 0.0015617 
Mlig.46041 0.1376110 0.1342159 0.1359532 0.0015617 0.0000000 0.0000010 
Mlig.46042 0.1376110 0.1342159 0.1359532 0.0015617 0.0000010 0.0000000 
