6
Hdim.10931 0.0000000 0.3892009 0.3892009 0.4839760 0.4839760 0.4155133 
Hdim.1960  0.3892009 0.0000000 0.0000010 0.4072931 0.4072931 0.3655028 
Hdim.2037  0.3892009 0.0000010 0.0000000 0.4072931 0.4072931 0.3655028 
Hdim.1554  0.4839760 0.4072931 0.4072931 0.0000000 0.0000010 0.3762815 
Hdim.14467 0.4839760 0.4072931 0.4072931 0.0000010 0.0000000 0.3762815 
Hdim.14875 0.4155133 0.3655028 0.3655028 0.3762815 0.3762815 0.0000000 
