6
Mlig.46564 0.0000000 0.0113269 0.0142432 0.1262580 0.1258831 0.1202794 
Mlig.46565 0.0113269 0.0000000 0.0199863 0.1169436 0.1165961 0.1109868 
Mlig.46566 0.0142432 0.0199863 0.0000000 0.1300440 0.1296561 0.1240276 
Mlig.17641 0.1262580 0.1169436 0.1300440 0.0000000 0.0226503 0.0198087 
Mlig.17639 0.1258831 0.1165961 0.1296561 0.0226503 0.0000000 0.0140819 
Mlig.17640 0.1202794 0.1109868 0.1240276 0.0198087 0.0140819 0.0000000 
