9
Mcor.9104  0.0000000 0.7842453 0.8563589 0.7453192 0.8107617 1.1019418 1.1466776 0.8057228 0.8148735 
Mcor.13087 0.7842453 0.0000000 0.6137269 0.5463620 1.0025648 1.3865590 1.2040472 0.6296480 0.6218776 
Mcor.13090 0.8563589 0.6137269 0.0000000 0.2323655 1.0043513 1.2462269 1.2736572 0.3164443 0.3326075 
Mcor.14088 0.7453192 0.5463620 0.2323655 0.0000000 0.8621371 1.2562522 1.1959119 0.1739319 0.1597507 
Mcor.13162 0.8107617 1.0025648 1.0043513 0.8621371 0.0000000 1.0863693 0.9785583 1.0394197 1.0019435 
Mcor.13692 1.1019418 1.3865590 1.2462269 1.2562522 1.0863693 0.0000000 0.5208557 1.2942040 1.3069952 
Mcor.7453  1.1466776 1.2040472 1.2736572 1.1959119 0.9785583 0.5208557 0.0000000 1.3582205 1.3377461 
Mcor.14084 0.8057228 0.6296480 0.3164443 0.1739319 1.0394197 1.2942040 1.3582205 0.0000000 0.0374673 
Mcor.14645 0.8148735 0.6218776 0.3326075 0.1597507 1.0019435 1.3069952 1.3377461 0.0374673 0.0000000 
