11
Hdim.932   0.0000000 0.4950978 0.3605641 0.3808270 0.3125018 0.4185698 0.6125727 0.5671667 0.3730742 0.2049401 0.3520153 
Hdim.11045 0.4950978 0.0000000 0.3482304 0.3924334 0.4917239 0.5483567 0.6633221 0.3498393 0.5571328 0.3692397 0.4844225 
Hdim.13554 0.3605641 0.3482304 0.0000000 0.4267531 0.3108039 0.4761358 0.5353490 0.4160413 0.4375903 0.2782299 0.3829783 
Hdim.290   0.3808270 0.3924334 0.4267531 0.0000000 0.3064152 0.5842325 0.7447252 0.6523999 0.5038357 0.3161316 0.4653664 
Hdim.212   0.3125018 0.4917239 0.3108039 0.3064152 0.0000000 0.4558914 0.5538076 0.5077010 0.3240201 0.1646071 0.3062623 
Hdim.6369  0.4185698 0.5483567 0.4761358 0.5842325 0.4558914 0.0000000 0.5298879 0.5249734 0.5257270 0.3319995 0.4095888 
Hdim.5985  0.6125727 0.6633221 0.5353490 0.7447252 0.5538076 0.5298879 0.0000000 0.5794604 0.5833472 0.4241331 0.5024404 
Hdim.10942 0.5671667 0.3498393 0.4160413 0.6523999 0.5077010 0.5249734 0.5794604 0.0000000 0.5339556 0.3764825 0.4949535 
Hdim.10894 0.3730742 0.5571328 0.4375903 0.5038357 0.3240201 0.5257270 0.5833472 0.5339556 0.0000000 0.2116536 0.2855625 
Hdim.12339 0.2049401 0.3692397 0.2782299 0.3161316 0.1646071 0.3319995 0.4241331 0.3764825 0.2116536 0.0000000 0.2004402 
Hdim.13798 0.3520153 0.4844225 0.3829783 0.4653664 0.3062623 0.4095888 0.5024404 0.4949535 0.2855625 0.2004402 0.0000000 
