6
Smed.8425  0.0000000 0.1638914 0.8529950 1.2135271 1.2174687 0.2214515 
Smed.23445 0.1638914 0.0000000 1.0154543 1.1814209 1.0908607 0.2327879 
Smed.4     0.8529950 1.0154543 0.0000000 1.1890659 1.6732806 0.9648880 
Smed.6141  1.2135271 1.1814209 1.1890659 0.0000000 1.5911377 1.2527820 
Smed.20140 1.2174687 1.0908607 1.6732806 1.5911377 0.0000000 1.2075643 
Smed.22457 0.2214515 0.2327879 0.9648880 1.2527820 1.2075643 0.0000000 
