6
Treg.10436 0.0000000 0.0206392 0.0206392 0.0183338 0.0322397 0.0298921 
Treg.11066 0.0206392 0.0000000 0.0000010 0.0022574 0.0113239 0.0090456 
Treg.11346 0.0206392 0.0000010 0.0000000 0.0022574 0.0113239 0.0090456 
Treg.6609  0.0183338 0.0022574 0.0022574 0.0000000 0.0136029 0.0113186 
Treg.1514  0.0322397 0.0113239 0.0113239 0.0136029 0.0000000 0.0022515 
Treg.5995  0.0298921 0.0090456 0.0090456 0.0113186 0.0022515 0.0000000 
