6
Mlig.2521  0.0000000 0.0014443 0.0072443 0.6130924 0.6132916 0.6134328 
Mlig.2522  0.0014443 0.0000000 0.0057929 0.6155211 0.6157213 0.6158631 
Mlig.2523  0.0072443 0.0057929 0.0000000 0.6229282 0.6231318 0.6232755 
Mlig.44080 0.6130924 0.6155211 0.6229282 0.0000000 0.0014712 0.0014713 
Mlig.27627 0.6132916 0.6157213 0.6231318 0.0014712 0.0000000 0.0029473 
Mlig.44081 0.6134328 0.6158631 0.6232755 0.0014713 0.0029473 0.0000000 
