8
Mlig.30501 0.0000000 0.0285963 0.0285963 0.2367599 0.2367599 0.2546749 0.2546749 0.1578473 
Mlig.30502 0.0285963 0.0000000 0.0000010 0.2222287 0.2222287 0.2400238 0.2400238 0.1452501 
Mlig.30503 0.0285963 0.0000010 0.0000000 0.2222287 0.2222287 0.2400238 0.2400238 0.1452501 
Mlig.17258 0.2367599 0.2222287 0.2222287 0.0000000 0.0000010 0.2720050 0.2720050 0.2410253 
Mlig.17260 0.2367599 0.2222287 0.2222287 0.0000010 0.0000000 0.2720050 0.2720050 0.2410253 
Mlig.35273 0.2546749 0.2400238 0.2400238 0.2720050 0.2720050 0.0000000 0.0000010 0.1740149 
Mlig.35274 0.2546749 0.2400238 0.2400238 0.2720050 0.2720050 0.0000010 0.0000000 0.1740149 
Mlig.36283 0.1578473 0.1452501 0.1452501 0.2410253 0.2410253 0.1740149 0.1740149 0.0000000 
