11
Mlig.43569 0.0000000 0.7263081 0.7277566 0.2993843 0.3545779 0.3029190 0.3041585 0.5734914 0.4711602 0.5910961 0.5855394 
Mlig.3615  0.7263081 0.0000000 0.0050031 0.6507978 0.6977635 0.6250161 0.6278988 0.5655820 0.4687844 0.5487771 0.5502202 
Mlig.39781 0.7277566 0.0050031 0.0000000 0.6503255 0.6962939 0.6257953 0.6286806 0.5651065 0.4769186 0.5532415 0.5546956 
Mlig.28144 0.2993843 0.6507978 0.6503255 0.0000000 0.2222204 0.1435948 0.1438855 0.5079445 0.4070684 0.5697272 0.5691872 
Mlig.27139 0.3545779 0.6977635 0.6962939 0.2222204 0.0000000 0.2500451 0.2465823 0.6065340 0.4765042 0.6568903 0.6556234 
Mlig.24322 0.3029190 0.6250161 0.6257953 0.1435948 0.2500451 0.0000000 0.0075089 0.5291470 0.3949065 0.5678429 0.5682095 
Mlig.24323 0.3041585 0.6278988 0.6286806 0.1438855 0.2465823 0.0075089 0.0000000 0.5290471 0.3949639 0.5695503 0.5699190 
Mlig.40098 0.5734914 0.5655820 0.5651065 0.5079445 0.6065340 0.5291470 0.5290471 0.0000000 0.3482883 0.4620650 0.4651463 
Mlig.22341 0.4711602 0.4687844 0.4769186 0.4070684 0.4765042 0.3949065 0.3949639 0.3482883 0.0000000 0.3926107 0.3941453 
Mlig.7886  0.5910961 0.5487771 0.5532415 0.5697272 0.6568903 0.5678429 0.5695503 0.4620650 0.3926107 0.0000000 0.0049587 
Mlig.7887  0.5855394 0.5502202 0.5546956 0.5691872 0.6556234 0.5682095 0.5699190 0.4651463 0.3941453 0.0049587 0.0000000 
