6
Mlig.46636 0.0000000 0.0000010 0.0000010 0.5432154 0.5206009 0.0104240 
Mlig.46637 0.0000010 0.0000000 0.0000010 0.5432154 0.5206009 0.0104240 
Mlig.46638 0.0000010 0.0000010 0.0000000 0.5432154 0.5206009 0.0104240 
Mlig.41377 0.5432154 0.5432154 0.5432154 0.0000000 0.0257006 0.5276428 
Mlig.41378 0.5206009 0.5206009 0.5206009 0.0257006 0.0000000 0.5054905 
Mlig.46639 0.0104240 0.0104240 0.0104240 0.5276428 0.5054905 0.0000000 
