6
Mlig.26064 0.0000000 0.8359569 0.8359569 0.8441937 0.8422345 0.8521923 
Mlig.34050 0.8359569 0.0000000 0.0000010 0.5218314 0.5150695 0.5194080 
Mlig.34051 0.8359569 0.0000010 0.0000000 0.5218314 0.5150695 0.5194080 
Mlig.24453 0.8441937 0.5218314 0.5218314 0.0000000 0.0179987 0.0229943 
Mlig.24454 0.8422345 0.5150695 0.5150695 0.0179987 0.0000000 0.0064806 
Mlig.24455 0.8521923 0.5194080 0.5194080 0.0229943 0.0064806 0.0000000 
