6
Mlig.9169  0.0000000 0.0121392 0.0040390 0.4364449 0.4403941 0.4346083 
Mlig.10938 0.0121392 0.0000000 0.0080629 0.4479767 0.4519147 0.4460940 
Mlig.46209 0.0040390 0.0080629 0.0000000 0.4421642 0.4461084 0.4403044 
Mlig.22628 0.4364449 0.4479767 0.4421642 0.0000000 0.0081050 0.0040498 
Mlig.22629 0.4403941 0.4519147 0.4461084 0.0081050 0.0000000 0.0040427 
Mlig.22630 0.4346083 0.4460940 0.4403044 0.0040498 0.0040427 0.0000000 
