9
Mlig.26574 0.0000000 0.8686883 0.8677886 0.8569820 0.8502979 0.4984346 0.8204805 0.8258927 0.8227909 
Mlig.28455 0.8686883 0.0000000 0.0030046 0.1777080 0.1760530 0.8647863 0.8811763 0.8842174 0.8820797 
Mlig.28456 0.8677886 0.0030046 0.0000000 0.1818153 0.1801431 0.8695140 0.8812805 0.8843220 0.8821840 
Mlig.38049 0.8569820 0.1777080 0.1818153 0.0000000 0.0080242 0.8329302 0.8235872 0.8265459 0.8244413 
Mlig.40125 0.8502979 0.1760530 0.1801431 0.0080242 0.0000000 0.8398707 0.8215702 0.8245245 0.8224221 
Mlig.20807 0.4984346 0.8647863 0.8695140 0.8329302 0.8398707 0.0000000 0.7743745 0.7764044 0.7765928 
Mlig.45200 0.8204805 0.8811763 0.8812805 0.8235872 0.8215702 0.7743745 0.0000000 0.0029798 0.0009910 
Mlig.45198 0.8258927 0.8842174 0.8843220 0.8265459 0.8245245 0.7764044 0.0029798 0.0000000 0.0019859 
Mlig.45199 0.8227909 0.8820797 0.8821840 0.8244413 0.8224221 0.7765928 0.0009910 0.0019859 0.0000000 
