27
Smed.1496  0.0000000 0.9290630 0.8092772 0.8900437 1.0776341 0.6743613 1.0905214 0.1615714 0.1615714 0.8041292 0.8001038 0.8001038 0.8360336 0.8766930 0.6542724 0.7513713 0.7812792 0.6641958 0.6893284 0.7979598 0.7365372 0.6991048 0.7229915 0.6549235 0.7684396 0.7310715 0.7868480 
Smed.12041 0.9290630 0.0000000 0.8964465 0.0761023 0.8961320 0.7324966 0.9892122 0.9133630 0.9133630 0.6790376 0.8004546 0.8004546 0.9793871 1.0462777 0.6749648 0.7511845 0.7182834 0.6386624 0.7749868 0.8727237 0.8052727 0.7235909 0.7738236 0.7280767 0.8496284 0.9642798 0.9768803 
Smed.22887 0.8092772 0.8964465 0.0000000 0.9243546 1.0235230 0.9831027 1.0523957 0.7403782 0.7403782 0.9180455 1.0289502 1.0289502 0.1507157 0.1872463 0.4318349 0.5809692 0.5241477 0.4684925 0.5341585 0.5729421 0.5270546 0.4670378 0.5753936 0.5149222 0.0228031 0.1509142 0.1236036 
Smed.16180 0.8900437 0.0761023 0.9243546 0.0000000 0.9314684 0.7754052 1.0962513 0.8633848 0.8633848 0.7405628 0.8432979 0.8432979 1.0079601 1.0803554 0.7086485 0.7711068 0.8087583 0.7200432 0.8101770 0.9100141 0.8408097 0.7580072 0.7984052 0.7626739 0.8772324 0.9923556 1.0053137 
Smed.1865  1.0776341 0.8961320 1.0235230 0.9314684 0.0000000 1.2158912 1.4458892 1.1134759 1.1134759 1.1487429 1.3728476 1.3728476 1.1180035 1.1590224 1.0787620 1.1842433 1.1909938 1.0856257 1.1246441 1.2614205 1.1896401 1.0882698 1.1810886 1.1199751 0.9766227 1.0331259 1.0664141 
Smed.26662 0.6743613 0.7324966 0.9831027 0.7754052 1.2158912 0.0000000 1.0747711 0.7283920 0.7283920 0.2261228 0.9232475 0.9232475 0.9238694 1.0138803 0.7003069 0.8578670 0.8362155 0.7169847 0.8394045 0.8842368 0.8208056 0.7457531 0.6924429 0.7500173 0.9364853 0.9379323 0.9496740 
Smed.818   1.0905214 0.9892122 1.0523957 1.0962513 1.4458892 1.0747711 0.0000000 1.0909100 1.0909100 1.0508252 0.9668237 0.9668237 1.0580024 0.9929041 0.7283704 0.7762726 0.8308211 0.7162584 0.8143272 0.8768876 0.8141764 0.6732094 0.9046845 0.7292335 1.0037940 0.9385065 1.0050760 
Smed.26498 0.1615714 0.9133630 0.7403782 0.8633848 1.1134759 0.7283920 1.0909100 0.0000000 0.0000010 0.8332684 0.8872206 0.8872206 0.7670423 0.8162657 0.6118757 0.6557301 0.7330355 0.6210611 0.6068004 0.7033675 0.6467534 0.6551282 0.6774175 0.6123872 0.7001455 0.6640817 0.7191105 
Smed.28341 0.1615714 0.9133630 0.7403782 0.8633848 1.1134759 0.7283920 1.0909100 0.0000010 0.0000000 0.8332684 0.8872206 0.8872206 0.7670423 0.8162657 0.6118757 0.6557301 0.7330355 0.6210611 0.6068004 0.7033675 0.6467534 0.6551282 0.6774175 0.6123872 0.7001455 0.6640817 0.7191105 
Smed.22627 0.8041292 0.6790376 0.9180455 0.7405628 1.1487429 0.2261228 1.0508252 0.8332684 0.8332684 0.0000000 0.7873694 0.7873694 0.9297265 0.9764074 0.6510267 0.7969178 0.7763737 0.6664207 0.7796487 0.8220025 0.7637037 0.6912931 0.7091950 0.6951080 0.9531675 0.9431584 0.9521515 
Smed.12153 0.8001038 0.8004546 1.0289502 0.8432979 1.3728476 0.9232475 0.9668237 0.8872206 0.8872206 0.7873694 0.0000000 0.0000010 0.9181621 0.8377380 0.6919341 0.8135043 0.8091580 0.6906504 0.7772798 0.8406260 0.7783786 0.6751079 0.8408102 0.6926993 0.9483755 0.8869077 0.9495626 
Smed.18385 0.8001038 0.8004546 1.0289502 0.8432979 1.3728476 0.9232475 0.9668237 0.8872206 0.8872206 0.7873694 0.0000010 0.0000000 0.9181621 0.8377380 0.6919341 0.8135043 0.8091580 0.6906504 0.7772798 0.8406260 0.7783786 0.6751079 0.8408102 0.6926993 0.9483755 0.8869077 0.9495626 
Smed.8074  0.8360336 0.9793871 0.1507157 1.0079601 1.1180035 0.9238694 1.0580024 0.7670423 0.7670423 0.9297265 0.9181621 0.9181621 0.0000000 0.1854636 0.4437992 0.6256311 0.5678656 0.4802398 0.5460874 0.5847107 0.5387017 0.4788364 0.5325378 0.5267675 0.1218346 0.1496396 0.1226318 
Smed.17910 0.8766930 1.0462777 0.1872463 1.0803554 1.1590224 1.0138803 0.9929041 0.8162657 0.8162657 0.9764074 0.8377380 0.8377380 0.1854636 0.0000000 0.4974233 0.5935035 0.6324243 0.5365289 0.6094606 0.6503583 0.5999040 0.4956545 0.6560766 0.5490892 0.1555305 0.1573156 0.1565250 
Smed.14304 0.6542724 0.6749648 0.4318349 0.7086485 1.0787620 0.7003069 0.7283704 0.6118757 0.6118757 0.6510267 0.6919341 0.6919341 0.4437992 0.4974233 0.0000000 0.1922510 0.1295486 0.0742598 0.1077087 0.1520681 0.1238375 0.0737608 0.1325409 0.1016931 0.4052857 0.4436568 0.4067404 
Smed.22636 0.7513713 0.7511845 0.5809692 0.7711068 1.1842433 0.8578670 0.7762726 0.6557301 0.6557301 0.7969178 0.8135043 0.8135043 0.6256311 0.5935035 0.1922510 0.0000000 0.2119003 0.2232399 0.2706195 0.3139732 0.2787356 0.2219373 0.3003613 0.1919920 0.5482277 0.5278512 0.5815596 
Smed.11758 0.7812792 0.7182834 0.5241477 0.8087583 1.1909938 0.8362155 0.8308211 0.7330355 0.7330355 0.7763737 0.8091580 0.8091580 0.5678656 0.6324243 0.1295486 0.2119003 0.0000000 0.0497006 0.1997058 0.2433063 0.2111228 0.1572224 0.2269137 0.1898107 0.4936181 0.5411593 0.5261573 
Smed.12776 0.6641958 0.6386624 0.4684925 0.7200432 1.0856257 0.7169847 0.7162584 0.6210611 0.6210611 0.6664207 0.6906504 0.6906504 0.4802398 0.5365289 0.0742598 0.2232399 0.0497006 0.0000000 0.1366937 0.1805378 0.1512114 0.1001154 0.1620170 0.1293983 0.4407338 0.4799673 0.4421679 
Smed.1942  0.6893284 0.7749868 0.5341585 0.8101770 1.1246441 0.8394045 0.8143272 0.6068004 0.6068004 0.7796487 0.7772798 0.7772798 0.5460874 0.6094606 0.1077087 0.2706195 0.1997058 0.1366937 0.0000000 0.1763539 0.1444883 0.1357844 0.2049656 0.1682943 0.5033162 0.5455057 0.5047383 
Smed.7025  0.7979598 0.8727237 0.5729421 0.9100141 1.2614205 0.8842368 0.8768876 0.7033675 0.7033675 0.8220025 0.8406260 0.8406260 0.5847107 0.6503583 0.1520681 0.3139732 0.2433063 0.1805378 0.1763539 0.0000000 0.0234804 0.1676013 0.2496907 0.2121769 0.5412304 0.5839263 0.5093093 
Smed.9783  0.7365372 0.8052727 0.5270546 0.8408097 1.1896401 0.8208056 0.8141764 0.6467534 0.6467534 0.7637037 0.7783786 0.7783786 0.5387017 0.5999040 0.1238375 0.2787356 0.2111228 0.1512114 0.1444883 0.0234804 0.0000000 0.1502891 0.2164115 0.1812834 0.4971915 0.5381707 0.4663549 
Smed.6463  0.6991048 0.7235909 0.4670378 0.7580072 1.0882698 0.7457531 0.6732094 0.6551282 0.6551282 0.6912931 0.6751079 0.6751079 0.4788364 0.4956545 0.0737608 0.2219373 0.1572224 0.1001154 0.1357844 0.1676013 0.1502891 0.0000000 0.1609775 0.1285607 0.4392387 0.4785683 0.4406779 
Smed.6316  0.7229915 0.7738236 0.5753936 0.7984052 1.1810886 0.6924429 0.9046845 0.6774175 0.6774175 0.7091950 0.8408102 0.8408102 0.5325378 0.6560766 0.1325409 0.3003613 0.2269137 0.1620170 0.2049656 0.2496907 0.2164115 0.1609775 0.0000000 0.1946126 0.5424412 0.5867726 0.5438505 
Smed.14264 0.6549235 0.7280767 0.5149222 0.7626739 1.1199751 0.7500173 0.7292335 0.6123872 0.6123872 0.6951080 0.6926993 0.6926993 0.5267675 0.5490892 0.1016931 0.1919920 0.1898107 0.1293983 0.1682943 0.2121769 0.1812834 0.1285607 0.1946126 0.0000000 0.4850303 0.4436913 0.4113590 
Smed.5842  0.7684396 0.8496284 0.0228031 0.8772324 0.9766227 0.9364853 1.0037940 0.7001455 0.7001455 0.9531675 0.9483755 0.9483755 0.1218346 0.1555305 0.4052857 0.5482277 0.4936181 0.4407338 0.5033162 0.5412304 0.4971915 0.4392387 0.5424412 0.4850303 0.0000000 0.1220086 0.0959970 
Smed.17691 0.7310715 0.9642798 0.1509142 0.9923556 1.0331259 0.9379323 0.9385065 0.6640817 0.6640817 0.9431584 0.8869077 0.8869077 0.1496396 0.1573156 0.4436568 0.5278512 0.5411593 0.4799673 0.5455057 0.5839263 0.5381707 0.4785683 0.5867726 0.4436913 0.1220086 0.0000000 0.1228072 
Smed.17940 0.7868480 0.9768803 0.1236036 1.0053137 1.0664141 0.9496740 1.0050760 0.7191105 0.7191105 0.9521515 0.9495626 0.9495626 0.1226318 0.1565250 0.4067404 0.5815596 0.5261573 0.4421679 0.5047383 0.5093093 0.4663549 0.4406779 0.5438505 0.4113590 0.0959970 0.1228072 0.0000000 
