6
Mlig.11525 0.0000000 0.0103598 0.0103583 0.5213869 0.5304550 0.5287508 
Mlig.33155 0.0103598 0.0000000 0.0069095 0.5130823 0.5220425 0.5203726 
Mlig.44699 0.0103583 0.0069095 0.0000000 0.5191588 0.5281953 0.5265008 
Mlig.47953 0.5213869 0.5130823 0.5191588 0.0000000 0.0179450 0.0143184 
Mlig.47952 0.5304550 0.5220425 0.5281953 0.0179450 0.0000000 0.0035696 
Mlig.47954 0.5287508 0.5203726 0.5265008 0.0143184 0.0035696 0.0000000 
