7
Mlig.17643 0.0000000 0.0000010 0.8245654 0.8303924 0.8460018 1.0837286 1.0588937 
Mlig.17646 0.0000010 0.0000000 0.8245654 0.8303924 0.8460018 1.0837286 1.0588937 
Mlig.37743 0.8245654 0.8245654 0.0000000 0.0033445 0.0168872 0.9891740 0.9711746 
Mlig.41553 0.8303924 0.8303924 0.0033445 0.0000000 0.0202869 0.9958825 0.9778532 
Mlig.37740 0.8460018 0.8460018 0.0168872 0.0202869 0.0000000 1.0147751 0.9963370 
Mlig.1376  1.0837286 1.0837286 0.9891740 0.9958825 1.0147751 0.0000000 0.0271241 
Mlig.26333 1.0588937 1.0588937 0.9711746 0.9778532 0.9963370 0.0271241 0.0000000 
