11
Smed.16132 0.0000000 1.3199087 1.6402476 1.1010668 0.4538779 1.2896761 0.8360062 0.8322398 0.9583675 0.9173019 0.9356121 
Smed.23517 1.3199087 0.0000000 0.7988991 1.9739265 1.4957380 1.8638415 1.6208644 1.6278862 1.6510344 1.5767813 1.6946947 
Smed.24559 1.6402476 0.7988991 0.0000000 2.1090942 1.7106717 2.2244213 2.1171126 2.1685845 2.1489581 2.0567421 2.1712679 
Smed.23723 1.1010668 1.9739265 2.1090942 0.0000000 1.0961064 1.4483185 0.9839948 0.9723417 0.9616411 0.9642350 0.9815892 
Smed.23484 0.4538779 1.4957380 1.7106717 1.0961064 0.0000000 1.3894716 0.9238774 0.9386385 1.0328039 0.9884590 1.0155511 
Smed.10220 1.2896761 1.8638415 2.2244213 1.4483185 1.3894716 0.0000000 1.3275170 1.3628570 1.4370635 1.4480566 1.4446813 
Smed.16150 0.8360062 1.6208644 2.1171126 0.9839948 0.9238774 1.3275170 0.0000000 0.0104372 0.1433563 0.1430736 0.1446047 
Smed.20761 0.8322398 1.6278862 2.1685845 0.9723417 0.9386385 1.3628570 0.0104372 0.0000000 0.1507596 0.1504529 0.1447306 
Smed.5545  0.9583675 1.6510344 2.1489581 0.9616411 1.0328039 1.4370635 0.1433563 0.1507596 0.0000000 0.0263584 0.0374278 
Smed.5546  0.9173019 1.5767813 2.0567421 0.9642350 0.9884590 1.4480566 0.1430736 0.1504529 0.0263584 0.0000000 0.0319448 
Smed.15547 0.9356121 1.6946947 2.1712679 0.9815892 1.0155511 1.4446813 0.1446047 0.1447306 0.0374278 0.0319448 0.0000000 
