29
Mlig.23444 0.0000000 0.0414901 0.0097774 1.0229152 1.0088897 0.9850806 1.0616118 1.0109926 1.1399241 1.1417262 1.1813222 1.1796386 1.0856537 1.0470433 1.4894920 0.6934199 1.0435259 1.0514023 1.0545305 1.0158098 0.6262371 0.6524521 1.5756431 1.1356697 1.0946070 1.0984608 1.4784929 1.1095723 1.0523283 
Mlig.44268 0.0414901 0.0000000 0.0450640 1.0984714 1.0820840 1.0312575 1.1203155 1.0719786 1.2216016 1.2269962 1.2652262 1.2639224 1.1634707 1.1231951 1.5439042 0.7127230 1.1141429 1.1264705 1.1296858 1.0892787 0.6439594 0.6705494 1.6335517 1.2171904 1.1733906 1.1773786 1.5321996 1.1843978 1.1283450 
Mlig.46010 0.0097774 0.0450640 0.0000000 1.0216084 1.0076066 0.9715148 1.0747771 1.0006646 1.1383824 1.1398951 1.1796970 1.1780082 1.0842304 1.0456810 1.4780198 0.6818233 1.0421880 1.0500556 1.0531799 1.0145162 0.6154782 0.6415101 1.5622932 1.1341341 1.0931585 1.0970066 1.4658213 1.1109857 1.0509639 
Mlig.40083 1.0229152 1.0984714 1.0216084 0.0000000 0.0709227 1.1466698 1.0172575 1.0795221 0.1466372 0.1612690 0.2002710 0.1516977 0.1092694 0.1368410 0.5896595 0.8964395 0.1381244 0.0930240 0.0977078 0.0666144 0.8906056 0.9063543 0.6507226 0.1025563 0.1032336 0.1072571 0.5504065 0.1237637 0.0721216 
Mlig.48910 1.0088897 1.0820840 1.0076066 0.0709227 0.0000000 1.1447618 1.0204795 1.0899213 0.1519173 0.1580033 0.2037624 0.1275569 0.0993378 0.1391743 0.5627299 0.9045564 0.0935373 0.1197576 0.1248097 0.0202800 0.9177059 0.9387048 0.5759958 0.0945787 0.0834264 0.0872262 0.5575688 0.1266977 0.0928315 
Mlig.21791 0.9850806 1.0312575 0.9715148 1.1466698 1.1447618 0.0000000 0.8900235 0.1578697 1.2664664 1.2330310 1.2915955 1.2374801 1.1852476 1.1709957 1.6004408 0.7505395 1.1661990 1.1686092 1.1634575 1.1683639 0.7120646 0.7240860 1.6590930 1.2693539 1.1989182 1.2017505 1.5360496 1.1828318 1.1356646 
Mlig.11873 1.0616118 1.1203155 1.0747771 1.0172575 1.0204795 0.8900235 0.0000000 0.8921744 1.0356261 1.0613679 1.0645019 1.0466492 1.0262938 0.9803238 1.4285900 0.8814567 1.0293337 1.0194495 1.0288616 1.0377195 0.8736859 0.8949131 1.5170147 1.0892461 1.0451797 1.0476436 1.3528982 0.9996909 0.9823721 
Mlig.20599 1.0109926 1.0719786 1.0006646 1.0795221 1.0899213 0.1578697 0.8921744 0.0000000 1.2094682 1.1647982 1.2017443 1.1607448 1.1376894 1.0952511 1.5079639 0.6991859 1.1115079 1.1324220 1.1273286 1.0955513 0.7053297 0.7271662 1.5053201 1.1958083 1.1223365 1.1249952 1.4734221 1.1104369 1.0635522 
Mlig.34376 1.1399241 1.2216016 1.1383824 0.1466372 0.1519173 1.2664664 1.0356261 1.2094682 0.0000000 0.0737225 0.2011761 0.1606767 0.1060450 0.1732567 0.6518024 0.9563123 0.1484850 0.1028912 0.1102883 0.1485184 0.9358626 0.9719159 0.6950170 0.1548932 0.1127455 0.1167536 0.6179779 0.1575265 0.1140277 
Mlig.8184  1.1417262 1.2269962 1.1398951 0.1612690 0.1580033 1.2330310 1.0613679 1.1647982 0.0737225 0.0000000 0.1973363 0.1509315 0.1254468 0.1901170 0.6770428 0.9601206 0.1427922 0.1189664 0.1265148 0.1585618 0.9407205 0.9948865 0.6969407 0.1667227 0.1205093 0.1245528 0.6124710 0.1559304 0.1254357 
Mlig.45362 1.1813222 1.2652262 1.1796970 0.2002710 0.2037624 1.2915955 1.0645019 1.2017443 0.2011761 0.1973363 0.0000000 0.2074021 0.1553548 0.1825015 0.7033979 0.9997755 0.1986762 0.1552002 0.1603628 0.1978155 0.9835962 1.0253915 0.7220076 0.2114504 0.1753485 0.1767425 0.6228428 0.2038625 0.1531760 
Mlig.29642 1.1796386 1.2639224 1.1780082 0.1516977 0.1275569 1.2374801 1.0466492 1.1607448 0.1606767 0.1509315 0.2074021 0.0000000 0.1233943 0.1559921 0.6559138 0.9942420 0.1393129 0.1239924 0.1320093 0.1311017 0.9772395 1.0369425 0.6690382 0.1490175 0.1216333 0.1258045 0.5961056 0.1363080 0.1124556 
Mlig.40914 1.0856537 1.1634707 1.0842304 0.1092694 0.0993378 1.1852476 1.0262938 1.1376894 0.1060450 0.1254468 0.1553548 0.1233943 0.0000000 0.1307024 0.5838481 0.9518156 0.1029051 0.0820462 0.0894183 0.0949087 0.9410530 0.9580503 0.6285943 0.1209518 0.0567882 0.0604608 0.5485818 0.1158396 0.0706772 
Mlig.44740 1.0470433 1.1231951 1.0456810 0.1368410 0.1391743 1.1709957 0.9803238 1.0952511 0.1732567 0.1901170 0.1825015 0.1559921 0.1307024 0.0000000 0.6275478 0.9002186 0.1464695 0.1389886 0.1429487 0.1342096 0.8921117 0.9136227 0.6415915 0.1611471 0.1489974 0.1533163 0.5517594 0.1679780 0.1243431 
Mlig.41384 1.4894920 1.5439042 1.4780198 0.5896595 0.5627299 1.6004408 1.4285900 1.5079639 0.6518024 0.6770428 0.7033979 0.6559138 0.5838481 0.6275478 0.0000000 1.2639172 0.6396659 0.6267027 0.6239332 0.5622159 1.2584832 1.2828293 0.1262147 0.5968173 0.5628507 0.5573950 0.0696619 0.6316276 0.5978509 
Mlig.26723 0.6934199 0.7127230 0.6818233 0.8964395 0.9045564 0.7505395 0.8814567 0.6991859 0.9563123 0.9601206 0.9997755 0.9942420 0.9518156 0.9002186 1.2639172 0.0000000 0.9291697 0.9195679 0.9077663 0.9336857 0.0527037 0.0600283 1.3553788 0.9951643 0.9265816 0.9155249 1.2608700 0.9613060 0.8538345 
Mlig.14587 1.0435259 1.1141429 1.0421880 0.1381244 0.0935373 1.1661990 1.0293337 1.1115079 0.1484850 0.1427922 0.1986762 0.1393129 0.1029051 0.1464695 0.6396659 0.9291697 0.0000000 0.1263303 0.1342625 0.0951251 0.9428540 0.9555732 0.6097496 0.1559600 0.0788700 0.0826354 0.5917215 0.1374217 0.1018185 
Mlig.29436 1.0514023 1.1264705 1.0500556 0.0930240 0.1197576 1.1686092 1.0194495 1.1324220 0.1028912 0.1189664 0.1552002 0.1239924 0.0820462 0.1389886 0.6267027 0.9195679 0.1263303 0.0000000 0.0065069 0.1112142 0.8728727 0.8851330 0.6516112 0.1245797 0.0905505 0.0944919 0.5447742 0.1134497 0.0707567 
Mlig.29437 1.0545305 1.1296858 1.0531799 0.0977078 0.1248097 1.1634575 1.0288616 1.1273286 0.1102883 0.1265148 0.1603628 0.1320093 0.0894183 0.1429487 0.6239332 0.9077663 0.1342625 0.0065069 0.0000000 0.1161553 0.8615092 0.8737071 0.6525746 0.1303786 0.0982874 0.0942137 0.5462613 0.1131082 0.0705629 
Mlig.13204 1.0158098 1.0892787 1.0145162 0.0666144 0.0202800 1.1683639 1.0377195 1.0955513 0.1485184 0.1585618 0.1978155 0.1311017 0.0949087 0.1342096 0.5622159 0.9336857 0.0951251 0.1112142 0.1161553 0.0000000 0.9364819 0.9598383 0.5848404 0.0985271 0.0925080 0.0963989 0.5489853 0.1251087 0.0930227 
Mlig.12563 0.6262371 0.6439594 0.6154782 0.8906056 0.9177059 0.7120646 0.8736859 0.7053297 0.9358626 0.9407205 0.9835962 0.9772395 0.9410530 0.8921117 1.2584832 0.0527037 0.9428540 0.8728727 0.8615092 0.9364819 0.0000000 0.0443655 1.3466721 0.9614252 0.9396093 0.9283296 1.2339550 0.9319370 0.8843936 
Mlig.33948 0.6524521 0.6705494 0.6415101 0.9063543 0.9387048 0.7240860 0.8949131 0.7271662 0.9719159 0.9948865 1.0253915 1.0369425 0.9580503 0.9136227 1.2828293 0.0600283 0.9555732 0.8851330 0.8737071 0.9598383 0.0443655 0.0000000 1.3765908 0.9830241 0.9548400 0.9434449 1.2503068 0.9751106 0.8940359 
Mlig.8156  1.5756431 1.6335517 1.5622932 0.6507226 0.5759958 1.6590930 1.5170147 1.5053201 0.6950170 0.6969407 0.7220076 0.6690382 0.6285943 0.6415915 0.1262147 1.3553788 0.6097496 0.6516112 0.6525746 0.5848404 1.3466721 1.3765908 0.0000000 0.6088200 0.6219918 0.6204753 0.0932291 0.6836560 0.6192182 
Mlig.8935  1.1356697 1.2171904 1.1341341 0.1025563 0.0945787 1.2693539 1.0892461 1.1958083 0.1548932 0.1667227 0.2114504 0.1490175 0.1209518 0.1611471 0.5968173 0.9951643 0.1559600 0.1245797 0.1303786 0.0985271 0.9614252 0.9830241 0.6088200 0.0000000 0.1293971 0.1334909 0.5354926 0.1520662 0.1113373 
Mlig.19942 1.0946070 1.1733906 1.0931585 0.1032336 0.0834264 1.1989182 1.0451797 1.1223365 0.1127455 0.1205093 0.1753485 0.1216333 0.0567882 0.1489974 0.5628507 0.9265816 0.0788700 0.0905505 0.0982874 0.0925080 0.9396093 0.9548400 0.6219918 0.1293971 0.0000000 0.0032933 0.5691953 0.0964902 0.0681491 
Mlig.19943 1.0984608 1.1773786 1.0970066 0.1072571 0.0872262 1.2017505 1.0476436 1.1249952 0.1167536 0.1245528 0.1767425 0.1258045 0.0604608 0.1533163 0.5573950 0.9155249 0.0826354 0.0944919 0.0942137 0.0963989 0.9283296 0.9434449 0.6204753 0.1334909 0.0032933 0.0000000 0.5676681 0.0924685 0.0643458 
Mlig.11281 1.4784929 1.5321996 1.4658213 0.5504065 0.5575688 1.5360496 1.3528982 1.4734221 0.6179779 0.6124710 0.6228428 0.5961056 0.5485818 0.5517594 0.0696619 1.2608700 0.5917215 0.5447742 0.5462613 0.5489853 1.2339550 1.2503068 0.0932291 0.5354926 0.5691953 0.5676681 0.0000000 0.5921792 0.5334184 
Mlig.13460 1.1095723 1.1843978 1.1109857 0.1237637 0.1266977 1.1828318 0.9996909 1.1104369 0.1575265 0.1559304 0.2038625 0.1363080 0.1158396 0.1679780 0.6316276 0.9613060 0.1374217 0.1134497 0.1131082 0.1251087 0.9319370 0.9751106 0.6836560 0.1520662 0.0964902 0.0924685 0.5921792 0.0000000 0.0891573 
Mlig.17329 1.0523283 1.1283450 1.0509639 0.0721216 0.0928315 1.1356646 0.9823721 1.0635522 0.1140277 0.1254357 0.1531760 0.1124556 0.0706772 0.1243431 0.5978509 0.8538345 0.1018185 0.0707567 0.0705629 0.0930227 0.8843936 0.8940359 0.6192182 0.1113373 0.0681491 0.0643458 0.5334184 0.0891573 0.0000000 
