7
Hdim.2089  0.0000000 0.5724100 0.4198703 0.4369013 0.7774037 0.6922081 0.6545421 
Hdim.1346  0.5724100 0.0000000 0.4001146 0.5910499 0.6677284 0.2960153 0.2599342 
Hdim.5095  0.4198703 0.4001146 0.0000000 0.4250536 0.2989008 0.4019666 0.3526044 
Hdim.2062  0.4369013 0.5910499 0.4250536 0.0000000 0.6681481 0.6976905 0.7517352 
Hdim.6649  0.7774037 0.6677284 0.2989008 0.6681481 0.0000000 0.8588866 0.6401362 
Hdim.13379 0.6922081 0.2960153 0.4019666 0.6976905 0.8588866 0.0000000 0.4125381 
Hdim.14551 0.6545421 0.2599342 0.3526044 0.7517352 0.6401362 0.4125381 0.0000000 
