9
Mlig.11144 0.0000000 0.1268826 0.0618291 0.1950440 0.1943436 0.0551178 0.0620154 0.0583339 0.0708296 
Mlig.34320 0.1268826 0.0000000 0.0530279 0.2803681 0.2832758 0.1214517 0.0948298 0.1231211 0.1252041 
Mlig.34321 0.0618291 0.0530279 0.0000000 0.1994113 0.1971193 0.0578076 0.0355791 0.0587446 0.0609567 
Mlig.9742  0.1950440 0.2803681 0.1994113 0.0000000 0.0514476 0.1840640 0.1971311 0.1693443 0.1998660 
Mlig.9743  0.1943436 0.2832758 0.1971193 0.0514476 0.0000000 0.1816494 0.1871570 0.1705897 0.2014820 
Mlig.1587  0.0551178 0.1214517 0.0578076 0.1840640 0.1816494 0.0000000 0.0516072 0.0447521 0.0578943 
Mlig.42452 0.0620154 0.0948298 0.0355791 0.1971311 0.1871570 0.0516072 0.0000000 0.0490320 0.0513118 
Mlig.22395 0.0583339 0.1231211 0.0587446 0.1693443 0.1705897 0.0447521 0.0490320 0.0000000 0.0458587 
Mlig.31139 0.0708296 0.1252041 0.0609567 0.1998660 0.2014820 0.0578943 0.0513118 0.0458587 0.0000000 
