21
Smed.3330  0.0000000 0.0920321 0.0825324 0.0918297 0.0575139 0.0576906 0.0923084 0.0745867 0.0572773 0.0834936 0.0574783 0.0829814 0.0743867 0.0750133 0.0976398 0.0749706 0.2208683 0.1192844 0.0830859 0.0919226 0.0827254 
Smed.17923 0.0920321 0.0000000 0.0565228 0.0823415 0.0321279 0.0487166 0.0656783 0.0403796 0.0483690 0.0490223 0.0408327 0.0736430 0.0485038 0.0489041 0.0907379 0.0488763 0.2149739 0.0917644 0.0568892 0.0654097 0.0566485 
Smed.23051 0.0825324 0.0565228 0.0000000 0.0730927 0.0237711 0.0318369 0.0566798 0.0399777 0.0397625 0.0483314 0.0399007 0.0645666 0.0398726 0.0401971 0.0813575 0.0401745 0.2100352 0.0735775 0.0480974 0.0564513 0.0478971 
Smed.10967 0.0918297 0.0823415 0.0730927 0.0000000 0.0484674 0.0486163 0.0825825 0.0652181 0.0648660 0.0739326 0.0650904 0.0734864 0.0650449 0.0655853 0.1078706 0.0655482 0.2328992 0.0917966 0.0735740 0.0822422 0.0732596 
Smed.569   0.0575139 0.0321279 0.0237711 0.0484674 0.0000000 0.0159362 0.0322131 0.0159076 0.0158210 0.0240365 0.0158771 0.0401374 0.0158656 0.0159941 0.0566396 0.0159849 0.1807557 0.0572841 0.0239187 0.0320852 0.0238200 
Smed.17790 0.0576906 0.0487166 0.0318369 0.0486163 0.0159362 0.0000000 0.0488513 0.0321605 0.0319856 0.0404998 0.0320983 0.0402616 0.0320752 0.0323369 0.0736194 0.0323185 0.2018019 0.0650267 0.0403016 0.0486536 0.0401332 
Smed.3478  0.0923084 0.0656783 0.0566798 0.0825825 0.0322131 0.0488513 0.0000000 0.0487672 0.0485018 0.0573289 0.0486718 0.0738548 0.0403842 0.0490399 0.0910070 0.0490120 0.2236726 0.0836359 0.0570483 0.0655958 0.0568063 
Smed.18868 0.0745867 0.0403796 0.0399777 0.0652181 0.0159076 0.0321605 0.0487672 0.0000000 0.0319298 0.0404293 0.0239462 0.0567089 0.0320192 0.0322798 0.0669110 0.0322615 0.2014803 0.0743308 0.0402318 0.0485701 0.0400639 
Smed.1621  0.0572773 0.0483690 0.0397625 0.0648660 0.0158210 0.0319856 0.0485018 0.0319298 0.0000000 0.0402093 0.0158126 0.0564029 0.0318457 0.0321044 0.0731020 0.0320863 0.2003472 0.0739270 0.0400138 0.0483068 0.0398478 
Smed.12786 0.0834936 0.0490223 0.0483314 0.0739326 0.0240365 0.0404998 0.0573289 0.0404293 0.0402093 0.0000000 0.0403507 0.0568013 0.0403218 0.0406538 0.0822945 0.0406306 0.2014703 0.0832292 0.0486425 0.0570951 0.0484376 
Smed.18019 0.0574783 0.0408327 0.0399007 0.0650904 0.0158771 0.0320983 0.0486718 0.0239462 0.0158126 0.0403507 0.0000000 0.0565985 0.0319574 0.0322170 0.0733532 0.0321987 0.2010322 0.0741836 0.0401539 0.0484755 0.0399867 
Smed.24908 0.0829814 0.0736430 0.0645666 0.0734864 0.0401374 0.0402616 0.0738548 0.0567089 0.0564029 0.0568013 0.0565985 0.0000000 0.0565588 0.0570256 0.0989487 0.0569934 0.2322463 0.0826726 0.0649870 0.0735526 0.0647116 
Smed.6759  0.0743867 0.0485038 0.0398726 0.0650449 0.0158656 0.0320752 0.0403842 0.0320192 0.0318457 0.0403218 0.0319574 0.0565588 0.0000000 0.0321938 0.0733024 0.0321755 0.2008953 0.0655522 0.0401253 0.0484412 0.0399584 
Smed.25502 0.0750133 0.0489041 0.0401971 0.0655853 0.0159941 0.0323369 0.0490399 0.0322798 0.0321044 0.0406538 0.0322170 0.0570256 0.0321938 0.0000000 0.0739127 0.0324400 0.2028375 0.0747556 0.0321911 0.0488405 0.0402843 
Smed.7909  0.0976398 0.0907379 0.0813575 0.1078706 0.0566396 0.0736194 0.0910070 0.0669110 0.0731020 0.0822945 0.0733532 0.0989487 0.0733024 0.0739127 0.0000000 0.0656915 0.2438839 0.1176924 0.0818967 0.0906308 0.0815454 
Smed.24850 0.0749706 0.0488763 0.0401745 0.0655482 0.0159849 0.0323185 0.0490120 0.0322615 0.0320863 0.0406306 0.0321987 0.0569934 0.0321755 0.0324400 0.0656915 0.0000000 0.2027064 0.0747131 0.0404311 0.0488129 0.0402616 
Smed.23776 0.2208683 0.2149739 0.2100352 0.2328992 0.1807557 0.2018019 0.2236726 0.2014803 0.2003472 0.2014703 0.2010322 0.2322463 0.2008953 0.2028375 0.2438839 0.2027064 0.0000000 0.2456060 0.2117520 0.2105009 0.1990646 
Smed.15660 0.1192844 0.0917644 0.0735775 0.0917966 0.0572841 0.0650267 0.0836359 0.0743308 0.0739270 0.0832292 0.0741836 0.0826726 0.0655522 0.0747556 0.1176924 0.0747131 0.2456060 0.0000000 0.0828230 0.0916552 0.0824638 
Smed.22286 0.0830859 0.0568892 0.0480974 0.0735740 0.0239187 0.0403016 0.0570483 0.0402318 0.0400138 0.0486425 0.0401539 0.0649870 0.0401253 0.0321911 0.0818967 0.0404311 0.2117520 0.0828230 0.0000000 0.0568169 0.0482025 
Smed.6084  0.0919226 0.0654097 0.0564513 0.0822422 0.0320852 0.0486536 0.0655958 0.0485701 0.0483068 0.0570951 0.0484755 0.0735526 0.0484412 0.0488405 0.0906308 0.0488129 0.2105009 0.0916552 0.0568169 0.0000000 0.0565767 
Smed.21585 0.0827254 0.0566485 0.0478971 0.0732596 0.0238200 0.0401332 0.0568063 0.0400639 0.0398478 0.0484376 0.0399867 0.0647116 0.0399584 0.0402843 0.0815454 0.0402616 0.1990646 0.0824638 0.0482025 0.0565767 0.0000000 
