6
Smed.23570 0.0000000 0.0644966 0.0424488 0.0649008 0.0424488 0.0861410 
Smed.26332 0.0644966 0.0000000 0.0213439 0.0435115 0.0213439 0.0649636 
Smed.4431  0.0424488 0.0213439 0.0000000 0.0214771 0.0000010 0.0427540 
Smed.16373 0.0649008 0.0435115 0.0214771 0.0000000 0.0214771 0.0427575 
Smed.17884 0.0424488 0.0213439 0.0000010 0.0214771 0.0000000 0.0427540 
Smed.12181 0.0861410 0.0649636 0.0427540 0.0427575 0.0427540 0.0000000 
