8
Smed.1495  0.0000000 0.7535249 0.6332611 0.7867451 0.7551586 0.7509356 0.4920863 0.4920863 
Smed.24881 0.7535249 0.0000000 0.5803037 0.6547465 0.5065471 0.4837594 0.3895278 0.3895278 
Smed.8376  0.6332611 0.5803037 0.0000000 0.6751217 0.5556871 0.5507039 0.3512822 0.3512822 
Smed.10608 0.7867451 0.6547465 0.6751217 0.0000000 0.4629183 0.4881974 0.4975910 0.4975910 
Smed.16895 0.7551586 0.5065471 0.5556871 0.4629183 0.0000000 0.0445568 0.4453416 0.4453416 
Smed.23607 0.7509356 0.4837594 0.5507039 0.4881974 0.0445568 0.0000000 0.4157225 0.4157225 
Smed.26959 0.4920863 0.3895278 0.3512822 0.4975910 0.4453416 0.4157225 0.0000000 0.0000010 
Smed.28093 0.4920863 0.3895278 0.3512822 0.4975910 0.4453416 0.4157225 0.0000010 0.0000000 
