6
Mlig.45915 0.0000000 0.0000010 0.0048015 0.3493157 0.3486068 0.3486068 
Mlig.45916 0.0000010 0.0000000 0.0048015 0.3493157 0.3486068 0.3486068 
Mlig.45917 0.0048015 0.0048015 0.0000000 0.3529148 0.3522013 0.3522013 
Mlig.11496 0.3493157 0.3493157 0.3529148 0.0000000 0.0071842 0.0071842 
Mlig.32621 0.3486068 0.3486068 0.3522013 0.0071842 0.0000000 0.0000010 
Mlig.32624 0.3486068 0.3486068 0.3522013 0.0071842 0.0000010 0.0000000 
