8
Mlig.13490 0.0000000 0.0174755 0.9343150 0.9343150 0.9435768 0.7642636 0.9434804 0.9434804 
Mlig.22314 0.0174755 0.0000000 0.9484944 0.9484944 0.9577074 0.7930008 0.9771438 0.9771438 
Mlig.1445  0.9343150 0.9484944 0.0000000 0.0000010 0.0043604 0.8583189 0.7252084 0.7252084 
Mlig.1447  0.9343150 0.9484944 0.0000010 0.0000000 0.0043604 0.8583189 0.7252084 0.7252084 
Mlig.1446  0.9435768 0.9577074 0.0043604 0.0043604 0.0000000 0.8612736 0.7332242 0.7332242 
Mlig.11320 0.7642636 0.7930008 0.8583189 0.8583189 0.8612736 0.0000000 0.5912790 0.5912790 
Mlig.13489 0.9434804 0.9771438 0.7252084 0.7252084 0.7332242 0.5912790 0.0000000 0.0000010 
Mlig.13491 0.9434804 0.9771438 0.7252084 0.7252084 0.7332242 0.5912790 0.0000010 0.0000000 
