8
Mlig.26186 0.0000000 0.0000010 0.1489112 0.1489112 0.0960867 0.0960867 0.0122562 0.0059785 
Mlig.39025 0.0000010 0.0000000 0.1489112 0.1489112 0.0960867 0.0960867 0.0122562 0.0059785 
Mlig.45791 0.1489112 0.1489112 0.0000000 0.0000010 0.1266477 0.1266477 0.1653116 0.1520606 
Mlig.45792 0.1489112 0.1489112 0.0000010 0.0000000 0.1266477 0.1266477 0.1653116 0.1520606 
Mlig.27751 0.0960867 0.0960867 0.1266477 0.1266477 0.0000000 0.0000010 0.1113125 0.1024727 
Mlig.27752 0.0960867 0.0960867 0.1266477 0.1266477 0.0000010 0.0000000 0.1113125 0.1024727 
Mlig.39496 0.0122562 0.0122562 0.1653116 0.1653116 0.1113125 0.1113125 0.0000000 0.0183883 
Mlig.39497 0.0059785 0.0059785 0.1520606 0.1520606 0.1024727 0.1024727 0.0183883 0.0000000 
