9
Mlig.43704 0.0000000 1.0075625 1.0075625 1.2994567 1.3296892 1.3019083 0.7773445 0.7713390 0.7396564 
Mlig.20461 1.0075625 0.0000000 0.0000010 0.6995184 0.7230947 0.7017705 0.5611078 0.5575904 0.5620542 
Mlig.20913 1.0075625 0.0000010 0.0000000 0.6995184 0.7230947 0.7017705 0.5611078 0.5575904 0.5620542 
Mlig.3120  1.2994567 0.6995184 0.6995184 0.0000000 0.0250401 0.0124866 0.6668220 0.6623563 0.6677353 
Mlig.3121  1.3296892 0.7230947 0.7230947 0.0250401 0.0000000 0.0124109 0.6885888 0.6839006 0.6894904 
Mlig.3122  1.3019083 0.7017705 0.7017705 0.0124866 0.0124109 0.0000000 0.6688913 0.6644030 0.6698039 
Mlig.5362  0.7773445 0.5611078 0.5611078 0.6668220 0.6885888 0.6688913 0.0000000 0.0254896 0.0256304 
Mlig.3104  0.7713390 0.5575904 0.5575904 0.6623563 0.6839006 0.6644030 0.0254896 0.0000000 0.0255538 
Mlig.3105  0.7396564 0.5620542 0.5620542 0.6677353 0.6894904 0.6698039 0.0256304 0.0255538 0.0000000 
