6
Mlig.18761 0.0000000 0.0030296 0.0030296 0.8629866 0.8637476 0.8578022 
Mlig.18762 0.0030296 0.0000000 0.0000010 0.8609208 0.8616881 0.8557482 
Mlig.18760 0.0030296 0.0000010 0.0000000 0.8609208 0.8616881 0.8557482 
Mlig.8598  0.8629866 0.8609208 0.8609208 0.0000000 0.0245259 0.0214391 
Mlig.29926 0.8637476 0.8616881 0.8616881 0.0245259 0.0000000 0.0030188 
Mlig.29927 0.8578022 0.8557482 0.8557482 0.0214391 0.0030188 0.0000000 
