7
Smed.3537  0.0000000 1.2958046 1.1542785 1.6278879 1.2089800 1.1489878 1.0549907 
Smed.10900 1.2958046 0.0000000 0.9663244 1.8111756 0.9944659 1.3041653 1.1796908 
Smed.4063  1.1542785 0.9663244 0.0000000 1.3932232 0.2209973 1.1689576 1.2476444 
Smed.17647 1.6278879 1.8111756 1.3932232 0.0000000 1.5112940 0.8123821 1.3527613 
Smed.12643 1.2089800 0.9944659 0.2209973 1.5112940 0.0000000 1.1832117 1.2223370 
Smed.4325  1.1489878 1.3041653 1.1689576 0.8123821 1.1832117 0.0000000 1.1332678 
Smed.15813 1.0549907 1.1796908 1.2476444 1.3527613 1.2223370 1.1332678 0.0000000 
