6
Sjap.8222  0.0000000 1.2509400 0.3997337 1.0725559 1.0947380 1.0380973 
Sjap.8217  1.2509400 0.0000000 0.7480758 0.3603451 0.6093166 0.5777499 
Sjap.8223  0.3997337 0.7480758 0.0000000 0.5305573 0.6626806 0.6060840 
Sjap.8219  1.0725559 0.3603451 0.5305573 0.0000000 0.4768229 0.4116039 
Sjap.8743  1.0947380 0.6093166 0.6626806 0.4768229 0.0000000 0.2036742 
Sjap.8745  1.0380973 0.5777499 0.6060840 0.4116039 0.2036742 0.0000000 
