8
Mlig.26637 0.0000000 0.0000010 0.8582809 0.8462583 0.8576573 1.1383795 0.8675986 0.8675986 
Mlig.26638 0.0000010 0.0000000 0.8582809 0.8462583 0.8576573 1.1383795 0.8675986 0.8675986 
Mlig.11448 0.8582809 0.8582809 0.0000000 0.0121643 0.0060624 1.1929669 0.8330909 0.8330909 
Mlig.11446 0.8462583 0.8462583 0.0121643 0.0000000 0.0060683 1.1933463 0.8256385 0.8256385 
Mlig.11447 0.8576573 0.8576573 0.0060624 0.0060683 0.0000000 1.1873461 0.8302360 0.8302360 
Mlig.35978 1.1383795 1.1383795 1.1929669 1.1933463 1.1873461 0.0000000 0.8547714 0.8547714 
Mlig.38852 0.8675986 0.8675986 0.8330909 0.8256385 0.8302360 0.8547714 0.0000000 0.0000010 
Mlig.38853 0.8675986 0.8675986 0.8330909 0.8256385 0.8302360 0.8547714 0.0000010 0.0000000 
