7
Mlig.13943 0.0000000 1.1133863 1.1133863 1.1133863 0.9863421 0.9910842 0.0605188 
Mlig.30760 1.1133863 0.0000000 0.0000010 0.0000010 1.1961427 1.2057195 1.1003629 
Mlig.30761 1.1133863 0.0000010 0.0000000 0.0000010 1.1961427 1.2057195 1.1003629 
Mlig.30762 1.1133863 0.0000010 0.0000010 0.0000000 1.1961427 1.2057195 1.1003629 
Mlig.20564 0.9863421 1.1961427 1.1961427 1.1961427 0.0000000 0.0027319 1.0146131 
Mlig.20565 0.9910842 1.2057195 1.2057195 1.2057195 0.0027319 0.0000000 1.0194897 
Mlig.48499 0.0605188 1.1003629 1.1003629 1.1003629 1.0146131 1.0194897 0.0000000 
