6
Mlig.36760 0.0000000 0.0000010 0.1698580 0.1698580 0.1482689 0.2016284 
Mlig.36761 0.0000010 0.0000000 0.1698580 0.1698580 0.1482689 0.2016284 
Mlig.41711 0.1698580 0.1698580 0.0000000 0.0000010 0.1146116 0.1655958 
Mlig.41712 0.1698580 0.1698580 0.0000010 0.0000000 0.1146116 0.1655958 
Mlig.11462 0.1482689 0.1482689 0.1146116 0.1146116 0.0000000 0.0458133 
Mlig.31779 0.2016284 0.2016284 0.1655958 0.1655958 0.0458133 0.0000000 
