9
Treg.1115  0.0000000 0.0136804 0.0136804 0.0182778 0.0229350 0.0275475 0.0045354 0.0464817 0.0321981 
Treg.7464  0.0136804 0.0000000 0.0000010 0.0045218 0.0090778 0.0136292 0.0090953 0.0321905 0.0182054 
Treg.926   0.0136804 0.0000010 0.0000000 0.0045218 0.0090778 0.0136292 0.0090953 0.0321905 0.0182054 
Treg.8258  0.0182778 0.0045218 0.0045218 0.0000000 0.0136442 0.0182092 0.0136706 0.0368653 0.0228033 
Treg.10078 0.0229350 0.0090778 0.0090778 0.0136442 0.0000000 0.0136663 0.0182974 0.0322786 0.0182551 
Treg.2019  0.0275475 0.0136292 0.0136292 0.0182092 0.0136663 0.0000000 0.0228929 0.0369240 0.0136662 
Treg.2493  0.0045354 0.0090953 0.0090953 0.0136706 0.0182974 0.0228929 0.0000000 0.0417151 0.0275218 
Treg.10131 0.0464817 0.0321905 0.0321905 0.0368653 0.0322786 0.0369240 0.0417151 0.0000000 0.0416174 
Treg.10024 0.0321981 0.0182054 0.0182054 0.0228033 0.0182551 0.0136662 0.0275218 0.0416174 0.0000000 
