6
Mlig.12628 0.0000000 0.9053946 0.9078171 0.8945328 0.0243042 0.0218362 
Mlig.874   0.9053946 0.0000000 0.0116848 0.0046645 0.9167831 0.9216345 
Mlig.24873 0.9078171 0.0116848 0.0000000 0.0117024 0.9193225 0.9242073 
Mlig.9333  0.8945328 0.0046645 0.0117024 0.0000000 0.9149558 0.9198235 
Mlig.10175 0.0243042 0.9167831 0.9193225 0.9149558 0.0000000 0.0071781 
Mlig.46701 0.0218362 0.9216345 0.9242073 0.9198235 0.0071781 0.0000000 
