6
Mlig.25875 0.0000000 0.0138734 0.0138734 0.5802130 0.5772798 0.5786470 
Mlig.29452 0.0138734 0.0000000 0.0000010 0.5762987 0.5734023 0.5747587 
Mlig.29454 0.0138734 0.0000010 0.0000000 0.5762987 0.5734023 0.5747587 
Mlig.48620 0.5802130 0.5762987 0.5762987 0.0000000 0.0070222 0.0140928 
Mlig.28098 0.5772798 0.5734023 0.5734023 0.0070222 0.0000000 0.0069954 
Mlig.48619 0.5786470 0.5747587 0.5747587 0.0140928 0.0069954 0.0000000 
