9
Smed.5427  0.0000000 0.0128375 0.6319615 0.2190253 0.1707055 0.1611061 0.2331291 0.1198087 0.1450043 
Smed.22819 0.0128375 0.0000000 0.6379523 0.2198870 0.1712193 0.1615695 0.2341209 0.1199972 0.1453663 
Smed.8740  0.6319615 0.6379523 0.0000000 0.6115463 0.4955154 0.5807345 0.6362392 0.4960572 0.4817413 
Smed.14953 0.2190253 0.2198870 0.6115463 0.0000000 0.1902668 0.1809836 0.1788156 0.0773927 0.1305917 
Smed.15517 0.1707055 0.1712193 0.4955154 0.1902668 0.0000000 0.1030026 0.1516179 0.0966303 0.1192248 
Smed.20261 0.1611061 0.1615695 0.5807345 0.1809836 0.1030026 0.0000000 0.1586107 0.0859878 0.0696552 
Smed.3876  0.2331291 0.2341209 0.6362392 0.1788156 0.1516179 0.1586107 0.0000000 0.1172398 0.1770675 
Smed.5688  0.1198087 0.1199972 0.4960572 0.0773927 0.0966303 0.0859878 0.1172398 0.0000000 0.0712311 
Smed.22261 0.1450043 0.1453663 0.4817413 0.1305917 0.1192248 0.0696552 0.1770675 0.0712311 0.0000000 
