7
Mlig.23695 0.0000000 0.0235124 0.8971796 0.8291877 0.8291877 1.0488064 1.0476394 
Mlig.23696 0.0235124 0.0000000 0.9175486 0.8456685 0.8456685 1.0531327 1.0519470 
Mlig.47542 0.8971796 0.9175486 0.0000000 0.0613283 0.0613283 0.7377345 0.7148356 
Mlig.47543 0.8291877 0.8456685 0.0613283 0.0000000 0.0000010 0.6579106 0.6528420 
Mlig.47544 0.8291877 0.8456685 0.0613283 0.0000010 0.0000000 0.6579106 0.6528420 
Mlig.41287 1.0488064 1.0531327 0.7377345 0.6579106 0.6579106 0.0000000 0.0117520 
Mlig.41288 1.0476394 1.0519470 0.7148356 0.6528420 0.6528420 0.0117520 0.0000000 
