6
Mcor.12929 0.0000000 0.3453920 0.2998942 0.3042208 0.2846228 0.4054085 
Mcor.9627  0.3453920 0.0000000 0.3512354 0.3811546 0.3547071 0.3226796 
Mcor.3609  0.2998942 0.3512354 0.0000000 0.2765709 0.3066249 0.3682610 
Mcor.13410 0.3042208 0.3811546 0.2765709 0.0000000 0.2761872 0.3641690 
Mcor.10398 0.2846228 0.3547071 0.3066249 0.2761872 0.0000000 0.3523591 
Mcor.13220 0.4054085 0.3226796 0.3682610 0.3641690 0.3523591 0.0000000 
