7
Mlig.36545 0.0000000 0.7454055 0.7427800 0.0000010 0.0011855 0.4605465 0.4639226 
Mlig.9772  0.7454055 0.0000000 0.0023698 0.7454055 0.7455111 0.7588062 0.7635994 
Mlig.9773  0.7427800 0.0023698 0.0000000 0.7427800 0.7428856 0.7621452 0.7669385 
Mlig.36542 0.0000010 0.7454055 0.7427800 0.0000000 0.0011855 0.4605465 0.4639226 
Mlig.36543 0.0011855 0.7455111 0.7428856 0.0011855 0.0000000 0.4619453 0.4653204 
Mlig.29198 0.4605465 0.7588062 0.7621452 0.4605465 0.4619453 0.0000000 0.0084186 
Mlig.39545 0.4639226 0.7635994 0.7669385 0.4639226 0.4653204 0.0084186 0.0000000 
