7
Fhep.8813  0.0000000 1.4354491 1.8234431 2.2871157 1.7211243 2.0794087 1.5960086 
Fhep.8820  1.4354491 0.0000000 1.9225687 2.0686193 1.4240233 2.0128482 1.3854350 
Fhep.2111  1.8234431 1.9225687 0.0000000 1.8096795 1.3369015 0.6407080 1.2088739 
Fhep.1788  2.2871157 2.0686193 1.8096795 0.0000000 0.6918854 1.7183442 0.6448626 
Fhep.2115  1.7211243 1.4240233 1.3369015 0.6918854 0.0000000 1.5131844 0.4683525 
Fhep.1789  2.0794087 2.0128482 0.6407080 1.7183442 1.5131844 0.0000000 1.4570039 
Fhep.2112  1.5960086 1.3854350 1.2088739 0.6448626 0.4683525 1.4570039 0.0000000 
