8
Mlig.2808  0.0000000 0.0027075 0.0027106 0.2996994 0.3037004 0.4447767 0.2855370 0.2838445 
Mlig.2809  0.0027075 0.0000000 0.0027102 0.3016093 0.3056118 0.4465368 0.2854817 0.2837897 
Mlig.2810  0.0027106 0.0027102 0.0000000 0.3002396 0.3042485 0.4451860 0.2841087 0.2824167 
Mlig.30164 0.2996994 0.3016093 0.3002396 0.0000000 0.0054082 0.4587155 0.2925646 0.2923840 
Mlig.30165 0.3037004 0.3056118 0.3042485 0.0054082 0.0000000 0.4611785 0.2944701 0.2942880 
Mlig.42972 0.4447767 0.4465368 0.4451860 0.4587155 0.4611785 0.0000000 0.1443816 0.1460673 
Mlig.11898 0.2855370 0.2854817 0.2841087 0.2925646 0.2944701 0.1443816 0.0000000 0.0013513 
Mlig.42971 0.2838445 0.2837897 0.2824167 0.2923840 0.2942880 0.1460673 0.0013513 0.0000000 
