8
Mlig.29705 0.0000000 0.0031590 0.0031590 0.5215248 0.5164800 0.5193629 0.5193629 0.5234881 
Mlig.29706 0.0031590 0.0000000 0.0000010 0.5156335 0.5106015 0.5136008 0.5136008 0.5176991 
Mlig.29707 0.0031590 0.0000010 0.0000000 0.5156335 0.5106015 0.5136008 0.5136008 0.5176991 
Mlig.4139  0.5215248 0.5156335 0.5156335 0.0000000 0.0031461 0.6599045 0.6599045 0.6525656 
Mlig.12523 0.5164800 0.5106015 0.5106015 0.0031461 0.0000000 0.6541853 0.6541853 0.6468775 
Mlig.44792 0.5193629 0.5136008 0.5136008 0.6599045 0.6541853 0.0000000 0.0000010 0.0031814 
Mlig.36742 0.5193629 0.5136008 0.5136008 0.6599045 0.6541853 0.0000010 0.0000000 0.0031814 
Mlig.44794 0.5234881 0.5176991 0.5176991 0.6525656 0.6468775 0.0031814 0.0031814 0.0000000 
