9
Mlig.64    0.0000000 0.0000010 0.3194743 0.3194743 0.3188929 0.0031535 0.5272330 0.5272017 0.5272017 
Mlig.65    0.0000010 0.0000000 0.3194743 0.3194743 0.3188929 0.0031535 0.5272330 0.5272017 0.5272017 
Mlig.10227 0.3194743 0.3194743 0.0000000 0.0000010 0.0015466 0.3189463 0.5140046 0.5116054 0.5116054 
Mlig.10229 0.3194743 0.3194743 0.0000010 0.0000000 0.0015466 0.3189463 0.5140046 0.5116054 0.5116054 
Mlig.10228 0.3188929 0.3188929 0.0015466 0.0015466 0.0000000 0.3183664 0.5145648 0.5121599 0.5121599 
Mlig.33854 0.0031535 0.0031535 0.3189463 0.3189463 0.3183664 0.0000000 0.5262428 0.5262116 0.5262116 
Mlig.37517 0.5272330 0.5272330 0.5140046 0.5140046 0.5145648 0.5262428 0.0000000 0.0030865 0.0030865 
Mlig.21022 0.5272017 0.5272017 0.5116054 0.5116054 0.5121599 0.5262116 0.0030865 0.0000000 0.0000010 
Mlig.37516 0.5272017 0.5272017 0.5116054 0.5116054 0.5121599 0.5262116 0.0030865 0.0000010 0.0000000 
