30
Treg.4922  0.0000000 0.0748990 0.0797075 0.0812207 0.0792875 0.1188950 0.0705017 0.0896601 0.0881819 0.0910278 0.0894010 0.0791977 0.0846048 0.0794046 0.0988981 0.0994806 0.0550080 0.0969349 0.0942843 0.0841159 0.0942843 0.0795536 0.0702546 0.0698657 0.0948744 0.0804970 0.0949031 0.0906146 0.0426561 0.1512383 
Treg.10691 0.0748990 0.0000000 0.1215375 0.0657500 0.0552968 0.0645511 0.0834460 0.0559186 0.0737314 0.0813344 0.0337844 0.0641431 0.0701966 0.0465084 0.0647925 0.0381348 0.0292361 0.0333480 0.0515021 0.0511033 0.0515021 0.0465905 0.0465709 0.0463201 0.0249649 0.0741217 0.0921008 0.0995758 0.0828751 0.1690252 
Treg.5094  0.0797075 0.1215375 0.0000000 0.1260940 0.1223797 0.1460347 0.1002055 0.1452805 0.1236936 0.1413579 0.1285749 0.1222219 0.1396143 0.1335732 0.1436327 0.1561273 0.0938449 0.1431539 0.1502165 0.1387239 0.1502165 0.1228205 0.1236873 0.1229719 0.1433432 0.1357421 0.1379069 0.1187228 0.0512320 0.1914673 
Treg.1086  0.0812207 0.0657500 0.1260940 0.0000000 0.0698499 0.0984362 0.0796294 0.0597854 0.1141406 0.1118421 0.0800036 0.0885415 0.0752692 0.0601724 0.0790277 0.0693045 0.0519167 0.0833063 0.0553968 0.0558659 0.0553968 0.0700825 0.0512663 0.0605017 0.0738232 0.0900508 0.0733015 0.1361785 0.0858201 0.2055650 
Treg.13189 0.0792875 0.0552968 0.1223797 0.0698499 0.0000000 0.0427649 0.0878499 0.0252623 0.0842149 0.0896715 0.0595072 0.0164733 0.0385347 0.0165559 0.0166004 0.0517222 0.0331467 0.0469685 0.0295457 0.0207859 0.0295457 0.0164345 0.0250789 0.0081828 0.0473144 0.0878673 0.0933567 0.1154275 0.0834870 0.2018263 
Treg.2573  0.1188950 0.0645511 0.1460347 0.0984362 0.0427649 0.0000000 0.1169315 0.0611267 0.1077060 0.0959866 0.0837761 0.0607601 0.0755024 0.0514855 0.0516274 0.0700820 0.0785390 0.0561688 0.0656454 0.0560201 0.0656454 0.0606062 0.0606684 0.0517659 0.0470675 0.1257284 0.1171016 0.1150220 0.1164164 0.2173556 
Treg.10967 0.0705017 0.0834460 0.1002055 0.0796294 0.0878499 0.1169315 0.0000000 0.0879947 0.1139790 0.1099329 0.0981739 0.0877476 0.0924411 0.0778712 0.0971397 0.0977065 0.0694005 0.1129028 0.0925716 0.0825270 0.0925716 0.0881491 0.0688321 0.0783022 0.0931434 0.0883650 0.0930783 0.1359394 0.0754219 0.1861884 
Treg.12222 0.0896601 0.0559186 0.1452805 0.0597854 0.0252623 0.0611267 0.0879947 0.0000000 0.1033067 0.1112547 0.0604866 0.0427333 0.0385972 0.0082263 0.0252208 0.0248833 0.0513427 0.0292449 0.0040614 0.0123759 0.0040614 0.0166852 0.0165906 0.0166662 0.0292308 0.0889064 0.0820563 0.1354167 0.1044443 0.2164529 
Treg.6220  0.0881819 0.0737314 0.1236936 0.1141406 0.0842149 0.1077060 0.1139790 0.1033067 0.0000000 0.0959966 0.0843224 0.0841166 0.1197790 0.1040213 0.1043034 0.0975641 0.0657233 0.0825768 0.1080108 0.1089960 0.1080108 0.0937812 0.0944201 0.0938796 0.0826704 0.1195676 0.1223036 0.0896751 0.0747753 0.1723933 
Treg.7880  0.0910278 0.0813344 0.1413579 0.1118421 0.0896715 0.0959866 0.1099329 0.1112547 0.0959966 0.0000000 0.0518876 0.0894207 0.1159671 0.1002189 0.1068967 0.1111824 0.0803931 0.1013930 0.1161034 0.1051995 0.1161034 0.0899833 0.0905972 0.0900762 0.1022036 0.1184653 0.1101386 0.1107077 0.0806864 0.1842163 
Treg.10102 0.0894010 0.0337844 0.1285749 0.0800036 0.0595072 0.0837761 0.0981739 0.0604866 0.0843224 0.0518876 0.0000000 0.0593573 0.0845128 0.0599974 0.0690574 0.0515459 0.0421215 0.0514854 0.0560414 0.0556046 0.0560414 0.0419462 0.0510258 0.0597476 0.0610859 0.0886472 0.0978060 0.1085592 0.0792269 0.1807407 
Treg.1481  0.0791977 0.0641431 0.1222219 0.0885415 0.0164733 0.0607601 0.0877476 0.0427333 0.0841166 0.0894207 0.0593573 0.0000000 0.0564885 0.0336057 0.0336979 0.0606711 0.0416586 0.0649802 0.0471169 0.0379698 0.0471169 0.0333485 0.0424191 0.0249168 0.0562299 0.0877646 0.1136949 0.1152790 0.0738682 0.1891026 
Treg.81    0.0846048 0.0701966 0.1396143 0.0752692 0.0385347 0.0755024 0.0924411 0.0385972 0.1197790 0.1159671 0.0845128 0.0564885 0.0000000 0.0295043 0.0473817 0.0568166 0.0562997 0.0708049 0.0342279 0.0252781 0.0342279 0.0474601 0.0383121 0.0296603 0.0613458 0.1138217 0.0982786 0.1425313 0.0991865 0.2056585 
Treg.3854  0.0794046 0.0465084 0.1335732 0.0601724 0.0165559 0.0514855 0.0778712 0.0082263 0.1040213 0.1002189 0.0599974 0.0336057 0.0295043 0.0000000 0.0165288 0.0336920 0.0420626 0.0381894 0.0123710 0.0122802 0.0123710 0.0165558 0.0164628 0.0081924 0.0294138 0.0786338 0.0826294 0.1363892 0.0937323 0.2021430 
Treg.9388  0.0988981 0.0647925 0.1436327 0.0790277 0.0166004 0.0516274 0.0971397 0.0252208 0.1043034 0.1068967 0.0690574 0.0336979 0.0473817 0.0165288 0.0000000 0.0516388 0.0508372 0.0563769 0.0294973 0.0292751 0.0294973 0.0250226 0.0336398 0.0251140 0.0472376 0.0981840 0.1033132 0.1367494 0.1033175 0.2277474 
Treg.6216  0.0994806 0.0381348 0.1561273 0.0693045 0.0517222 0.0700820 0.0977065 0.0248833 0.0975641 0.1111824 0.0515459 0.0606711 0.0568166 0.0336920 0.0516388 0.0000000 0.0516136 0.0292039 0.0206876 0.0294223 0.0206876 0.0340117 0.0338160 0.0426615 0.0206614 0.0943632 0.1022927 0.1272122 0.1146156 0.2083644 
Treg.1373  0.0550080 0.0292361 0.0938449 0.0519167 0.0331467 0.0785390 0.0694005 0.0513427 0.0657233 0.0803931 0.0421215 0.0416586 0.0562997 0.0420626 0.0508372 0.0516136 0.0000000 0.0559949 0.0469609 0.0378457 0.0469609 0.0332462 0.0334469 0.0332696 0.0560563 0.0693729 0.0836298 0.0960593 0.0562768 0.1790964 
Treg.3848  0.0969349 0.0333480 0.1431539 0.0833063 0.0469685 0.0561688 0.1129028 0.0292449 0.0825768 0.1013930 0.0514854 0.0649802 0.0708049 0.0381894 0.0563769 0.0292039 0.0559949 0.0000000 0.0335044 0.0425492 0.0335044 0.0294791 0.0383319 0.0380356 0.0164625 0.1032404 0.1008653 0.1088077 0.1029225 0.1936130 
Treg.1592  0.0942843 0.0515021 0.1502165 0.0553968 0.0295457 0.0656454 0.0925716 0.0040614 0.1080108 0.1161034 0.0560414 0.0471169 0.0342279 0.0123710 0.0294973 0.0206876 0.0469609 0.0335044 0.0000000 0.0082307 0.0000010 0.0209100 0.0207915 0.0208866 0.0334882 0.0935488 0.0868129 0.1402815 0.1091892 0.2220381 
Treg.2450  0.0841159 0.0511033 0.1387239 0.0558659 0.0207859 0.0560201 0.0825270 0.0123759 0.1089960 0.1051995 0.0556046 0.0379698 0.0252781 0.0122802 0.0292751 0.0294223 0.0378457 0.0425492 0.0082307 0.0000000 0.0082307 0.0207543 0.0122876 0.0123428 0.0425283 0.0927851 0.0876128 0.1416085 0.0985932 0.2081518 
Treg.4160  0.0942843 0.0515021 0.1502165 0.0553968 0.0295457 0.0656454 0.0925716 0.0040614 0.1080108 0.1161034 0.0560414 0.0471169 0.0342279 0.0123710 0.0294973 0.0206876 0.0469609 0.0335044 0.0000010 0.0082307 0.0000000 0.0209100 0.0207915 0.0208866 0.0334882 0.0935488 0.0868129 0.1402815 0.1091892 0.2220381 
Treg.6477  0.0795536 0.0465905 0.1228205 0.0700825 0.0164345 0.0606062 0.0881491 0.0166852 0.0937812 0.0899833 0.0419462 0.0333485 0.0474601 0.0165558 0.0250226 0.0340117 0.0332462 0.0294791 0.0209100 0.0207543 0.0209100 0.0000000 0.0166133 0.0164924 0.0385363 0.0787815 0.0936981 0.1254713 0.0837701 0.2026610 
Treg.11497 0.0702546 0.0465709 0.1236873 0.0512663 0.0250789 0.0606684 0.0688321 0.0165906 0.0944201 0.0905972 0.0510258 0.0424191 0.0383121 0.0164628 0.0336398 0.0338160 0.0334469 0.0383319 0.0207915 0.0122876 0.0207915 0.0166133 0.0000000 0.0165472 0.0383130 0.0787328 0.0729771 0.1263694 0.0843281 0.1965484 
Treg.13975 0.0698657 0.0463201 0.1229719 0.0605017 0.0081828 0.0517659 0.0783022 0.0166662 0.0938796 0.0900762 0.0597476 0.0249168 0.0296603 0.0081924 0.0251140 0.0426615 0.0332696 0.0380356 0.0208866 0.0123428 0.0208866 0.0164924 0.0165472 0.0000000 0.0383120 0.0782937 0.0831180 0.1256299 0.0838523 0.1895294 
Treg.11408 0.0948744 0.0249649 0.1433432 0.0738232 0.0473144 0.0470675 0.0931434 0.0292308 0.0826704 0.1022036 0.0610859 0.0562299 0.0613458 0.0294138 0.0472376 0.0206614 0.0560563 0.0164625 0.0334882 0.0425283 0.0334882 0.0385363 0.0383130 0.0383120 0.0000000 0.0941361 0.0907709 0.1089409 0.1030458 0.1888127 
Treg.4571  0.0804970 0.0741217 0.1357421 0.0900508 0.0878673 0.1257284 0.0883650 0.0889064 0.1195676 0.1184653 0.0886472 0.0877646 0.1138217 0.0786338 0.0981840 0.0943632 0.0693729 0.1032404 0.0935488 0.0927851 0.0935488 0.0787815 0.0787328 0.0782937 0.0941361 0.0000000 0.1158853 0.1444354 0.0950926 0.2222762 
Treg.10829 0.0949031 0.0921008 0.1379069 0.0733015 0.0933567 0.1171016 0.0930783 0.0820563 0.1223036 0.1101386 0.0978060 0.1136949 0.0982786 0.0826294 0.1033132 0.1022927 0.0836298 0.1008653 0.0868129 0.0876128 0.0868129 0.0936981 0.0729771 0.0831180 0.0907709 0.1158853 0.0000000 0.1481281 0.0964593 0.2241264 
Treg.12449 0.0906146 0.0995758 0.1187228 0.1361785 0.1154275 0.1150220 0.1359394 0.1354167 0.0896751 0.1107077 0.1085592 0.1152790 0.1425313 0.1363892 0.1367494 0.1272122 0.0960593 0.1088077 0.1402815 0.1416085 0.1402815 0.1254713 0.1263694 0.1256299 0.1089409 0.1444354 0.1481281 0.0000000 0.0878679 0.2063445 
Treg.1166  0.0426561 0.0828751 0.0512320 0.0858201 0.0834870 0.1164164 0.0754219 0.1044443 0.0747753 0.0806864 0.0792269 0.0738682 0.0991865 0.0937323 0.1033175 0.1146156 0.0562768 0.1029225 0.1091892 0.0985932 0.1091892 0.0837701 0.0843281 0.0838523 0.1030458 0.0950926 0.0964593 0.0878679 0.0000000 0.1219531 
Treg.10564 0.1512383 0.1690252 0.1914673 0.2055650 0.2018263 0.2173556 0.1861884 0.2164529 0.1723933 0.1842163 0.1807407 0.1891026 0.2056585 0.2021430 0.2277474 0.2083644 0.1790964 0.1936130 0.2220381 0.2081518 0.2220381 0.2026610 0.1965484 0.1895294 0.1888127 0.2222762 0.2241264 0.2063445 0.1219531 0.0000000 
