6
Mlig.24685 0.0000000 0.0040991 0.0000010 0.1815489 0.1783074 0.1759346 
Mlig.24686 0.0040991 0.0000000 0.0040991 0.1821866 0.1789333 0.1765534 
Mlig.24687 0.0000010 0.0040991 0.0000000 0.1815489 0.1783074 0.1759346 
Mlig.5168  0.1815489 0.1821866 0.1815489 0.0000000 0.0041169 0.0061831 
Mlig.17063 0.1783074 0.1789333 0.1783074 0.0041169 0.0000000 0.0020586 
Mlig.22490 0.1759346 0.1765534 0.1759346 0.0061831 0.0020586 0.0000000 
