6
Emul.202   0.0000000 0.0000010 0.0041195 0.0856510 0.0504637 0.0481354 
Emul.206   0.0000010 0.0000000 0.0041195 0.0856510 0.0504637 0.0481354 
Emul.3019  0.0041195 0.0041195 0.0000000 0.0856366 0.0547683 0.0481731 
Emul.2901  0.0856510 0.0856510 0.0856366 0.0000000 0.0508353 0.1370066 
Emul.2898  0.0504637 0.0504637 0.0547683 0.0508353 0.0000000 0.1029321 
Emul.201   0.0481354 0.0481354 0.0481731 0.1370066 0.1029321 0.0000000 
