8
Mlig.36870 0.0000000 0.0027015 0.0027015 0.6331257 0.6020227 0.6020227 0.6309023 0.6331257 
Mlig.36871 0.0027015 0.0000000 0.0000010 0.6416023 0.6100741 0.6100741 0.6393464 0.6416023 
Mlig.36872 0.0027015 0.0000010 0.0000000 0.6416023 0.6100741 0.6100741 0.6393464 0.6416023 
Mlig.40456 0.6331257 0.6416023 0.6416023 0.0000000 0.3850163 0.3850163 0.0026773 0.0000010 
Mlig.11477 0.6020227 0.6100741 0.6100741 0.3850163 0.0000000 0.0000010 0.3855949 0.3850163 
Mlig.17218 0.6020227 0.6100741 0.6100741 0.3850163 0.0000010 0.0000000 0.3855949 0.3850163 
Mlig.40455 0.6309023 0.6393464 0.6393464 0.0026773 0.3855949 0.3855949 0.0000000 0.0026773 
Mlig.40457 0.6331257 0.6416023 0.6416023 0.0000010 0.3850163 0.3850163 0.0026773 0.0000000 
