12
Treg.3758  0.0000000 0.4387728 0.4442152 1.0856498 1.0970454 1.0738660 1.1694724 1.0961425 1.0961425 1.0961425 0.4441908 0.4662286 
Treg.10514 0.4387728 0.0000000 0.0042158 1.1150070 1.0990491 1.1033703 1.1971746 1.1047482 1.1047482 1.1047482 0.0456387 0.0170152 
Treg.12387 0.4442152 0.0042158 0.0000000 1.1287528 1.1126911 1.1170512 1.2118113 1.1183630 1.1183630 1.1183630 0.0410946 0.0127340 
Treg.2649  1.0856498 1.1150070 1.1287528 0.0000000 0.0082207 0.0081960 0.0565472 0.0207540 0.0207540 0.0207540 1.1249555 1.1631322 
Treg.11686 1.0970454 1.0990491 1.1126911 0.0082207 0.0000000 0.0082207 0.0567404 0.0207067 0.0207067 0.0207067 1.1088083 1.1468671 
Treg.7454  1.0738660 1.1033703 1.1170512 0.0081960 0.0082207 0.0000000 0.0476706 0.0291672 0.0291672 0.0291672 1.1131885 1.1513078 
Treg.12384 1.1694724 1.1971746 1.2118113 0.0565472 0.0567404 0.0476706 0.0000000 0.0744324 0.0744324 0.0744324 1.1860577 1.2481148 
Treg.1892  1.0961425 1.1047482 1.1183630 0.0207540 0.0207067 0.0291672 0.0744324 0.0000000 0.0000010 0.0000010 1.1145284 1.1524499 
Treg.1091  1.0961425 1.1047482 1.1183630 0.0207540 0.0207067 0.0291672 0.0744324 0.0000010 0.0000000 0.0000010 1.1145284 1.1524499 
Treg.12189 1.0961425 1.1047482 1.1183630 0.0207540 0.0207067 0.0291672 0.0744324 0.0000010 0.0000010 0.0000000 1.1145284 1.1524499 
Treg.155   0.4441908 0.0456387 0.0410946 1.1249555 1.1088083 1.1131885 1.1860577 1.1145284 1.1145284 1.1145284 0.0000000 0.0548730 
Treg.3495  0.4662286 0.0170152 0.0127340 1.1631322 1.1468671 1.1513078 1.2481148 1.1524499 1.1524499 1.1524499 0.0548730 0.0000000 
