7
Treg.10207 0.0000000 0.0041052 0.0027346 0.0041052 0.0013662 0.0013662 0.0000010 
Treg.8498  0.0041052 0.0000000 0.0013671 0.0000010 0.0027352 0.0027352 0.0041052 
Treg.10405 0.0027346 0.0013671 0.0000000 0.0013671 0.0013665 0.0013665 0.0027346 
Treg.12719 0.0041052 0.0000010 0.0013671 0.0000000 0.0027352 0.0027352 0.0041052 
Treg.172   0.0013662 0.0027352 0.0013665 0.0027352 0.0000000 0.0000010 0.0013662 
Treg.214   0.0013662 0.0027352 0.0013665 0.0027352 0.0000010 0.0000000 0.0013662 
Treg.6634  0.0000010 0.0041052 0.0027346 0.0041052 0.0013662 0.0013662 0.0000000 
