7
Mlig.4633  0.0000000 0.0000010 1.3097578 1.3087293 1.4763438 0.9523999 0.9587458 
Mlig.4634  0.0000010 0.0000000 1.3097578 1.3087293 1.4763438 0.9523999 0.9587458 
Mlig.26693 1.3097578 1.3097578 0.0000000 0.0030539 1.2153339 1.0984953 1.1037277 
Mlig.31813 1.3087293 1.3087293 0.0030539 0.0000000 1.2138851 1.1086548 1.1139528 
Mlig.40626 1.4763438 1.4763438 1.2153339 1.2138851 0.0000000 1.2868819 1.2792947 
Mlig.15227 0.9523999 0.9523999 1.0984953 1.1086548 1.2868819 0.0000000 0.0059459 
Mlig.25434 0.9587458 0.9587458 1.1037277 1.1139528 1.2792947 0.0059459 0.0000000 
