108
Treg.1562  0.0000000 0.3161031 0.3806778 0.2453593 0.2517526 0.2703771 0.2661555 0.2374381 0.2425018 0.2797856 0.3315137 0.3315137 0.3315137 0.2865939 0.3446850 0.3305700 0.3594533 0.3594533 0.2752169 0.2167831 0.2488837 0.2760856 0.2854999 0.2924212 0.2655308 0.3730725 0.3572873 0.2445185 0.3039321 0.2126641 0.3153450 0.3472353 0.2445185 0.2345866 0.2589617 0.3045867 0.3045867 0.3045867 0.3045867 0.3045867 0.3045867 0.2459631 0.3193733 0.3193733 0.2748684 0.2649137 0.2364329 0.2765337 0.2839248 0.2961575 0.2839248 0.2839248 0.2960550 0.2718377 0.2517526 0.2871206 0.2490128 0.3215665 0.3495351 0.2281290 0.2516709 0.2513913 0.2259970 0.2411179 0.2774569 0.2281290 0.2417452 0.2271125 0.3926301 0.5541961 0.3184405 0.2792307 0.2643316 0.3829556 0.2503639 0.3038817 0.3522035 0.2854323 0.2516709 0.2301601 0.2614041 0.2709381 0.2360778 0.2578841 0.2777435 0.3461300 0.3591373 0.3591373 0.2943448 0.3339637 0.3123883 0.2777435 0.3325237 0.3332651 0.3835647 0.3377181 0.2736188 0.3104755 0.3106568 0.3081174 0.4158588 0.2677835 0.2703110 0.3183523 0.3552995 0.3168898 0.3116665 0.3564590 
Treg.10622 0.3161031 0.0000000 0.1939736 0.1186476 0.1038647 0.1240776 0.0995941 0.1250351 0.0784329 0.0871721 0.1534792 0.1534792 0.1534792 0.1746836 0.1629900 0.2238353 0.2513042 0.2513042 0.1993849 0.0787725 0.0620258 0.1313140 0.0949408 0.1070751 0.1278965 0.1531440 0.1119799 0.0971773 0.1554022 0.1222168 0.1314302 0.2139770 0.0971773 0.0539332 0.0533379 0.0815245 0.0815245 0.0815245 0.0815245 0.0815245 0.0815245 0.0460044 0.1846716 0.1846716 0.1576315 0.1321109 0.0785701 0.1128813 0.0699724 0.0782889 0.0699724 0.0699724 0.1355953 0.1175709 0.1038647 0.1302074 0.0700907 0.1308200 0.1669295 0.0867682 0.0861788 0.0995480 0.0614400 0.0780622 0.1037685 0.0867682 0.0782234 0.0864736 0.2084869 0.3308379 0.1489053 0.1617821 0.1901570 0.1643265 0.1408184 0.2058918 0.2111847 0.1286483 0.0861788 0.1047565 0.1273515 0.0458546 0.0540673 0.0700333 0.1184200 0.1580126 0.1678897 0.1678897 0.1293191 0.1487284 0.1957606 0.1184200 0.1481661 0.1484588 0.1951211 0.1713144 0.1164111 0.2099936 0.1809498 0.2012582 0.3071162 0.0302601 0.0622326 0.1349137 0.1687257 0.1520637 0.1798873 0.1990605 
Treg.5236  0.3806778 0.1939736 0.0000000 0.1318374 0.1683013 0.2082010 0.1482353 0.1151171 0.1774065 0.2089449 0.2245724 0.2245724 0.2245724 0.1728327 0.2351732 0.2301073 0.2137101 0.2137101 0.2134877 0.1763722 0.1760106 0.1881948 0.1935492 0.2072241 0.1038772 0.2693557 0.2247636 0.1673799 0.2428584 0.1304554 0.1390626 0.1908632 0.1673799 0.1455937 0.1849702 0.2092427 0.2092427 0.2092427 0.2092427 0.2092427 0.2092427 0.1365083 0.1664075 0.1664075 0.1570307 0.1418693 0.1760649 0.1957614 0.2059651 0.2163681 0.2059651 0.2059651 0.1867331 0.1671474 0.1683013 0.1936564 0.1673925 0.2179707 0.2594123 0.1656632 0.1670523 0.1670076 0.1564149 0.1764968 0.2073663 0.1656632 0.1769059 0.1467890 0.1930227 0.4575445 0.2150842 0.2234448 0.1954819 0.1748804 0.2333621 0.2486512 0.2209412 0.1859640 0.1670523 0.1308639 0.1366495 0.1562960 0.1665533 0.2050636 0.1153735 0.1409959 0.1502786 0.1502786 0.1049265 0.1322459 0.1920223 0.1153735 0.1317706 0.1320184 0.2907321 0.1599604 0.1134475 0.2063314 0.1870864 0.1770278 0.2711530 0.1547341 0.1750799 0.2116368 0.1851419 0.1997932 0.1691680 0.2078149 
Treg.14181 0.2453593 0.1186476 0.1318374 0.0000000 0.0631202 0.1146688 0.0655937 0.0637386 0.0887426 0.1158112 0.1470439 0.1470439 0.1470439 0.1259011 0.1566544 0.1520555 0.1590447 0.1590447 0.1451651 0.0708632 0.0880937 0.0971857 0.1218430 0.1348839 0.0700322 0.1866529 0.1660945 0.1083742 0.1523247 0.0461106 0.1225161 0.1641128 0.1083742 0.0787725 0.0922537 0.1343099 0.1343099 0.1343099 0.1343099 0.1343099 0.1343099 0.0705467 0.1162525 0.1162525 0.0926112 0.0710653 0.0881107 0.1231639 0.1142763 0.1233278 0.1142763 0.1142763 0.0928358 0.0753958 0.0631202 0.0884107 0.0800877 0.1241958 0.1606886 0.0793023 0.0798977 0.0799428 0.0710554 0.0883124 0.1150006 0.0793023 0.0885004 0.0626958 0.1476052 0.4270082 0.1511822 0.1446193 0.1567732 0.1648508 0.1337181 0.1911664 0.1615732 0.1203634 0.0798977 0.0792722 0.1057949 0.0878929 0.0791867 0.1139487 0.0731034 0.1190884 0.1284708 0.1284708 0.0827300 0.1102048 0.1362200 0.0731034 0.1097988 0.1100109 0.2276758 0.1374981 0.0718233 0.1332715 0.1307489 0.1326863 0.2293650 0.0829132 0.0876305 0.1438091 0.1483350 0.1188402 0.1146592 0.1803960 
Treg.11523 0.2517526 0.1038647 0.1683013 0.0631202 0.0000000 0.1150804 0.0783852 0.0993887 0.0384559 0.0463513 0.0935084 0.0935084 0.0935084 0.1374235 0.1025424 0.1570564 0.2019969 0.2019969 0.1255832 0.0383981 0.0542929 0.0802215 0.0967723 0.1043786 0.0661253 0.1167103 0.1273488 0.0555741 0.0967232 0.0630733 0.1424517 0.1544604 0.0555741 0.0624307 0.0621483 0.0799266 0.0799266 0.0799266 0.0799266 0.0799266 0.0799266 0.0707669 0.1168808 0.1168808 0.0753027 0.0547262 0.0629715 0.0790498 0.0702468 0.0786009 0.0702468 0.0702468 0.0242464 0.0080918 0.0000010 0.0225445 0.0543228 0.0725455 0.1069674 0.0387497 0.0229035 0.0390655 0.0382388 0.0306853 0.0541199 0.0387497 0.0225785 0.0305719 0.1897640 0.3936734 0.1141132 0.1451966 0.1570254 0.1688628 0.1224856 0.1816130 0.1631166 0.1019897 0.0229035 0.0964932 0.1068018 0.0628237 0.0460307 0.0788349 0.1097720 0.1594004 0.1694034 0.1694034 0.1205026 0.1500035 0.1556347 0.1097720 0.1494301 0.1497285 0.1611131 0.1583469 0.1078840 0.1537296 0.1437445 0.1503388 0.2546252 0.0873674 0.0879201 0.1071153 0.1903436 0.1247871 0.1429803 0.1916594 
Treg.2997  0.2703771 0.1240776 0.2082010 0.1146688 0.1150804 0.0000000 0.1133006 0.1163254 0.1250576 0.1540383 0.1878024 0.1878024 0.1878024 0.1664021 0.1980609 0.2132905 0.2453169 0.2453169 0.1910201 0.1056837 0.1070440 0.1333273 0.1043461 0.1167754 0.1202560 0.2090394 0.1838365 0.1465878 0.1891215 0.1327925 0.1819499 0.2285897 0.1465878 0.0799221 0.1326324 0.1542783 0.1542783 0.1542783 0.1542783 0.1542783 0.1542783 0.0715667 0.1563662 0.1563662 0.1304496 0.1429997 0.1241411 0.1253265 0.1343660 0.1438295 0.1343660 0.1343660 0.1482644 0.1295229 0.1150804 0.1424759 0.1158304 0.1420782 0.1793028 0.1146660 0.1332227 0.1289578 0.1059877 0.1244359 0.1529154 0.1146660 0.1247115 0.1142520 0.2090071 0.4318197 0.1517655 0.2147467 0.1819955 0.2185505 0.1332330 0.2203726 0.2231306 0.1403503 0.1332227 0.0963636 0.1582026 0.0892000 0.0803487 0.1323533 0.1292699 0.1809125 0.1912527 0.1912527 0.1406168 0.1712277 0.1966660 0.1292699 0.1705611 0.1709075 0.2818960 0.2046769 0.1270721 0.1818980 0.1937880 0.1915614 0.2853742 0.0883642 0.0876902 0.1253246 0.1915973 0.1837845 0.1890049 0.2071539 
Treg.12475 0.2661555 0.0995941 0.1482353 0.0655937 0.0783852 0.1133006 0.0000000 0.0711826 0.0870267 0.1134905 0.1447148 0.1447148 0.1447148 0.0981422 0.1541828 0.1603198 0.1651840 0.1651840 0.1524727 0.0695368 0.0703897 0.0865681 0.0861408 0.0977304 0.0535159 0.1630504 0.1395454 0.1061944 0.1452110 0.0534437 0.0955349 0.1515852 0.1061944 0.0456306 0.0904761 0.1136747 0.1136747 0.1136747 0.1136747 0.1136747 0.1136747 0.0536235 0.1236828 0.1236828 0.1000241 0.0619370 0.0864193 0.1033207 0.0955916 0.1042853 0.0955916 0.0955916 0.1085194 0.0910896 0.0783852 0.1037639 0.0864565 0.1226842 0.1581767 0.0778010 0.0783733 0.0732489 0.0697215 0.0866131 0.1127129 0.0778010 0.0867937 0.0615324 0.1459799 0.3807361 0.1385238 0.1516983 0.1448614 0.1519119 0.1176382 0.1785967 0.1491778 0.1286877 0.0783733 0.0704974 0.0908064 0.0702356 0.0458614 0.1117064 0.0642055 0.1090929 0.1182638 0.1182638 0.0735341 0.1003838 0.1444258 0.0642055 0.1000197 0.1002101 0.2223246 0.0983652 0.0630816 0.1310538 0.1020813 0.1225244 0.2378986 0.0651261 0.0866407 0.1058110 0.1377109 0.1183043 0.1123395 0.1148046 
Treg.13953 0.2374381 0.1250351 0.1151171 0.0637386 0.0993887 0.1163254 0.0711826 0.0000000 0.1087183 0.1372916 0.1901124 0.1901124 0.1901124 0.0910300 0.2004929 0.1260382 0.1611466 0.1611466 0.1273013 0.0897203 0.1078928 0.1081065 0.1246677 0.1380785 0.0544335 0.1912762 0.1701481 0.1097653 0.1755577 0.0467170 0.0885750 0.1027661 0.1097653 0.0805677 0.1163939 0.1375142 0.1375142 0.1375142 0.1375142 0.1375142 0.1375142 0.0721506 0.1189505 0.1189505 0.0947093 0.0557660 0.1079189 0.1260493 0.1354010 0.1449268 0.1354010 0.1354010 0.1321653 0.1134895 0.0993887 0.1266396 0.0996044 0.1653176 0.2045421 0.0985979 0.0993717 0.0994100 0.0899757 0.1081753 0.1362923 0.0985979 0.1084145 0.0811840 0.0935739 0.3542218 0.1638905 0.1479071 0.1204359 0.1305910 0.1332748 0.1721709 0.1436505 0.1421383 0.0993717 0.0306642 0.0722291 0.0899192 0.0810008 0.1349614 0.0228310 0.0635356 0.0719506 0.0719506 0.0309577 0.0554294 0.1193103 0.0228310 0.0552394 0.0553394 0.1993055 0.1081094 0.0393715 0.1328367 0.1035027 0.0632981 0.2315963 0.0890708 0.1073154 0.1280420 0.0898944 0.1077191 0.0764164 0.1437774 
Treg.1870  0.2425018 0.0784329 0.1774065 0.0887426 0.0384559 0.1250576 0.0870267 0.1087183 0.0000000 0.0227858 0.1101159 0.1101159 0.1101159 0.1425457 0.1192508 0.1767372 0.1910257 0.1910257 0.1037061 0.0307426 0.0149669 0.0975372 0.0789628 0.0904659 0.1106959 0.0813354 0.1190709 0.0311533 0.0887577 0.0716443 0.1139489 0.1343830 0.0311533 0.0382903 0.0381165 0.0385256 0.0385256 0.0385256 0.0385256 0.0385256 0.0385256 0.0462971 0.1275437 0.1275437 0.0848229 0.0632578 0.0386078 0.0628257 0.0542789 0.0624752 0.0542789 0.0542789 0.0662102 0.0493930 0.0384559 0.0626443 0.0304608 0.0886874 0.1234786 0.0227652 0.0226236 0.0385819 0.0150107 0.0150248 0.0383964 0.0227652 0.0150542 0.0226957 0.2105129 0.3542921 0.1146573 0.1318269 0.1541358 0.1666572 0.0962891 0.1565960 0.1320814 0.0750928 0.0226236 0.1055369 0.0975533 0.0461453 0.0383913 0.0541678 0.1193642 0.1699487 0.1801110 0.1801110 0.1303896 0.1604170 0.1775966 0.1193642 0.1597985 0.1601201 0.1166597 0.1481436 0.1173236 0.1835423 0.1541529 0.1610157 0.2393563 0.0623565 0.0627279 0.0989650 0.1793913 0.0958885 0.1528661 0.1810023 
Treg.6861  0.2797856 0.0871721 0.2089449 0.1158112 0.0463513 0.1540383 0.1134905 0.1372916 0.0227858 0.0000000 0.1302234 0.1302234 0.1302234 0.1640515 0.1397437 0.2002599 0.2237550 0.2237550 0.1125728 0.0388152 0.0383006 0.1165270 0.0973399 0.1049985 0.1195544 0.0805791 0.1095069 0.0558638 0.1158154 0.0979612 0.1147770 0.1330459 0.0558638 0.0627565 0.0462012 0.0304931 0.0304931 0.0304931 0.0304931 0.0304931 0.0304931 0.0711469 0.1167655 0.1167655 0.0935479 0.0714833 0.0305542 0.0622592 0.0706207 0.0790310 0.0706207 0.0706207 0.0746403 0.0576986 0.0463513 0.0707979 0.0545987 0.1077076 0.1439015 0.0389381 0.0386862 0.0554450 0.0384220 0.0308296 0.0543936 0.0389381 0.0226802 0.0464824 0.2445824 0.3983549 0.1234547 0.1621853 0.1846810 0.1897116 0.1234388 0.1887488 0.1413191 0.0841415 0.0386862 0.1332303 0.1068304 0.0631537 0.0629094 0.0625360 0.1487251 0.1910872 0.2015584 0.2015584 0.1606647 0.1812914 0.1872469 0.1487251 0.1805819 0.1809503 0.1268844 0.1783043 0.1462378 0.2155122 0.1859751 0.1936006 0.2752903 0.0708765 0.0713095 0.1269939 0.2117560 0.1054805 0.1831159 0.2124977 
Treg.2135  0.3315137 0.1534792 0.2245724 0.1470439 0.0935084 0.1878024 0.1447148 0.1901124 0.1101159 0.1302234 0.0000000 0.0000010 0.0000010 0.2143429 0.0073834 0.2110992 0.2620390 0.2620390 0.2366159 0.1290578 0.1001883 0.1668853 0.1359449 0.1550941 0.1451321 0.2023296 0.2101316 0.1309559 0.1939060 0.1471256 0.1963219 0.2489313 0.1309559 0.1090376 0.1254368 0.1576438 0.1576438 0.1576438 0.1576438 0.1576438 0.1576438 0.1181394 0.1903621 0.1903621 0.1879980 0.1608011 0.1268119 0.1571540 0.1095869 0.1186932 0.1095869 0.1095869 0.0976312 0.0804027 0.0935084 0.1065565 0.1171138 0.0484651 0.0323059 0.1009746 0.0831682 0.0969074 0.0992059 0.0917367 0.1196327 0.1009746 0.1017617 0.1011952 0.2733534 0.4600688 0.1871316 0.2036339 0.2554026 0.2276992 0.1952590 0.2204251 0.2507233 0.1598508 0.0831682 0.1664242 0.1850540 0.0998147 0.1092597 0.1438280 0.1838628 0.2405976 0.2517172 0.2517172 0.1968743 0.2302199 0.2189824 0.1838628 0.2292961 0.2297743 0.2115945 0.2136163 0.1808932 0.2319452 0.2108285 0.2494590 0.3368528 0.1360109 0.1369786 0.1925890 0.2500451 0.2115971 0.2382945 0.2491757 
Treg.2136  0.3315137 0.1534792 0.2245724 0.1470439 0.0935084 0.1878024 0.1447148 0.1901124 0.1101159 0.1302234 0.0000010 0.0000000 0.0000010 0.2143429 0.0073834 0.2110992 0.2620390 0.2620390 0.2366159 0.1290578 0.1001883 0.1668853 0.1359449 0.1550941 0.1451321 0.2023296 0.2101316 0.1309559 0.1939060 0.1471256 0.1963219 0.2489313 0.1309559 0.1090376 0.1254368 0.1576438 0.1576438 0.1576438 0.1576438 0.1576438 0.1576438 0.1181394 0.1903621 0.1903621 0.1879980 0.1608011 0.1268119 0.1571540 0.1095869 0.1186932 0.1095869 0.1095869 0.0976312 0.0804027 0.0935084 0.1065565 0.1171138 0.0484651 0.0323059 0.1009746 0.0831682 0.0969074 0.0992059 0.0917367 0.1196327 0.1009746 0.1017617 0.1011952 0.2733534 0.4600688 0.1871316 0.2036339 0.2554026 0.2276992 0.1952590 0.2204251 0.2507233 0.1598508 0.0831682 0.1664242 0.1850540 0.0998147 0.1092597 0.1438280 0.1838628 0.2405976 0.2517172 0.2517172 0.1968743 0.2302199 0.2189824 0.1838628 0.2292961 0.2297743 0.2115945 0.2136163 0.1808932 0.2319452 0.2108285 0.2494590 0.3368528 0.1360109 0.1369786 0.1925890 0.2500451 0.2115971 0.2382945 0.2491757 
Treg.8889  0.3315137 0.1534792 0.2245724 0.1470439 0.0935084 0.1878024 0.1447148 0.1901124 0.1101159 0.1302234 0.0000010 0.0000010 0.0000000 0.2143429 0.0073834 0.2110992 0.2620390 0.2620390 0.2366159 0.1290578 0.1001883 0.1668853 0.1359449 0.1550941 0.1451321 0.2023296 0.2101316 0.1309559 0.1939060 0.1471256 0.1963219 0.2489313 0.1309559 0.1090376 0.1254368 0.1576438 0.1576438 0.1576438 0.1576438 0.1576438 0.1576438 0.1181394 0.1903621 0.1903621 0.1879980 0.1608011 0.1268119 0.1571540 0.1095869 0.1186932 0.1095869 0.1095869 0.0976312 0.0804027 0.0935084 0.1065565 0.1171138 0.0484651 0.0323059 0.1009746 0.0831682 0.0969074 0.0992059 0.0917367 0.1196327 0.1009746 0.1017617 0.1011952 0.2733534 0.4600688 0.1871316 0.2036339 0.2554026 0.2276992 0.1952590 0.2204251 0.2507233 0.1598508 0.0831682 0.1664242 0.1850540 0.0998147 0.1092597 0.1438280 0.1838628 0.2405976 0.2517172 0.2517172 0.1968743 0.2302199 0.2189824 0.1838628 0.2292961 0.2297743 0.2115945 0.2136163 0.1808932 0.2319452 0.2108285 0.2494590 0.3368528 0.1360109 0.1369786 0.1925890 0.2500451 0.2115971 0.2382945 0.2491757 
Treg.9523  0.2865939 0.1746836 0.1728327 0.1259011 0.1374235 0.1664021 0.0981422 0.0910300 0.1425457 0.1640515 0.2143429 0.2143429 0.2143429 0.0000000 0.2250649 0.1567636 0.1520621 0.1520621 0.0983969 0.1268084 0.1324148 0.1489301 0.1548161 0.1694360 0.0804031 0.1980443 0.2201306 0.1487856 0.2151443 0.0890152 0.0921086 0.0875325 0.1487856 0.1083434 0.1642485 0.1425436 0.1425436 0.1425436 0.1425436 0.1425436 0.1425436 0.1175694 0.0982583 0.0982583 0.0941264 0.0851031 0.1327262 0.1356587 0.1664593 0.1765253 0.1664593 0.1664593 0.1728163 0.1530279 0.1374235 0.1663870 0.1554361 0.1887153 0.2291377 0.1362718 0.1373963 0.1330857 0.1360480 0.1466721 0.1766962 0.1362718 0.1470094 0.1178278 0.1508459 0.3720107 0.1909200 0.1519002 0.1300089 0.2019004 0.1480830 0.1340845 0.1716657 0.1238173 0.1373963 0.0901133 0.0798865 0.1370879 0.1089466 0.1638141 0.0840150 0.1229229 0.1325678 0.1325678 0.0854866 0.1137934 0.1337325 0.0840150 0.1133631 0.1135878 0.2760971 0.1346243 0.0825225 0.1134342 0.1061800 0.1466292 0.2006223 0.1357166 0.1557888 0.1308927 0.1622448 0.1651492 0.1159211 0.1444689 
Treg.13804 0.3446850 0.1629900 0.2351732 0.1566544 0.1025424 0.1980609 0.1541828 0.2004929 0.1192508 0.1397437 0.0073834 0.0073834 0.0073834 0.2250649 0.0000000 0.2218167 0.2734830 0.2734830 0.2479917 0.1384747 0.1091180 0.1768057 0.1453140 0.1647443 0.1549133 0.2130041 0.2210236 0.1405237 0.2043624 0.1567662 0.2066261 0.2606430 0.1405237 0.1180753 0.1345793 0.1674623 0.1674623 0.1674623 0.1674623 0.1674623 0.1674623 0.1272978 0.2007847 0.2007847 0.1985217 0.1708146 0.1360694 0.1669538 0.1186811 0.1279085 0.1186811 0.1186811 0.0888102 0.0890655 0.1025424 0.0975999 0.1261926 0.0567587 0.0241628 0.1099841 0.0919413 0.1061626 0.1080458 0.1005956 0.1103952 0.1099841 0.1108407 0.1102273 0.2852939 0.4750764 0.1973310 0.2139844 0.2666735 0.2388298 0.2055187 0.2316105 0.2625461 0.1700772 0.0919413 0.1763095 0.1954817 0.1087055 0.1183059 0.1532006 0.1943096 0.2520296 0.2633017 0.2633017 0.2076428 0.2415123 0.2299090 0.1943096 0.2405384 0.2410422 0.2228256 0.2242245 0.1912082 0.2429311 0.2218096 0.2612271 0.3498411 0.1453709 0.1464250 0.2031611 0.2614670 0.2224791 0.2492289 0.2602613 
Treg.10872 0.3305700 0.2238353 0.2301073 0.1520555 0.1570564 0.2132905 0.1603198 0.1260382 0.1767372 0.2002599 0.2110992 0.2110992 0.2110992 0.1567636 0.2218167 0.0000000 0.2444634 0.2444634 0.1650803 0.1548949 0.1650203 0.1931189 0.1798769 0.2032282 0.1148482 0.2595464 0.2652604 0.1760119 0.2479493 0.1319517 0.1805626 0.1909098 0.1760119 0.1535387 0.1924349 0.2305660 0.2305660 0.2305660 0.2305660 0.2305660 0.2305660 0.1633378 0.1897945 0.1897945 0.1535928 0.1463388 0.1726262 0.2060957 0.1852375 0.1922224 0.1852375 0.1852375 0.1938883 0.1734274 0.1570564 0.1870092 0.1834444 0.1855156 0.2259019 0.1452681 0.1651375 0.1611949 0.1633455 0.1558702 0.1972671 0.1452681 0.1677769 0.1641385 0.1623010 0.4492445 0.2487705 0.2190828 0.2031716 0.2525696 0.1776606 0.2110526 0.2512569 0.1746570 0.1651375 0.1486801 0.1691667 0.1643260 0.1544196 0.2129421 0.1231504 0.1721761 0.1712834 0.1712834 0.1338705 0.1525345 0.2078523 0.1231504 0.1519718 0.1626610 0.2838309 0.1957291 0.1448156 0.1621362 0.1610747 0.1681786 0.2592832 0.1824188 0.1838554 0.1873042 0.2025378 0.2183592 0.1241118 0.2040283 
Treg.2538  0.3594533 0.2513042 0.2137101 0.1590447 0.2019969 0.2453169 0.1651840 0.1611466 0.1910257 0.2237550 0.2620390 0.2620390 0.2620390 0.1520621 0.2734830 0.2444634 0.0000000 0.0000010 0.1583237 0.1897247 0.1709479 0.2329154 0.2316747 0.2488853 0.1479160 0.2754421 0.2558455 0.2096921 0.2662746 0.1386115 0.1489704 0.1773198 0.2096921 0.1799930 0.2182184 0.2456768 0.2456768 0.2456768 0.2456768 0.2456768 0.2456768 0.1902920 0.1601788 0.1601788 0.1431286 0.1497207 0.2114363 0.2542199 0.2146036 0.2254901 0.2146036 0.2146036 0.2312468 0.2098415 0.2019969 0.2233281 0.2115024 0.2450048 0.2884793 0.2001695 0.2019451 0.1983360 0.1903571 0.2119732 0.2358002 0.2001695 0.2124891 0.1800460 0.2406540 0.4095342 0.2328842 0.2427908 0.2057422 0.2781390 0.1612836 0.2012431 0.2558602 0.1458284 0.2019451 0.1594169 0.1488696 0.2125046 0.1810613 0.2200331 0.1500102 0.1922800 0.2027141 0.2027141 0.1514314 0.1825083 0.1486840 0.1500102 0.1817957 0.1821657 0.3214753 0.1642805 0.1474799 0.2127462 0.1766372 0.1741483 0.1972788 0.2075470 0.2119726 0.1949714 0.2322877 0.2172589 0.2082738 0.1996143 
Treg.2541  0.3594533 0.2513042 0.2137101 0.1590447 0.2019969 0.2453169 0.1651840 0.1611466 0.1910257 0.2237550 0.2620390 0.2620390 0.2620390 0.1520621 0.2734830 0.2444634 0.0000010 0.0000000 0.1583237 0.1897247 0.1709479 0.2329154 0.2316747 0.2488853 0.1479160 0.2754421 0.2558455 0.2096921 0.2662746 0.1386115 0.1489704 0.1773198 0.2096921 0.1799930 0.2182184 0.2456768 0.2456768 0.2456768 0.2456768 0.2456768 0.2456768 0.1902920 0.1601788 0.1601788 0.1431286 0.1497207 0.2114363 0.2542199 0.2146036 0.2254901 0.2146036 0.2146036 0.2312468 0.2098415 0.2019969 0.2233281 0.2115024 0.2450048 0.2884793 0.2001695 0.2019451 0.1983360 0.1903571 0.2119732 0.2358002 0.2001695 0.2124891 0.1800460 0.2406540 0.4095342 0.2328842 0.2427908 0.2057422 0.2781390 0.1612836 0.2012431 0.2558602 0.1458284 0.2019451 0.1594169 0.1488696 0.2125046 0.1810613 0.2200331 0.1500102 0.1922800 0.2027141 0.2027141 0.1514314 0.1825083 0.1486840 0.1500102 0.1817957 0.1821657 0.3214753 0.1642805 0.1474799 0.2127462 0.1766372 0.1741483 0.1972788 0.2075470 0.2119726 0.1949714 0.2322877 0.2172589 0.2082738 0.1996143 
Treg.1416  0.2752169 0.1993849 0.2134877 0.1451651 0.1255832 0.1910201 0.1524727 0.1273013 0.1037061 0.1125728 0.2366159 0.2366159 0.2366159 0.0983969 0.2479917 0.1650803 0.1583237 0.1583237 0.0000000 0.1030075 0.1216850 0.1656091 0.1787279 0.1942723 0.1326891 0.1848037 0.2307172 0.1210132 0.1924098 0.1057307 0.1432912 0.0947816 0.1210132 0.1303738 0.1503664 0.1314735 0.1314735 0.1314735 0.1314735 0.1314735 0.1314735 0.1399912 0.1033736 0.1033736 0.0811079 0.0973427 0.1119105 0.1395768 0.1708632 0.1810820 0.1708632 0.1708632 0.1609772 0.1411095 0.1255832 0.1546742 0.1415102 0.2094848 0.2522417 0.1122643 0.1255588 0.1255757 0.1221828 0.1223132 0.1516004 0.1122643 0.1225924 0.1059075 0.2130913 0.4205133 0.1837574 0.1808391 0.1011237 0.2237368 0.1197275 0.1056972 0.1730570 0.0893675 0.1255588 0.1234270 0.1014240 0.1604542 0.1311193 0.1499956 0.1388188 0.1811636 0.1916348 0.1916348 0.1402197 0.1713446 0.1547656 0.1388188 0.1706678 0.1710195 0.1798735 0.1884343 0.1364084 0.1736792 0.1647379 0.1838499 0.1506185 0.1588005 0.1600123 0.1469796 0.2256821 0.1604452 0.1355624 0.1848777 
Treg.847   0.2167831 0.0787725 0.1763722 0.0708632 0.0383981 0.1056837 0.0695368 0.0897203 0.0307426 0.0388152 0.1290578 0.1290578 0.1290578 0.1268084 0.1384747 0.1548949 0.1897247 0.1897247 0.1030075 0.0000000 0.0465065 0.0793139 0.0786130 0.0900427 0.0917623 0.1182275 0.1001180 0.0476046 0.0886256 0.0543862 0.1138623 0.1540401 0.0476046 0.0381402 0.0382858 0.0551362 0.0551362 0.0551362 0.0551362 0.0551362 0.0551362 0.0461108 0.1266702 0.1266702 0.0842589 0.0628534 0.0227593 0.0625585 0.0710785 0.0795430 0.0710785 0.0710785 0.0661088 0.0493162 0.0383981 0.0625511 0.0465312 0.1067835 0.1426002 0.0226800 0.0383928 0.0384294 0.0305688 0.0305980 0.0547479 0.0226800 0.0306594 0.0226111 0.1871255 0.3701879 0.1140911 0.1167450 0.1335232 0.1656914 0.0956711 0.1556818 0.1515821 0.0750495 0.0383928 0.0871346 0.0797886 0.0626557 0.0383337 0.0544068 0.0997671 0.1380064 0.1476085 0.1476085 0.1101256 0.1289492 0.1648697 0.0997671 0.1284689 0.1287193 0.1374767 0.1473358 0.0980518 0.1617703 0.1326546 0.1389052 0.2474421 0.0459420 0.0462029 0.0804155 0.1783174 0.0958211 0.1324533 0.1799465 
Treg.13814 0.2488837 0.0620258 0.1760106 0.0880937 0.0542929 0.1070440 0.0703897 0.1078928 0.0149669 0.0383006 0.1001883 0.1001883 0.1001883 0.1324148 0.1091180 0.1650203 0.1709479 0.1709479 0.1216850 0.0465065 0.0000000 0.0968176 0.0624222 0.0732554 0.0929427 0.0984554 0.1135346 0.0471345 0.1010759 0.0711290 0.0965060 0.1532699 0.0471345 0.0227126 0.0378572 0.0543952 0.0543952 0.0543952 0.0543952 0.0543952 0.0543952 0.0305115 0.1265354 0.1265354 0.1022586 0.0797337 0.0463738 0.0792189 0.0383233 0.0463121 0.0383233 0.0383233 0.0830741 0.0660147 0.0542929 0.0789789 0.0302546 0.0793564 0.1133911 0.0382675 0.0380243 0.0486552 0.0149113 0.0303045 0.0542164 0.0382675 0.0303646 0.0381475 0.1897181 0.3413372 0.1138015 0.1398365 0.1529349 0.1653285 0.0792822 0.1461106 0.1508265 0.0753962 0.0380243 0.0882295 0.1102382 0.0304134 0.0227756 0.0537915 0.1010775 0.1500875 0.1599912 0.1599912 0.1115986 0.1407685 0.1581579 0.1010775 0.1402322 0.1405115 0.1353943 0.1294294 0.0993212 0.1721120 0.1427000 0.1555291 0.2175468 0.0462271 0.0464915 0.0993643 0.1595100 0.1137211 0.1516848 0.1616713 
Treg.249   0.2760856 0.1313140 0.1881948 0.0971857 0.0802215 0.1333273 0.0865681 0.1081065 0.0975372 0.1165270 0.1668853 0.1668853 0.1668853 0.1489301 0.1768057 0.1931189 0.2329154 0.2329154 0.1656091 0.0793139 0.0968176 0.0000000 0.1131250 0.1258713 0.1014765 0.1476940 0.1565514 0.1176069 0.1620193 0.0882322 0.1448269 0.1873500 0.1176069 0.0705285 0.1050686 0.1167199 0.1167199 0.1167199 0.1167199 0.1167199 0.1167199 0.0789545 0.1474349 0.1474349 0.1305417 0.0976018 0.0886416 0.1060225 0.1233666 0.1325510 0.1233666 0.1233666 0.1112200 0.0933118 0.0802215 0.1062823 0.0968799 0.1432280 0.1808130 0.0878771 0.0885447 0.0885874 0.0795319 0.0970619 0.1241557 0.0878771 0.0972704 0.0710498 0.1879212 0.4396343 0.1286134 0.1829037 0.1662764 0.1869250 0.1462962 0.2230696 0.1846358 0.1583618 0.0885447 0.1049602 0.1341283 0.0965933 0.0708972 0.1229960 0.1186773 0.1688984 0.1679949 0.1679949 0.1296202 0.1487618 0.2054529 0.1186773 0.1481975 0.1591409 0.2392252 0.1730038 0.1166583 0.1813894 0.1613901 0.1657734 0.3010096 0.0956931 0.1138020 0.1346083 0.2000402 0.1593963 0.1519736 0.2010892 
Treg.10211 0.2854999 0.0949408 0.1935492 0.1218430 0.0967723 0.1043461 0.0861408 0.1246677 0.0789628 0.0973399 0.1359449 0.1359449 0.1359449 0.1548161 0.1453140 0.1798769 0.2316747 0.2316747 0.1787279 0.0786130 0.0624222 0.1131250 0.0000000 0.0300144 0.1015207 0.1451388 0.1225826 0.0978874 0.1567590 0.1042530 0.1312466 0.1827185 0.0978874 0.0379131 0.0863918 0.1054236 0.1054236 0.1054236 0.1054236 0.1054236 0.1054236 0.0458375 0.1559181 0.1559181 0.1300871 0.1059049 0.0784110 0.0868499 0.0791200 0.0876644 0.0791200 0.0791200 0.1285995 0.1104343 0.0967723 0.1232797 0.0784454 0.0949031 0.1291637 0.0535970 0.0700079 0.0646938 0.0618284 0.0619941 0.0959942 0.0535970 0.0710138 0.0696408 0.2080487 0.3826730 0.1223859 0.1813474 0.1702183 0.1631611 0.1132611 0.1845755 0.1735799 0.1284599 0.0700079 0.1044328 0.1271631 0.0460738 0.0544039 0.1033259 0.1180578 0.1679955 0.1780284 0.1780284 0.1289338 0.1585815 0.1870407 0.1180578 0.1579770 0.1582914 0.2188816 0.1520070 0.1160571 0.1871597 0.1605281 0.1799073 0.2833594 0.0617307 0.0612653 0.0968404 0.1773412 0.1561175 0.1662217 0.1688847 
Treg.10222 0.2924212 0.1070751 0.2072241 0.1348839 0.1043786 0.1167754 0.0977304 0.1380785 0.0904659 0.1049985 0.1550941 0.1550941 0.1550941 0.1694360 0.1647443 0.2032282 0.2488853 0.2488853 0.1942723 0.0900427 0.0732554 0.1258713 0.0300144 0.0000000 0.1092480 0.1581899 0.1305549 0.1103492 0.1714397 0.1166845 0.1446642 0.1969272 0.1103492 0.0475729 0.0980570 0.1180321 0.1180321 0.1180321 0.1180321 0.1180321 0.1180321 0.0558653 0.1638475 0.1638475 0.1379002 0.1135341 0.0898151 0.0978613 0.0899768 0.0987942 0.0899768 0.0899768 0.1363418 0.1181869 0.1043786 0.1309031 0.0898546 0.1124995 0.1476920 0.0700004 0.0869339 0.0819698 0.0725381 0.0787334 0.1073510 0.0700004 0.0785810 0.0806143 0.2246239 0.4055074 0.1299646 0.1966653 0.1650542 0.1834390 0.1260475 0.2007014 0.2060859 0.1420890 0.0869339 0.1168731 0.1407387 0.0624030 0.0649145 0.1157340 0.1314619 0.1833730 0.1937355 0.1937355 0.1429068 0.1736637 0.1947378 0.1314619 0.1729867 0.1733384 0.2363221 0.1661716 0.1292233 0.2050869 0.1756468 0.1960028 0.3025722 0.0724130 0.0718554 0.1091477 0.1928437 0.1706512 0.1835501 0.1836013 
Treg.10383 0.2655308 0.1278965 0.1038772 0.0700322 0.0661253 0.1202560 0.0535159 0.0544335 0.1106959 0.1195544 0.1451321 0.1451321 0.1451321 0.0804031 0.1549133 0.1148482 0.1479160 0.1479160 0.1326891 0.0917623 0.0929427 0.1014765 0.1015207 0.1092480 0.0000000 0.1808075 0.1466239 0.1117493 0.1731227 0.0532504 0.0782800 0.1214768 0.1117493 0.0661884 0.1182959 0.1392551 0.1392551 0.1392551 0.1392551 0.1392551 0.1392551 0.0747950 0.0872205 0.0872205 0.0654422 0.0457810 0.1098885 0.1180082 0.1100436 0.1191377 0.1100436 0.1100436 0.0964005 0.0787217 0.0661253 0.0918419 0.1099349 0.1218501 0.1590315 0.0926395 0.0933627 0.0883310 0.0920229 0.1021086 0.1279069 0.0926395 0.0919330 0.0832424 0.1177686 0.3579029 0.1364581 0.1527769 0.1258059 0.1372477 0.1263736 0.1579760 0.1487140 0.1111558 0.0933627 0.0539188 0.0731921 0.0847013 0.0665435 0.1366970 0.0473412 0.0906982 0.0996023 0.0996023 0.0562083 0.0821989 0.1070244 0.0473412 0.0819059 0.0820595 0.2308007 0.0970617 0.0465065 0.1035599 0.0921870 0.1033891 0.1947022 0.0918454 0.1101797 0.1124245 0.1185477 0.1376839 0.0946697 0.1226289 
Treg.4275  0.3730725 0.1531440 0.2693557 0.1866529 0.1167103 0.2090394 0.1630504 0.1912762 0.0813354 0.0805791 0.2023296 0.2023296 0.2023296 0.1980443 0.2130041 0.2595464 0.2754421 0.2754421 0.1848037 0.1182275 0.0984554 0.1476940 0.1451388 0.1581899 0.1808075 0.0000000 0.1581906 0.1199746 0.1865905 0.1667799 0.1853724 0.1550046 0.1199746 0.1079537 0.1256308 0.0718958 0.0718958 0.0718958 0.0718958 0.0718958 0.0718958 0.1171784 0.1573456 0.1573456 0.1529424 0.1269722 0.1080317 0.0801103 0.1256690 0.1350432 0.1256690 0.1256690 0.1503656 0.1313757 0.1167103 0.1444728 0.1171126 0.1768521 0.2171093 0.0995148 0.0987976 0.1180974 0.0988303 0.0902197 0.1078277 0.0995148 0.0897133 0.1079746 0.3103857 0.4259104 0.1847160 0.2364076 0.2430483 0.2482003 0.1945963 0.2446880 0.1965192 0.1719292 0.0987976 0.1854675 0.1768671 0.1078532 0.1081778 0.1444950 0.2043277 0.2642743 0.2629057 0.2629057 0.2182418 0.2406719 0.2692007 0.2043277 0.2396820 0.2528630 0.2260229 0.2317907 0.2010444 0.2710947 0.2191166 0.2330767 0.3257790 0.1353406 0.1554504 0.1563871 0.2685827 0.1830104 0.2408674 0.2681407 
Treg.5882  0.3572873 0.1119799 0.2247636 0.1660945 0.1273488 0.1838365 0.1395454 0.1701481 0.1190709 0.1095069 0.2101316 0.2101316 0.2101316 0.2201306 0.2210236 0.2652604 0.2558455 0.2558455 0.2307172 0.1001180 0.1135346 0.1565514 0.1225826 0.1305549 0.1466239 0.1581906 0.0000000 0.1407543 0.1678963 0.1468279 0.1518461 0.2336553 0.1407543 0.0850072 0.1083429 0.1292171 0.1292171 0.1292171 0.1292171 0.1292171 0.1292171 0.0941213 0.1919566 0.1919566 0.1637945 0.1371883 0.0998692 0.1264827 0.1123446 0.1217479 0.1123446 0.1123446 0.1595592 0.1425059 0.1273488 0.1533392 0.1182331 0.1840823 0.2251752 0.1004930 0.1191679 0.1001387 0.0998140 0.1102641 0.1367427 0.1004930 0.0997146 0.1082167 0.2812657 0.4136615 0.1545791 0.2103060 0.1997663 0.2262511 0.1915244 0.2279728 0.2438432 0.1689469 0.1191679 0.1611464 0.1367140 0.1049068 0.1044528 0.1246708 0.1787727 0.2227908 0.2340419 0.2340419 0.1919847 0.2141052 0.2194350 0.1787727 0.2132323 0.2136846 0.2529181 0.1950583 0.1757898 0.2523315 0.2014245 0.1675606 0.3131992 0.0937380 0.1127426 0.1524644 0.2363163 0.1838966 0.2181393 0.2356547 
Treg.13431 0.2445185 0.0971773 0.1673799 0.1083742 0.0555741 0.1465878 0.1061944 0.1097653 0.0311533 0.0558638 0.1309559 0.1309559 0.1309559 0.1487856 0.1405237 0.1760119 0.2096921 0.2096921 0.1210132 0.0476046 0.0471345 0.1176069 0.0978874 0.1103492 0.1117493 0.1199746 0.1407543 0.0000000 0.1083822 0.0723500 0.1338737 0.1563835 0.0000010 0.0553351 0.0550799 0.0728968 0.0728968 0.0728968 0.0728968 0.0728968 0.0728968 0.0637297 0.1712696 0.1712696 0.1242253 0.0997969 0.0558174 0.0811227 0.0720591 0.0806491 0.0720591 0.0720591 0.0851176 0.0676324 0.0555741 0.0808700 0.0471599 0.1083178 0.1446934 0.0391606 0.0389058 0.0557628 0.0309749 0.0310049 0.0554947 0.0391606 0.0310679 0.0390348 0.1835382 0.3566524 0.1354883 0.1592517 0.1555238 0.1424850 0.1123658 0.1471865 0.1538783 0.1133453 0.0389058 0.1065311 0.0984875 0.0635121 0.0554754 0.0718926 0.0979002 0.1452228 0.1547917 0.1547917 0.1080352 0.1362102 0.1791381 0.0979002 0.1357071 0.1359693 0.1276132 0.1494874 0.0962418 0.1851240 0.1455664 0.1625342 0.2530574 0.0804861 0.0809965 0.1194381 0.1809770 0.1365719 0.1516915 0.1803736 
Treg.5789  0.3039321 0.1554022 0.2428584 0.1523247 0.0967232 0.1891215 0.1452110 0.1755577 0.0887577 0.1158154 0.1939060 0.1939060 0.1939060 0.2151443 0.2043624 0.2479493 0.2662746 0.2662746 0.1924098 0.0886256 0.1010759 0.1620193 0.1567590 0.1714397 0.1731227 0.1865905 0.1678963 0.1083822 0.0000000 0.1337150 0.1988302 0.2524651 0.1083822 0.1100925 0.1141264 0.1343021 0.1343021 0.1343021 0.1343021 0.1343021 0.1343021 0.1193714 0.2199334 0.2199334 0.1700321 0.1434930 0.1157411 0.1429462 0.1284646 0.1379263 0.1284646 0.1284646 0.1284799 0.1103581 0.0967232 0.1231756 0.1058600 0.1688991 0.2084201 0.0973924 0.0967073 0.0970598 0.0882392 0.0883276 0.1150052 0.0973924 0.0885155 0.0970492 0.2857422 0.4826451 0.2019200 0.2064849 0.1946986 0.2637473 0.1766360 0.2408778 0.2494863 0.1753605 0.0967073 0.1480569 0.1620748 0.1189291 0.0916779 0.1323123 0.1842198 0.2205634 0.2315882 0.2315882 0.1973478 0.2309839 0.2569492 0.1842198 0.2094174 0.2098574 0.2221241 0.2169970 0.1812222 0.2331990 0.2168794 0.1868940 0.3411375 0.1375941 0.1385940 0.1608266 0.2755150 0.2051974 0.2229770 0.2532381 
Treg.1099  0.2126641 0.1222168 0.1304554 0.0461106 0.0630733 0.1327925 0.0534437 0.0467170 0.0716443 0.0979612 0.1471256 0.1471256 0.1471256 0.0890152 0.1567662 0.1319517 0.1386115 0.1386115 0.1057307 0.0543862 0.0711290 0.0882322 0.1042530 0.1166845 0.0532504 0.1667799 0.1468279 0.0723500 0.1337150 0.0000000 0.0866582 0.1234482 0.0723500 0.0621956 0.0791724 0.1160086 0.1160086 0.1160086 0.1160086 0.1160086 0.1160086 0.0705025 0.1162597 0.1162597 0.0925823 0.0545265 0.0711394 0.1053711 0.0966834 0.1055105 0.0966834 0.0966834 0.0928070 0.0753521 0.0630733 0.0883780 0.0711714 0.1242188 0.1608129 0.0626037 0.0630640 0.0631098 0.0545300 0.0712996 0.0972867 0.0626037 0.0714491 0.0463925 0.1360388 0.3680899 0.1414595 0.1259749 0.1177887 0.1261745 0.1033509 0.1481709 0.1015494 0.1203786 0.0630640 0.0619874 0.0706420 0.0878599 0.0625182 0.0964302 0.0555567 0.0996260 0.1086629 0.1086629 0.0646351 0.0910251 0.1167346 0.0555567 0.0906979 0.0908692 0.1819178 0.0999757 0.0381281 0.1216441 0.0926471 0.0939808 0.2055239 0.0870486 0.0875973 0.1252379 0.1278730 0.1050081 0.0794626 0.1407236 
Treg.6428  0.3153450 0.1314302 0.1390626 0.1225161 0.1424517 0.1819499 0.0955349 0.0885750 0.1139489 0.1147770 0.1963219 0.1963219 0.1963219 0.0921086 0.2066261 0.1805626 0.1489704 0.1489704 0.1432912 0.1138623 0.0965060 0.1448269 0.1312466 0.1446642 0.0782800 0.1853724 0.1518461 0.1338737 0.1988302 0.0866582 0.0000000 0.1223279 0.1338737 0.0874670 0.1219080 0.1149654 0.1149654 0.1149654 0.1149654 0.1149654 0.1149654 0.0961420 0.1349122 0.1349122 0.1190627 0.0791573 0.1050954 0.1412079 0.1419688 0.1514284 0.1419688 0.1419688 0.1772599 0.1578360 0.1424517 0.1708978 0.1134373 0.1717050 0.2106158 0.1222005 0.1231632 0.1187798 0.1135390 0.1320094 0.1604939 0.1222005 0.1323004 0.1046428 0.1662490 0.3851483 0.1882120 0.1894989 0.1286622 0.1748124 0.1483662 0.1788339 0.1391619 0.1106828 0.1231632 0.0877057 0.0732937 0.1143863 0.1060018 0.1401562 0.0817097 0.1185882 0.1279002 0.1279002 0.0915417 0.1097661 0.1553034 0.0817097 0.1093643 0.1095742 0.2108861 0.0883457 0.0802905 0.1588378 0.1299474 0.1236126 0.2280651 0.0957694 0.1138983 0.1547689 0.1200212 0.1186816 0.1307529 0.1502348 
Treg.7800  0.3472353 0.2139770 0.1908632 0.1641128 0.1544604 0.2285897 0.1515852 0.1027661 0.1343830 0.1330459 0.2489313 0.2489313 0.2489313 0.0875325 0.2606430 0.1909098 0.1773198 0.1773198 0.0947816 0.1540401 0.1532699 0.1873500 0.1827185 0.1969272 0.1214768 0.1550046 0.2336553 0.1563835 0.2524651 0.1234482 0.1223279 0.0000000 0.1563835 0.1427018 0.1837067 0.1232090 0.1232090 0.1232090 0.1232090 0.1232090 0.1232090 0.1526437 0.0852765 0.0852765 0.0818883 0.0866007 0.1428412 0.1121823 0.1837044 0.1941927 0.1837044 0.1837044 0.1917705 0.1710423 0.1544604 0.1848283 0.1744811 0.2210564 0.2649909 0.1338185 0.1349534 0.1349588 0.1539457 0.1444816 0.1639766 0.1338185 0.1435525 0.1241518 0.1722535 0.4137765 0.1861242 0.2308483 0.1804503 0.2135514 0.1900630 0.1891932 0.1504258 0.1183434 0.1349534 0.1430592 0.0820041 0.1640596 0.1645044 0.1831501 0.1133392 0.1530272 0.1628946 0.1628946 0.1146001 0.1437419 0.1535403 0.1133392 0.1431969 0.1434808 0.2318209 0.1725359 0.1354396 0.1786730 0.1696732 0.1642434 0.2299642 0.1720317 0.1939039 0.1816507 0.1731017 0.1442208 0.1581418 0.1872018 
Treg.9364  0.2445185 0.0971773 0.1673799 0.1083742 0.0555741 0.1465878 0.1061944 0.1097653 0.0311533 0.0558638 0.1309559 0.1309559 0.1309559 0.1487856 0.1405237 0.1760119 0.2096921 0.2096921 0.1210132 0.0476046 0.0471345 0.1176069 0.0978874 0.1103492 0.1117493 0.1199746 0.1407543 0.0000010 0.1083822 0.0723500 0.1338737 0.1563835 0.0000000 0.0553351 0.0550799 0.0728968 0.0728968 0.0728968 0.0728968 0.0728968 0.0728968 0.0637297 0.1712696 0.1712696 0.1242253 0.0997969 0.0558174 0.0811227 0.0720591 0.0806491 0.0720591 0.0720591 0.0851176 0.0676324 0.0555741 0.0808700 0.0471599 0.1083178 0.1446934 0.0391606 0.0389058 0.0557628 0.0309749 0.0310049 0.0554947 0.0391606 0.0310679 0.0390348 0.1835382 0.3566524 0.1354883 0.1592517 0.1555238 0.1424850 0.1123658 0.1471865 0.1538783 0.1133453 0.0389058 0.1065311 0.0984875 0.0635121 0.0554754 0.0718926 0.0979002 0.1452228 0.1547917 0.1547917 0.1080352 0.1362102 0.1791381 0.0979002 0.1357071 0.1359693 0.1276132 0.1494874 0.0962418 0.1851240 0.1455664 0.1625342 0.2530574 0.0804861 0.0809965 0.1194381 0.1809770 0.1365719 0.1516915 0.1803736 
Treg.7499  0.2345866 0.0539332 0.1455937 0.0787725 0.0624307 0.0799221 0.0456306 0.0805677 0.0382903 0.0627565 0.1090376 0.1090376 0.1090376 0.1083434 0.1180753 0.1535387 0.1799930 0.1799930 0.1303738 0.0381402 0.0227126 0.0705285 0.0379131 0.0475729 0.0661884 0.1079537 0.0850072 0.0553351 0.1100925 0.0621956 0.0874670 0.1427018 0.0553351 0.0000000 0.0457053 0.0628680 0.0628680 0.0628680 0.0628680 0.0628680 0.0628680 0.0074181 0.1164885 0.1164885 0.0928271 0.0709574 0.0380299 0.0538644 0.0462699 0.0543640 0.0462699 0.0462699 0.0917725 0.0745407 0.0624307 0.0874238 0.0380475 0.0878418 0.1222735 0.0301322 0.0459070 0.0399475 0.0225006 0.0381113 0.0623473 0.0301322 0.0381875 0.0300401 0.1575936 0.3168504 0.0867938 0.1338087 0.1236060 0.1349271 0.0873276 0.1346710 0.1403505 0.0836892 0.0459070 0.0623291 0.0825419 0.0226661 0.0150885 0.0618487 0.0735909 0.1197862 0.1291988 0.1291988 0.0832730 0.1108719 0.1469203 0.0735909 0.1104620 0.1106761 0.1662378 0.1067443 0.0722968 0.1418892 0.1126571 0.1296990 0.2271405 0.0224728 0.0381247 0.0722898 0.1290449 0.1098976 0.1226290 0.1320466 
Treg.13645 0.2589617 0.0533379 0.1849702 0.0922537 0.0621483 0.1326324 0.0904761 0.1163939 0.0381165 0.0462012 0.1254368 0.1254368 0.1254368 0.1642485 0.1345793 0.1924349 0.2182184 0.2182184 0.1503664 0.0382858 0.0378572 0.1050686 0.0863918 0.0980570 0.1182959 0.1256308 0.1083429 0.0550799 0.1141264 0.0791724 0.1219080 0.1837067 0.0550799 0.0457053 0.0000000 0.0625013 0.0625013 0.0625013 0.0625013 0.0625013 0.0625013 0.0537250 0.1556240 0.1556240 0.1298461 0.1057102 0.0381747 0.0872987 0.0617019 0.0699070 0.0617019 0.0617019 0.0913482 0.0741944 0.0621483 0.0870285 0.0378759 0.1038306 0.1386260 0.0459950 0.0457003 0.0623552 0.0223990 0.0379391 0.0620654 0.0459950 0.0380147 0.0458492 0.2182460 0.3759258 0.1221654 0.1534763 0.1617418 0.1553052 0.1132308 0.1740875 0.1810530 0.1009587 0.0457003 0.1130193 0.1052822 0.0535490 0.0458217 0.0455575 0.1271117 0.1672213 0.1772042 0.1772042 0.1382284 0.1578530 0.1851692 0.1271117 0.1572539 0.1575655 0.1451685 0.1557413 0.1249776 0.1992755 0.1702224 0.1690440 0.2715363 0.0378546 0.0538359 0.1250916 0.1871216 0.1229418 0.1604161 0.1885064 
Treg.824   0.3045867 0.0815245 0.2092427 0.1343099 0.0799266 0.1542783 0.1136747 0.1375142 0.0385256 0.0304931 0.1576438 0.1576438 0.1576438 0.1425436 0.1674623 0.2305660 0.2456768 0.2456768 0.1314735 0.0551362 0.0543952 0.1167199 0.1054236 0.1180321 0.1392551 0.0718958 0.1292171 0.0728968 0.1343021 0.1160086 0.1149654 0.1232090 0.0728968 0.0628680 0.0625013 0.0000000 0.0000010 0.0000010 0.0000010 0.0000010 0.0000010 0.0712718 0.1165750 0.1165750 0.1126438 0.0892720 0.0465059 0.0540180 0.0967543 0.1055844 0.0967543 0.0967543 0.1107698 0.0929490 0.0799266 0.1058650 0.0712293 0.1342611 0.1714955 0.0630931 0.0626718 0.0802015 0.0545763 0.0546296 0.0798318 0.0630931 0.0547419 0.0628837 0.2449216 0.3954987 0.1431084 0.1778637 0.1849561 0.1986135 0.1419746 0.2104692 0.1415502 0.1020676 0.0626718 0.1334425 0.1070093 0.0710288 0.0630214 0.0792993 0.1489639 0.1913766 0.2018584 0.2018584 0.1609208 0.1815709 0.2303702 0.1489639 0.1808597 0.1812289 0.1468225 0.1840103 0.1464710 0.2158178 0.1862623 0.1995989 0.2991460 0.0710005 0.0884524 0.1272030 0.2120634 0.1116288 0.1833873 0.2127972 
