7
Mlig.2753  0.0000000 0.4650647 0.4650647 0.4650647 0.4650647 0.0055801 0.0648659 
Mlig.13438 0.4650647 0.0000000 0.0000010 0.0000010 0.0000010 0.4551770 0.5634214 
Mlig.13439 0.4650647 0.0000010 0.0000000 0.0000010 0.0000010 0.4551770 0.5634214 
Mlig.13440 0.4650647 0.0000010 0.0000010 0.0000000 0.0000010 0.4551770 0.5634214 
Mlig.13441 0.4650647 0.0000010 0.0000010 0.0000010 0.0000000 0.4551770 0.5634214 
Mlig.2752  0.0055801 0.4551770 0.4551770 0.4551770 0.4551770 0.0000000 0.0708941 
Mlig.2754  0.0648659 0.5634214 0.5634214 0.5634214 0.5634214 0.0708941 0.0000000 
