6
Mlig.33317 0.0000000 0.1354508 0.1263185 0.3696072 0.3696072 0.2850723 
Mlig.5404  0.1354508 0.0000000 0.0145410 0.3499698 0.3499698 0.1218226 
Mlig.5405  0.1263185 0.0145410 0.0000000 0.3583585 0.3583585 0.1162946 
Mlig.10485 0.3696072 0.3499698 0.3583585 0.0000000 0.0000010 0.4531232 
Mlig.31399 0.3696072 0.3499698 0.3583585 0.0000010 0.0000000 0.4531232 
Mlig.33318 0.2850723 0.1218226 0.1162946 0.4531232 0.4531232 0.0000000 
