12
Mlig.14665 0.0000000 0.2829783 0.2828979 0.0560998 0.0157896 0.0238459 0.0319011 0.0278521 0.0237915 0.1935026 0.0944996 0.1357842 
Mlig.36200 0.2829783 0.0000000 0.0079240 0.3048296 0.2728067 0.2903388 0.2767185 0.2714247 0.2782277 0.3389567 0.2423927 0.2894681 
Mlig.36199 0.2828979 0.0079240 0.0000000 0.3047374 0.2727314 0.2902542 0.2766407 0.2713497 0.2781497 0.3388414 0.2423315 0.2893819 
Mlig.7024  0.0560998 0.3048296 0.3047374 0.0000000 0.0479695 0.0562471 0.0728586 0.0686566 0.0562160 0.2119761 0.1163103 0.1592972 
Mlig.15412 0.0157896 0.2728067 0.2727314 0.0479695 0.0000000 0.0158475 0.0238535 0.0198345 0.0158139 0.1900593 0.0895296 0.1301925 
Mlig.15414 0.0238459 0.2903388 0.2902542 0.0562471 0.0158475 0.0000000 0.0401116 0.0360205 0.0319092 0.2061884 0.1030302 0.1449954 
Mlig.14666 0.0319011 0.2767185 0.2766407 0.0728586 0.0238535 0.0401116 0.0000000 0.0039562 0.0239123 0.1911961 0.0900316 0.1259650 
Mlig.14667 0.0278521 0.2714247 0.2713497 0.0686566 0.0198345 0.0360205 0.0039562 0.0000000 0.0198833 0.1862394 0.0857430 0.1263202 
Mlig.15413 0.0237915 0.2782277 0.2781497 0.0562160 0.0158139 0.0319092 0.0239123 0.0198833 0.0000000 0.1905881 0.0897561 0.1305415 
Mlig.43178 0.1935026 0.3389567 0.3388414 0.2119761 0.1900593 0.2061884 0.1911961 0.1862394 0.1905881 0.0000000 0.1107333 0.1558781 
Mlig.43179 0.0944996 0.2423927 0.2423315 0.1163103 0.0895296 0.1030302 0.0900316 0.0857430 0.0897561 0.1107333 0.0000000 0.0337408 
Mlig.43180 0.1357842 0.2894681 0.2893819 0.1592972 0.1301925 0.1449954 0.1259650 0.1263202 0.1305415 0.1558781 0.0337408 0.0000000 
