7
Mcor.14333 0.0000000 0.6711487 0.6710871 0.3996861 0.3313917 0.6416640 0.6724393 
Mcor.12834 0.6711487 0.0000000 0.1396664 0.7162411 0.7007720 0.0987461 0.1642213 
Mcor.13005 0.6710871 0.1396664 0.0000000 0.6433641 0.6667588 0.1432044 0.1236329 
Mcor.13501 0.3996861 0.7162411 0.6433641 0.0000000 0.2168399 0.6718032 0.6709398 
Mcor.12417 0.3313917 0.7007720 0.6667588 0.2168399 0.0000000 0.6361117 0.6669146 
Mcor.11500 0.6416640 0.0987461 0.1432044 0.6718032 0.6361117 0.0000000 0.1518360 
Mcor.14110 0.6724393 0.1642213 0.1236329 0.6709398 0.6669146 0.1518360 0.0000000 
