10
Hdim.9492  0.0000000 0.3127380 0.3254544 0.3254544 0.5376176 0.3678138 0.6315326 0.4492701 0.4492701 0.6458742 
Hdim.5426  0.3127380 0.0000000 0.3756852 0.3756852 0.3584285 0.2873043 0.5563711 0.3236396 0.3236396 0.5153084 
Hdim.2256  0.3254544 0.3756852 0.0000000 0.0000010 0.4704150 0.3228621 0.6135779 0.3894535 0.3894535 0.7135187 
Hdim.3632  0.3254544 0.3756852 0.0000010 0.0000000 0.4704150 0.3228621 0.6135779 0.3894535 0.3894535 0.7135187 
Hdim.11995 0.5376176 0.3584285 0.4704150 0.4704150 0.0000000 0.3724507 0.4158280 0.4573022 0.4573022 0.6973596 
Hdim.512   0.3678138 0.2873043 0.3228621 0.3228621 0.3724507 0.0000000 0.5184941 0.3221678 0.3221678 0.5544200 
Hdim.13036 0.6315326 0.5563711 0.6135779 0.6135779 0.4158280 0.5184941 0.0000000 0.6547159 0.6547159 0.9125240 
Hdim.2181  0.4492701 0.3236396 0.3894535 0.3894535 0.4573022 0.3221678 0.6547159 0.0000000 0.0000010 0.5341491 
Hdim.2185  0.4492701 0.3236396 0.3894535 0.3894535 0.4573022 0.3221678 0.6547159 0.0000010 0.0000000 0.5341491 
Hdim.9840  0.6458742 0.5153084 0.7135187 0.7135187 0.6973596 0.5544200 0.9125240 0.5341491 0.5341491 0.0000000 
