9
Mlig.6406  0.0000000 0.0000010 0.2205124 0.2205124 0.2290043 0.2287082 0.0011831 0.2220529 0.2191234 
Mlig.23603 0.0000010 0.0000000 0.2205124 0.2205124 0.2290043 0.2287082 0.0011831 0.2220529 0.2191234 
Mlig.24275 0.2205124 0.2205124 0.0000000 0.0000010 0.0190484 0.0213913 0.2208117 0.0011771 0.0011765 
Mlig.48471 0.2205124 0.2205124 0.0000010 0.0000000 0.0190484 0.0213913 0.2208117 0.0011771 0.0011765 
Mlig.15954 0.2290043 0.2290043 0.0190484 0.0190484 0.0000000 0.0058878 0.2293167 0.0202554 0.0202442 
Mlig.26854 0.2287082 0.2287082 0.0213913 0.0213913 0.0058878 0.0000000 0.2290198 0.0225982 0.0225857 
Mlig.6407  0.0011831 0.0011831 0.2208117 0.2208117 0.2293167 0.2290198 0.0000000 0.2223545 0.2194208 
Mlig.25513 0.2220529 0.2220529 0.0011771 0.0011771 0.0202554 0.0225982 0.2223545 0.0000000 0.0023549 
Mlig.48472 0.2191234 0.2191234 0.0011765 0.0011765 0.0202442 0.0225857 0.2194208 0.0023549 0.0000000 
