33
Smed.12655 0.0000000 0.0690161 0.1239178 0.0681352 0.0887127 0.0696826 0.1043186 0.0884603 0.0876876 0.0686653 0.0884599 0.0511414 0.1277422 0.1050202 0.0886111 0.1229260 0.0961217 0.0687510 0.0855896 0.0876817 0.1053784 0.1038480 0.0859920 0.0867781 0.0870323 0.1037009 0.1056963 0.0681699 0.0690146 0.1435473 0.0689879 0.1054915 0.0961217 
Smed.7875  0.0690161 0.0000000 0.0513824 0.0337322 0.0526900 0.0345017 0.0337935 0.0525497 0.0711710 0.0339940 0.0525466 0.0168810 0.1109874 0.0692995 0.0526581 0.1046623 0.0702373 0.0340371 0.0508534 0.0520745 0.0695224 0.0859753 0.0510779 0.0515432 0.0516936 0.0858545 0.0872476 0.0337513 0.0341646 0.1064979 0.0341461 0.0696020 0.0702373 
Smed.10940 0.1239178 0.0513824 0.0000000 0.0863769 0.1080951 0.0883573 0.0865453 0.1077733 0.1277722 0.0870579 0.1077753 0.0690847 0.1712979 0.0880797 0.1079388 0.1612375 0.1261079 0.0871668 0.1042226 0.1068257 0.0874180 0.1411715 0.1047370 0.0698584 0.1060195 0.1409703 0.1053809 0.0864188 0.0875096 0.1263938 0.0874827 0.0875154 0.1261079 
Smed.24473 0.0681352 0.0337322 0.0863769 0.0000000 0.0520061 0.0340628 0.0679627 0.0343841 0.0702359 0.0335669 0.0518665 0.0166709 0.1094612 0.0684115 0.0519755 0.1033107 0.0693259 0.0336089 0.0438122 0.0514062 0.0686284 0.0848823 0.0504347 0.0508884 0.0510350 0.0847636 0.1045482 0.0333302 0.0337332 0.1050982 0.0337151 0.0687062 0.0693259 
Smed.6219  0.0887127 0.0526900 0.1080951 0.0520061 0.0000000 0.0532163 0.0884807 0.0720721 0.0868341 0.0524192 0.0720700 0.0347036 0.1334654 0.0890107 0.0722096 0.1255872 0.0903092 0.0524866 0.0696879 0.0714156 0.0893901 0.1060742 0.0696713 0.0703319 0.0708780 0.1059208 0.1271686 0.0520346 0.0526901 0.1278696 0.0526654 0.0703854 0.0903092 
Smed.24256 0.0696826 0.0345017 0.0883573 0.0340628 0.0532163 0.0000000 0.0695024 0.0530730 0.0718773 0.0343297 0.0530699 0.0170498 0.1120907 0.0699713 0.0531833 0.1056445 0.0709263 0.0343736 0.0513452 0.0525897 0.0701986 0.0867883 0.0515740 0.0520481 0.0522015 0.0866643 0.1069394 0.0340822 0.0345027 0.1075147 0.0344839 0.0702796 0.0709263 
Smed.17592 0.1043186 0.0337935 0.0865453 0.0679627 0.0884807 0.0695024 0.0000000 0.0882298 0.1075331 0.0684902 0.0882293 0.0510110 0.1492940 0.1047510 0.0883800 0.1406565 0.1055026 0.0685754 0.0853734 0.0874549 0.1051073 0.1212933 0.0857746 0.0865557 0.0868088 0.1211220 0.1231178 0.0679973 0.0688378 0.1431762 0.0688111 0.1052198 0.1055026 
Smed.14238 0.0884603 0.0525497 0.1077733 0.0343841 0.0720721 0.0530730 0.0882298 0.0000000 0.0912589 0.0522805 0.0718671 0.0346150 0.1330315 0.0888329 0.0720061 0.1252071 0.0900473 0.0523475 0.0601945 0.0712165 0.0891335 0.1057658 0.0698227 0.0704719 0.0706820 0.1056133 0.1267776 0.0518979 0.0525499 0.1274740 0.0525252 0.0892340 0.0900473 
Smed.9727  0.0876876 0.0711710 0.1277722 0.0702359 0.0868341 0.0718773 0.1075331 0.0912589 0.0000000 0.0707982 0.0912587 0.0527357 0.1096964 0.1082771 0.0914164 0.1453312 0.1097587 0.0708890 0.0882124 0.0904340 0.1086589 0.1253073 0.0886419 0.0894749 0.0897445 0.1251256 0.1471969 0.0702724 0.0711692 0.1480197 0.0711416 0.1050845 0.1097587 
Smed.3539  0.0686653 0.0339940 0.0870579 0.0335669 0.0524192 0.0343297 0.0684902 0.0522805 0.0707982 0.0000000 0.0522774 0.0167985 0.1103696 0.0689458 0.0523879 0.1041167 0.0698741 0.0338688 0.0506013 0.0518101 0.0691663 0.0855377 0.0508235 0.0512841 0.0514330 0.0854172 0.1053738 0.0335858 0.0339950 0.1059319 0.0339767 0.0692451 0.0698741 
Smed.13513 0.0884599 0.0525466 0.1077753 0.0518665 0.0720700 0.0530699 0.0882293 0.0718671 0.0912587 0.0522774 0.0000000 0.0346119 0.1330377 0.0888324 0.0720040 0.1252117 0.0900470 0.0523444 0.0694967 0.0352440 0.0891331 0.1057674 0.0698205 0.0704697 0.0706798 0.1056149 0.1132448 0.0518949 0.0525468 0.1235969 0.0525221 0.0892336 0.0900470 
Smed.16046 0.0511414 0.0168810 0.0690847 0.0166709 0.0347036 0.0170498 0.0510110 0.0346150 0.0527357 0.0167985 0.0346119 0.0000000 0.0911510 0.0513486 0.0346923 0.0861441 0.0520443 0.0168199 0.0335086 0.0343004 0.0515078 0.0679535 0.0336507 0.0339546 0.0340528 0.0678579 0.0871696 0.0166807 0.0168819 0.0876264 0.0168715 0.0515681 0.0520443 
Smed.21883 0.1277422 0.1109874 0.1712979 0.1094612 0.1334654 0.1120907 0.1492940 0.1330315 0.1096964 0.1103696 0.1330377 0.0911510 0.0000000 0.1503646 0.1074927 0.1892836 0.1524492 0.1105129 0.1098082 0.1077229 0.1509485 0.1677623 0.1291143 0.1303681 0.1307743 0.1675142 0.1918590 0.1095127 0.1109769 0.1929843 0.1109539 0.1511044 0.1524492 
Smed.21302 0.1050202 0.0692995 0.0880797 0.0684115 0.0890107 0.0699713 0.1047510 0.0888329 0.1082771 0.0689458 0.0888324 0.0513486 0.1503646 0.0000000 0.0889846 0.1415418 0.1068689 0.0690321 0.0859374 0.0880479 0.1058192 0.1220227 0.0508165 0.0169234 0.0873932 0.1219319 0.1433812 0.0684464 0.0692980 0.1440974 0.0692711 0.1059332 0.1068689 
Smed.8889  0.0886111 0.0526581 0.1079388 0.0519755 0.0722096 0.0531833 0.0883800 0.0720061 0.0914164 0.0523879 0.0720040 0.0346923 0.1074927 0.0889846 0.0000000 0.1252948 0.0814301 0.0173196 0.0696286 0.0518383 0.0892861 0.1058254 0.0699535 0.0706046 0.0708153 0.1057743 0.1269492 0.0520039 0.0526582 0.1276465 0.0369206 0.0893867 0.0814301 
Smed.19310 0.1229260 0.1046623 0.1612375 0.1033107 0.1255872 0.1056445 0.1406565 0.1252071 0.1453312 0.1041167 0.1252117 0.0861441 0.1892836 0.1415418 0.1252948 0.0000000 0.1047562 0.1041423 0.1211140 0.1241316 0.1421210 0.0168104 0.1217240 0.1228394 0.1232002 0.1212186 0.1618896 0.1033575 0.1046541 0.1815948 0.0867677 0.1422627 0.1047562 
Smed.20447 0.0961217 0.0702373 0.1261079 0.0693259 0.0903092 0.0709263 0.1055026 0.0900473 0.1097587 0.0698741 0.0900470 0.0520443 0.1524492 0.1068689 0.0814301 0.1047562 0.0000000 0.0603081 0.0870772 0.0892426 0.1072404 0.0860483 0.0874953 0.0883077 0.0885706 0.1049033 0.1363173 0.0693616 0.0702357 0.1460919 0.0512626 0.1073569 0.0000010 
Smed.14940 0.0687510 0.0340371 0.0871668 0.0336089 0.0524866 0.0343736 0.0685754 0.0523475 0.0708890 0.0338688 0.0523444 0.0168199 0.1105129 0.0690321 0.0173196 0.1041423 0.0603081 0.0000000 0.0506642 0.0518759 0.0692532 0.0855139 0.0508869 0.0513486 0.0514979 0.0855219 0.1055044 0.0336278 0.0340381 0.1060640 0.0179267 0.0693322 0.0603081 
Smed.10422 0.0855896 0.0508534 0.1042226 0.0438122 0.0696879 0.0513452 0.0853734 0.0601945 0.0882124 0.0506013 0.0694967 0.0335086 0.1098082 0.0859374 0.0696286 0.1211140 0.0870772 0.0506642 0.0000000 0.0688866 0.0862181 0.1023523 0.0675806 0.0681894 0.0683863 0.1022094 0.1225824 0.0502428 0.0508537 0.1232327 0.0508302 0.0863128 0.0870772 
Smed.14711 0.0876817 0.0520745 0.1068257 0.0514062 0.0714156 0.0525897 0.0874549 0.0712165 0.0904340 0.0518101 0.0352440 0.0343004 0.1077229 0.0880479 0.0518383 0.1241316 0.0892426 0.0518759 0.0688866 0.0000000 0.0883433 0.1048545 0.0692047 0.0698429 0.0700494 0.1047046 0.1122172 0.0514341 0.0520747 0.1263602 0.0520504 0.0884422 0.0892426 
Smed.25950 0.1053784 0.0695224 0.0874180 0.0686284 0.0893901 0.0701986 0.1051073 0.0891335 0.1086589 0.0691663 0.0891331 0.0515078 0.1509485 0.1058192 0.0892861 0.1421210 0.1072404 0.0692532 0.0862181 0.0883433 0.0000000 0.1225297 0.0866282 0.0874258 0.0876839 0.1223553 0.1058250 0.0686636 0.0695209 0.1252595 0.0694939 0.0695203 0.1072404 
Smed.18950 0.1038480 0.0859753 0.1411715 0.0848823 0.1060742 0.0867883 0.1212933 0.1057658 0.1253073 0.0855377 0.1057674 0.0679535 0.1677623 0.1220227 0.1058254 0.0168104 0.0860483 0.0855139 0.1023523 0.1048545 0.1225297 0.0000000 0.1028456 0.1037783 0.1040800 0.1024301 0.1417459 0.0849229 0.0859712 0.1609547 0.0684338 0.1226557 0.0860483 
Smed.18045 0.0859920 0.0510779 0.1047370 0.0504347 0.0696713 0.0515740 0.0857746 0.0698227 0.0886419 0.0508235 0.0698205 0.0336507 0.1291143 0.0508165 0.0699535 0.1217240 0.0874953 0.0508869 0.0675806 0.0692047 0.0866282 0.1028456 0.0000000 0.0336063 0.0686995 0.1027013 0.1232084 0.0504616 0.0510781 0.1238662 0.0510545 0.0867237 0.0874953 
Smed.18357 0.0867781 0.0515432 0.0698584 0.0508884 0.0703319 0.0520481 0.0865557 0.0704719 0.0894749 0.0512841 0.0704697 0.0339546 0.1303681 0.0169234 0.0706046 0.1228394 0.0883077 0.0513486 0.0681894 0.0698429 0.0874258 0.1037783 0.0336063 0.0000000 0.0693284 0.1036313 0.1243514 0.0509157 0.0515434 0.1249397 0.0515194 0.0875229 0.0883077 
Smed.13422 0.0870323 0.0516936 0.1060195 0.0510350 0.0708780 0.0522015 0.0868088 0.0706820 0.0897445 0.0514330 0.0706798 0.0340528 0.1307743 0.0873932 0.0708153 0.1232002 0.0885706 0.0514979 0.0683863 0.0700494 0.0876839 0.1040800 0.0686995 0.0693284 0.0000000 0.1039323 0.1247213 0.0510625 0.0170290 0.0884158 0.0516698 0.0877814 0.0885706 
Smed.17719 0.1037009 0.0858545 0.1409703 0.0847636 0.1059208 0.0866643 0.1211220 0.1056133 0.1251256 0.0854172 0.1056149 0.0678579 0.1675142 0.1219319 0.1057743 0.1212186 0.1049033 0.0855219 0.1022094 0.1047046 0.1223553 0.1024301 0.1027013 0.1036313 0.1039323 0.0000000 0.1415433 0.0503877 0.0858505 0.1607244 0.0858240 0.1224810 0.1049033 
Smed.5077  0.1056963 0.0872476 0.1053809 0.1045482 0.1271686 0.1069394 0.1231178 0.1267776 0.1471969 0.1053738 0.1132448 0.0871696 0.1918590 0.1433812 0.1269492 0.1618896 0.1363173 0.1055044 0.1225824 0.1122172 0.1058250 0.1417459 0.1232084 0.1243514 0.1247213 0.1415433 0.0000000 0.1045958 0.1059240 0.1839707 0.1059005 0.1059391 0.1363173 
Smed.3680  0.0681699 0.0337513 0.0864188 0.0333302 0.0520346 0.0340822 0.0679973 0.0518979 0.0702724 0.0335858 0.0518949 0.0166807 0.1095127 0.0684464 0.0520039 0.1033575 0.0693616 0.0336278 0.0502428 0.0514341 0.0686636 0.0849229 0.0504616 0.0509157 0.0510625 0.0503877 0.1045958 0.0000000 0.0337522 0.1051462 0.0337342 0.0687414 0.0693616 
Smed.338   0.0690146 0.0341646 0.0875096 0.0337332 0.0526901 0.0345027 0.0688378 0.0525499 0.0711692 0.0339950 0.0525468 0.0168819 0.1109769 0.0692980 0.0526582 0.1046541 0.0702357 0.0340381 0.0508537 0.0520747 0.0695209 0.0859712 0.0510781 0.0515434 0.0170290 0.0858505 0.1059240 0.0337522 0.0000000 0.0700959 0.0341471 0.0696005 0.0702357 
Smed.581   0.1435473 0.1064979 0.1263938 0.1050982 0.1278696 0.1075147 0.1431762 0.1274740 0.1480197 0.1059319 0.1235969 0.0876264 0.1929843 0.1440974 0.1276465 0.1815948 0.1460919 0.1060640 0.1232327 0.1263602 0.1252595 0.1609547 0.1238662 0.1249397 0.0884158 0.1607244 0.1839707 0.1051462 0.0700959 0.0000000 0.1064656 0.1448434 0.1460919 
Smed.5826  0.0689879 0.0341461 0.0874827 0.0337151 0.0526654 0.0344839 0.0688111 0.0525252 0.0711416 0.0339767 0.0525221 0.0168715 0.1109539 0.0692711 0.0369206 0.0867677 0.0512626 0.0179267 0.0508302 0.0520504 0.0694939 0.0684338 0.0510545 0.0515194 0.0516698 0.0858240 0.1059005 0.0337342 0.0341471 0.1064656 0.0000000 0.0695735 0.0512626 
Smed.3196  0.1054915 0.0696020 0.0875154 0.0687062 0.0703854 0.0702796 0.1052198 0.0892340 0.1050845 0.0692451 0.0892336 0.0515681 0.1511044 0.1059332 0.0893867 0.1422627 0.1073569 0.0693322 0.0863128 0.0884422 0.0695203 0.1226557 0.0867237 0.0875229 0.0877814 0.1224810 0.1059391 0.0687414 0.0696005 0.1448434 0.0695735 0.0000000 0.1073569 
Smed.24239 0.0961217 0.0702373 0.1261079 0.0693259 0.0903092 0.0709263 0.1055026 0.0900473 0.1097587 0.0698741 0.0900470 0.0520443 0.1524492 0.1068689 0.0814301 0.1047562 0.0000010 0.0603081 0.0870772 0.0892426 0.1072404 0.0860483 0.0874953 0.0883077 0.0885706 0.1049033 0.1363173 0.0693616 0.0702357 0.1460919 0.0512626 0.1073569 0.0000000 
