6
Hmic.8755  0.0000000 0.0047208 0.0047208 0.0381730 0.0381730 0.0333745 
Hmic.8767  0.0047208 0.0000000 0.0000010 0.0433909 0.0433909 0.0385378 
Hmic.8771  0.0047208 0.0000010 0.0000000 0.0433909 0.0433909 0.0385378 
Hmic.8759  0.0381730 0.0433909 0.0433909 0.0000000 0.0000010 0.0047185 
Hmic.8762  0.0381730 0.0433909 0.0433909 0.0000010 0.0000000 0.0047185 
Hmic.8765  0.0333745 0.0385378 0.0385378 0.0047185 0.0047185 0.0000000 
