17
Hdim.13153 0.0000000 8.9999984 9.0000000 8.0664990 6.8918840 7.0172873 8.2311234 7.7248151 7.8117374 7.2311834 5.4529404 6.7894182 7.5632959 6.7273488 6.9134392 8.9999981 8.9999983 
Hdim.11696 8.9999984 0.0000000 3.8871254 0.3974464 0.3948882 0.3579703 0.5961138 0.3957956 0.3288972 0.3339616 0.5350874 0.3257710 0.3326219 0.4099384 0.3393661 0.4359864 0.6994838 
Hdim.13294 9.0000000 3.8871254 0.0000000 4.0727798 2.8909716 3.4738856 3.5566608 2.8896116 3.0214991 3.0343652 3.3061468 3.6815726 3.2231467 3.1099411 3.6013855 5.5033133 2.9411968 
Hdim.7653  8.0664990 0.3974464 4.0727798 0.0000000 0.2358822 0.1923848 0.3937388 0.2361377 0.1769872 0.1792724 0.3430590 0.2403482 0.1788454 0.2444025 0.1814428 0.2551977 0.3552187 
Hdim.3281  6.8918840 0.3948882 2.8909716 0.2358822 0.0000000 0.1918195 0.3912685 0.1138779 0.1765419 0.1788094 0.2450027 0.2395131 0.1783863 0.2435308 0.1809618 0.3996770 0.4915962 
Hdim.11442 7.0172873 0.3579703 3.4738856 0.1923848 0.1918195 0.0000000 0.2542825 0.1919907 0.1285455 0.1302965 0.2980666 0.1955756 0.1300155 0.1994221 0.1319025 0.3625669 0.4631859 
Hdim.11755 8.2311234 0.5961138 3.5566608 0.3937388 0.3912685 0.2542825 0.0000000 0.3921433 0.3262292 0.3311806 0.5280600 0.2547443 0.3298775 0.4059503 0.3364509 0.6048297 0.3786454 
Hdim.3609  7.7248151 0.3957956 2.8896116 0.2361377 0.1138779 0.1919907 0.3921433 0.0000000 0.0569859 0.1789471 0.3394409 0.2397816 0.1783715 0.2438121 0.1186174 0.4006219 0.4929695 
Hdim.4152  7.8117374 0.3288972 3.0214991 0.1769872 0.1765419 0.1285455 0.3262292 0.0569859 0.0000000 0.1193329 0.2729843 0.1797136 0.1188134 0.1830951 0.0593395 0.3328144 0.4301908 
Hdim.11871 7.2311834 0.3339616 3.0343652 0.1792724 0.1788094 0.1302965 0.3311806 0.1789471 0.1193329 0.0000000 0.2691256 0.1820729 0.1206120 0.1855327 0.1222231 0.2623697 0.4365428 
Hdim.10713 5.4529404 0.5350874 3.3061468 0.3430590 0.2450027 0.2980666 0.5280600 0.3394409 0.2729843 0.2691256 0.0000000 0.3465333 0.2761345 0.3518492 0.2813404 0.5273360 0.6311758 
Hdim.7863  6.7894182 0.3257710 3.6815726 0.2403482 0.2395131 0.1955756 0.2547443 0.2397816 0.1797136 0.1820729 0.3465333 0.0000000 0.1816285 0.2482857 0.1843196 0.3296239 0.3613371 
Hdim.10157 7.5632959 0.3326219 3.2231467 0.1788454 0.1783863 0.1300155 0.3298775 0.1783715 0.1188134 0.1206120 0.2761345 0.1816285 0.0000000 0.1850690 0.0719587 0.3366277 0.4345652 
Hdim.8257  6.7273488 0.4099384 3.1099411 0.2444025 0.2435308 0.1994221 0.4059503 0.2438121 0.1830951 0.1855327 0.3518492 0.2482857 0.1850690 0.0000000 0.1878602 0.4151011 0.3693012 
Hdim.11512 6.9134392 0.3393661 3.6013855 0.1814428 0.1809618 0.1319025 0.3364509 0.1186174 0.0593395 0.1222231 0.2813404 0.1843196 0.0719587 0.1878602 0.0000000 0.3435814 0.4438105 
Hdim.4514  8.9999981 0.4359864 5.5033133 0.2551977 0.3996770 0.3625669 0.6048297 0.4006219 0.3328144 0.2623697 0.5273360 0.3296239 0.3366277 0.4151011 0.3435814 0.0000000 0.5370956 
Hdim.9368  8.9999983 0.6994838 2.9411968 0.3552187 0.4915962 0.4631859 0.3786454 0.4929695 0.4301908 0.4365428 0.6311758 0.3613371 0.4345652 0.3693012 0.4438105 0.5370956 0.0000000 
