8
Mlig.19898 0.0000000 0.0042683 0.6101163 0.6101163 0.6101163 0.8304284 0.8286427 0.8380326 
Mlig.19899 0.0042683 0.0000000 0.6096693 0.6096693 0.6096693 0.8297029 0.8279207 0.8372952 
Mlig.34154 0.6101163 0.6096693 0.0000000 0.0000010 0.0000010 0.5585559 0.5575329 0.5665030 
Mlig.34155 0.6101163 0.6096693 0.0000010 0.0000000 0.0000010 0.5585559 0.5575329 0.5665030 
Mlig.46026 0.6101163 0.6096693 0.0000010 0.0000010 0.0000000 0.5585559 0.5575329 0.5665030 
Mlig.17670 0.8304284 0.8297029 0.5585559 0.5585559 0.5585559 0.0000000 0.0042519 0.0128114 
Mlig.31059 0.8286427 0.8279207 0.5575329 0.5575329 0.5575329 0.0042519 0.0000000 0.0084947 
Mlig.35046 0.8380326 0.8372952 0.5665030 0.5665030 0.5665030 0.0128114 0.0084947 0.0000000 
