6
Smed.24781 0.0000000 0.4946500 1.0149134 1.0149134 0.7106910 0.7141479 
Smed.27988 0.4946500 0.0000000 1.3161636 1.3161636 0.8538489 0.8518630 
Smed.23690 1.0149134 1.3161636 0.0000000 0.0000010 0.8559500 0.8405632 
Smed.27124 1.0149134 1.3161636 0.0000010 0.0000000 0.8559500 0.8405632 
Smed.27128 0.7106910 0.8538489 0.8559500 0.8559500 0.0000000 0.0309709 
Smed.27316 0.7141479 0.8518630 0.8405632 0.8405632 0.0309709 0.0000000 
