6
Mlig.5109  0.0000000 0.0000010 0.0039739 0.3657596 0.3657596 0.3609635 
Mlig.5108  0.0000010 0.0000000 0.0039739 0.3657596 0.3657596 0.3609635 
Mlig.25764 0.0039739 0.0039739 0.0000000 0.3656235 0.3656235 0.3608289 
Mlig.16938 0.3657596 0.3657596 0.3656235 0.0000000 0.0000010 0.0080654 
Mlig.16939 0.3657596 0.3657596 0.3656235 0.0000010 0.0000000 0.0080654 
Mlig.35263 0.3609635 0.3609635 0.3608289 0.0080654 0.0080654 0.0000000 
