6
Mlig.22355 0.0000000 0.0000010 0.0000010 0.6833677 0.6716411 0.6607684 
Mlig.30173 0.0000010 0.0000000 0.0000010 0.6833677 0.6716411 0.6607684 
Mlig.30174 0.0000010 0.0000010 0.0000000 0.6833677 0.6716411 0.6607684 
Mlig.34950 0.6833677 0.6833677 0.6833677 0.0000000 0.0095249 0.0143412 
Mlig.7391  0.6716411 0.6716411 0.6716411 0.0095249 0.0000000 0.0095502 
Mlig.7392  0.6607684 0.6607684 0.6607684 0.0143412 0.0095502 0.0000000 
