6
Mlig.43159 0.0000000 0.6407828 0.6605881 0.0488848 0.0488848 0.0488848 
Mlig.38552 0.6407828 0.0000000 0.0098972 0.5744000 0.5744000 0.5744000 
Mlig.38553 0.6605881 0.0098972 0.0000000 0.5929385 0.5929385 0.5929385 
Mlig.43160 0.0488848 0.5744000 0.5929385 0.0000000 0.0000010 0.0000010 
Mlig.43161 0.0488848 0.5744000 0.5929385 0.0000010 0.0000000 0.0000010 
Mlig.43162 0.0488848 0.5744000 0.5929385 0.0000010 0.0000010 0.0000000 
