9
Mlig.13232 0.0000000 0.0157095 0.0104038 0.5827765 0.5827765 0.5827765 0.4509823 0.4509823 0.4519940 
Mlig.33941 0.0157095 0.0000000 0.0156769 0.5900762 0.5900762 0.5900762 0.4518846 0.4518846 0.4529042 
Mlig.44409 0.0104038 0.0156769 0.0000000 0.5790906 0.5790906 0.5790906 0.4439991 0.4439991 0.4449959 
Mlig.35512 0.5827765 0.5900762 0.5790906 0.0000000 0.0000010 0.0000010 0.4103986 0.4103986 0.4198251 
Mlig.35513 0.5827765 0.5900762 0.5790906 0.0000010 0.0000000 0.0000010 0.4103986 0.4103986 0.4198251 
Mlig.19509 0.5827765 0.5900762 0.5790906 0.0000010 0.0000010 0.0000000 0.4103986 0.4103986 0.4198251 
Mlig.47785 0.4509823 0.4518846 0.4439991 0.4103986 0.4103986 0.4103986 0.0000000 0.0000010 0.0051074 
Mlig.47786 0.4509823 0.4518846 0.4439991 0.4103986 0.4103986 0.4103986 0.0000010 0.0000000 0.0051074 
Mlig.47787 0.4519940 0.4529042 0.4449959 0.4198251 0.4198251 0.4198251 0.0051074 0.0051074 0.0000000 
