25
Smed.14408 0.0000000 0.2803234 0.9691536 0.9589791 1.1346944 1.1198254 1.1676974 1.1513862 1.1513862 1.1446414 1.1431179 1.3059959 0.8757049 0.8196105 0.8165492 0.9146103 1.0214016 0.9034105 1.1815337 1.1277698 1.1330927 1.2765288 1.4043868 1.3020952 1.2076080 
Smed.3032  0.2803234 0.0000000 1.1333622 1.1184887 1.1549229 1.1055548 1.1097149 1.0941298 1.0941298 1.2452736 1.2682995 1.3609423 1.0002355 0.9489016 0.9451097 1.0949447 1.1471900 1.1012354 1.1950542 1.2284246 1.2337670 1.2690823 1.3643089 1.3981141 1.3783258 
Smed.1889  0.9691536 1.1333622 0.0000000 0.0067085 1.3864790 1.4546728 1.3203487 1.3400396 1.3400396 1.3725339 1.4227704 1.5102204 1.3452898 1.3115398 1.3098242 0.2207449 1.2415020 0.9486155 1.1151885 1.3381609 1.3273486 1.1809380 1.2586947 1.5601299 1.2572837 
Smed.1892  0.9589791 1.1184887 0.0067085 0.0000000 1.3701863 1.4414149 1.3041635 1.3237543 1.3237543 1.3592824 1.4091854 1.4925734 1.3472361 1.2993583 1.2976490 0.2302928 1.2294979 0.9381400 1.1000768 1.3388426 1.3280314 1.1656328 1.2429957 1.5415166 1.2414711 
Smed.3091  1.1346944 1.1549229 1.3864790 1.3701863 0.0000000 0.4103106 0.4086483 0.3985730 0.3985730 0.4497764 0.4298456 0.4233332 1.5693001 1.4892927 1.4857765 1.2735277 0.2366856 1.0054503 1.1537948 0.4319900 0.4258468 1.1140395 1.1545665 1.5595241 1.3225645 
Smed.3087  1.1198254 1.1055548 1.4546728 1.4414149 0.4103106 0.0000000 0.1645984 0.1564334 0.1564334 0.4340958 0.4167056 0.5312866 1.3947825 1.1974293 1.2023272 1.3402015 0.3038913 0.8746788 1.1717533 0.4425083 0.4448427 1.1262508 1.2205740 1.4845219 1.4907784 
Smed.2789  1.1676974 1.1097149 1.3203487 1.3041635 0.4086483 0.1645984 0.0000000 0.0066393 0.0066393 0.4654203 0.4472947 0.5081345 1.3116001 1.2937961 1.2951733 1.2011000 0.3891763 0.8338929 1.1131259 0.4686346 0.4710192 1.0343983 1.0948133 1.4988387 1.3537959 
Smed.20353 1.1513862 1.0941298 1.3400396 1.3237543 0.3985730 0.1564334 0.0066393 0.0000000 0.0000010 0.4549694 0.4369539 0.4966781 1.2944199 1.2755604 1.2768778 1.1842425 0.3792840 0.8203126 1.1103736 0.4577268 0.4600961 1.0188351 1.0788689 1.5211435 1.3355898 
Smed.22525 1.1513862 1.0941298 1.3400396 1.3237543 0.3985730 0.1564334 0.0066393 0.0000010 0.0000000 0.4549694 0.4369539 0.4966781 1.2944199 1.2755604 1.2768778 1.1842425 0.3792840 0.8203126 1.1103736 0.4577268 0.4600961 1.0188351 1.0788689 1.5211435 1.3355898 
Smed.248   1.1446414 1.2452736 1.3725339 1.3592824 0.4497764 0.4340958 0.4654203 0.4549694 0.4549694 0.0000000 0.0269701 0.3772006 1.5764131 1.4031913 1.4157200 1.1887700 0.3636526 0.8494432 1.1894600 0.4158049 0.4059810 1.2970779 1.2961752 1.8048665 1.4728505 
Smed.8151  1.1431179 1.2682995 1.4227704 1.4091854 0.4298456 0.4167056 0.4472947 0.4369539 0.4369539 0.0269701 0.0000000 0.3840018 1.5740856 1.4083646 1.4209069 1.2325060 0.3450173 0.8716145 1.2004685 0.4018118 0.3920430 1.2974770 1.2944849 1.8794076 1.4886713 
Smed.28162 1.3059959 1.3609423 1.5102204 1.4925734 0.4233332 0.5312866 0.5081345 0.4966781 0.4966781 0.3772006 0.3840018 0.0000000 1.5501020 1.3402285 1.3294371 1.3438259 0.5001908 1.1057166 1.2635472 0.4111178 0.4013044 1.3316706 1.2310188 1.7988954 1.5380879 
Smed.3741  0.8757049 1.0002355 1.3452898 1.3472361 1.5693001 1.3947825 1.3116001 1.2944199 1.2944199 1.5764131 1.5740856 1.5501020 0.0000000 0.7490149 0.7351737 1.1688831 1.5435906 1.2423219 1.4768315 1.5581231 1.5636930 1.4800174 1.3307654 1.3845352 1.4227248 
Smed.2441  0.8196105 0.9489016 1.3115398 1.2993583 1.4892927 1.1974293 1.2937961 1.2755604 1.2755604 1.4031913 1.4083646 1.3402285 0.7490149 0.0000000 0.0131379 1.1365832 1.3490421 1.2432904 1.3761122 1.2064985 1.2096069 1.4373948 1.3237060 1.1961553 1.4828036 
Smed.2442  0.8165492 0.9451097 1.3098242 1.2976490 1.4857765 1.2023272 1.2951733 1.2768778 1.2768778 1.4157200 1.4209069 1.3294371 0.7351737 0.0131379 0.0000000 1.1349900 1.3749621 1.2354045 1.3771984 1.2304021 1.2335067 1.4288450 1.2987707 1.2365818 1.4671652 
Smed.14226 0.9146103 1.0949447 0.2207449 0.2302928 1.2735277 1.3402015 1.2011000 1.1842425 1.1842425 1.1887700 1.2325060 1.3438259 1.1688831 1.1365832 1.1349900 0.0000000 1.1742888 0.9346864 1.1144593 1.1752285 1.1783333 1.1401226 1.1553756 1.4476511 1.1718198 
Smed.5283  1.0214016 1.1471900 1.2415020 1.2294979 0.2366856 0.3038913 0.3891763 0.3792840 0.3792840 0.3636526 0.3450173 0.5001908 1.5435906 1.3490421 1.3749621 1.1742888 0.0000000 0.8627654 1.1500934 0.3590251 0.3536344 1.1499630 1.2762583 1.5868749 1.4484565 
Smed.369   0.9034105 1.1012354 0.9486155 0.9381400 1.0054503 0.8746788 0.8338929 0.8203126 0.8203126 0.8494432 0.8716145 1.1057166 1.2423219 1.2432904 1.2354045 0.9346864 0.8627654 0.0000000 1.0362739 0.8676029 0.8680746 1.0863261 1.1246377 1.5157327 1.0871071 
Smed.547   1.1815337 1.1950542 1.1151885 1.1000768 1.1537948 1.1717533 1.1131259 1.1103736 1.1103736 1.1894600 1.2004685 1.2635472 1.4768315 1.3761122 1.3771984 1.1144593 1.1500934 1.0362739 0.0000000 1.1123138 1.1142036 1.2288277 1.1768407 1.6554075 1.3188552 
Smed.19740 1.1277698 1.2284246 1.3381609 1.3388426 0.4319900 0.4425083 0.4686346 0.4577268 0.4577268 0.4158049 0.4018118 0.4111178 1.5581231 1.2064985 1.2304021 1.1752285 0.3590251 0.8676029 1.1123138 0.0000000 0.0065372 1.2103431 1.2726831 1.5194800 1.3474003 
Smed.21924 1.1330927 1.2337670 1.3273486 1.3280314 0.4258468 0.4448427 0.4710192 0.4600961 0.4600961 0.4059810 0.3920430 0.4013044 1.5636930 1.2096069 1.2335067 1.1783333 0.3536344 0.8680746 1.1142036 0.0065372 0.0000000 1.2133871 1.2748142 1.5226757 1.3479860 
Smed.2699  1.2765288 1.2690823 1.1809380 1.1656328 1.1140395 1.1262508 1.0343983 1.0188351 1.0188351 1.2970779 1.2974770 1.3316706 1.4800174 1.4373948 1.4288450 1.1401226 1.1499630 1.0863261 1.2288277 1.2103431 1.2133871 0.0000000 0.3047241 1.3493211 1.5069145 
Smed.5097  1.4043868 1.3643089 1.2586947 1.2429957 1.1545665 1.2205740 1.0948133 1.0788689 1.0788689 1.2961752 1.2944849 1.2310188 1.3307654 1.3237060 1.2987707 1.1553756 1.2762583 1.1246377 1.1768407 1.2726831 1.2748142 0.3047241 0.0000000 1.5027299 1.4772813 
Smed.13664 1.3020952 1.3981141 1.5601299 1.5415166 1.5595241 1.4845219 1.4988387 1.5211435 1.5211435 1.8048665 1.8794076 1.7988954 1.3845352 1.1961553 1.2365818 1.4476511 1.5868749 1.5157327 1.6554075 1.5194800 1.5226757 1.3493211 1.5027299 0.0000000 1.3340757 
Smed.26390 1.2076080 1.3783258 1.2572837 1.2414711 1.3225645 1.4907784 1.3537959 1.3355898 1.3355898 1.4728505 1.4886713 1.5380879 1.4227248 1.4828036 1.4671652 1.1718198 1.4484565 1.0871071 1.3188552 1.3474003 1.3479860 1.5069145 1.4772813 1.3340757 0.0000000 
