8
Mlig.46729 0.0000000 0.0111596 0.0224389 0.0561544 0.0561544 0.2248648 0.2248648 0.2427073 
Mlig.46731 0.0111596 0.0000000 0.0110515 0.0687819 0.0687819 0.2427073 0.2427073 0.2262211 
Mlig.46730 0.0224389 0.0110515 0.0000000 0.0806887 0.0806887 0.2574469 0.2574469 0.2407073 
Mlig.19017 0.0561544 0.0687819 0.0806887 0.0000000 0.0000010 0.2531170 0.2531170 0.2715381 
Mlig.19018 0.0561544 0.0687819 0.0806887 0.0000010 0.0000000 0.2531170 0.2531170 0.2715381 
Mlig.19055 0.2248648 0.2427073 0.2574469 0.2531170 0.2531170 0.0000000 0.0000010 0.0109088 
Mlig.32797 0.2248648 0.2427073 0.2574469 0.2531170 0.2531170 0.0000010 0.0000000 0.0109088 
Mlig.19056 0.2427073 0.2262211 0.2407073 0.2715381 0.2715381 0.0109088 0.0109088 0.0000000 
