7
Mlig.2439  0.0000000 0.0113463 1.0141813 1.0048608 0.9576400 0.9576400 0.9481184 
Mlig.11253 0.0113463 0.0000000 1.0185951 1.0092523 0.9375089 0.9375089 0.9281064 
Mlig.29368 1.0141813 1.0185951 0.0000000 0.0073319 0.6490192 0.6490192 0.6256360 
Mlig.29369 1.0048608 1.0092523 0.0073319 0.0000000 0.6422370 0.6422370 0.6189430 
Mlig.16615 0.9576400 0.9375089 0.6490192 0.6422370 0.0000000 0.0000010 0.0220546 
Mlig.16616 0.9576400 0.9375089 0.6490192 0.6422370 0.0000010 0.0000000 0.0220546 
Mlig.46176 0.9481184 0.9281064 0.6256360 0.6189430 0.0220546 0.0220546 0.0000000 
