6
Mcor.12181 0.0000000 0.4334762 0.3680991 0.2927300 0.4346015 0.4148055 
Mcor.11535 0.4334762 0.0000000 0.4423368 0.3342864 0.4007054 0.4046996 
Mcor.9728  0.3680991 0.4423368 0.0000000 0.3060871 0.2925422 0.2894402 
Mcor.10206 0.2927300 0.3342864 0.3060871 0.0000000 0.2999234 0.3248523 
Mcor.9730  0.4346015 0.4007054 0.2925422 0.2999234 0.0000000 0.3332818 
Mcor.11475 0.4148055 0.4046996 0.2894402 0.3248523 0.3332818 0.0000000 
