8
Mlig.46872 0.0000000 0.0093060 0.0023124 0.5813090 0.5813090 0.5777060 0.5518664 0.5544873 
Mlig.46870 0.0093060 0.0000000 0.0069731 0.5880766 0.5880766 0.5844546 0.5621447 0.5647745 
Mlig.46871 0.0023124 0.0069731 0.0000000 0.5780983 0.5780983 0.5745028 0.5523764 0.5549941 
Mlig.15903 0.5813090 0.5880766 0.5780983 0.0000000 0.0000010 0.0057103 0.2814550 0.2826310 
Mlig.15904 0.5813090 0.5880766 0.5780983 0.0000010 0.0000000 0.0057103 0.2814550 0.2826310 
Mlig.16079 0.5777060 0.5844546 0.5745028 0.0057103 0.0057103 0.0000000 0.2783522 0.2795289 
Mlig.8419  0.5518664 0.5621447 0.5523764 0.2814550 0.2814550 0.2783522 0.0000000 0.0034325 
Mlig.8420  0.5544873 0.5647745 0.5549941 0.2826310 0.2826310 0.2795289 0.0034325 0.0000000 
