13
Smed.19213 0.0000000 0.1046497 0.0954716 0.1157651 0.0955943 0.1046497 0.1046497 0.0953067 0.0689984 0.0865110 0.1044576 1.5663928 1.4303427 
Smed.15525 0.1046497 0.0000000 0.0234750 0.0238671 0.0393735 0.0000010 0.0000010 0.0077505 0.0314827 0.0155969 0.0314023 1.5184791 1.2768744 
Smed.22371 0.0954716 0.0234750 0.0000000 0.0319318 0.0313500 0.0234750 0.0234750 0.0155540 0.0235017 0.0077625 0.0077215 1.5362492 1.2869332 
Smed.15523 0.1157651 0.0238671 0.0319318 0.0000000 0.0482025 0.0238671 0.0238671 0.0158127 0.0401488 0.0238671 0.0400455 1.5706637 1.3366800 
Smed.25201 0.0955943 0.0393735 0.0313500 0.0482025 0.0000000 0.0393735 0.0393735 0.0313028 0.0235295 0.0234328 0.0234524 1.4918863 1.2781397 
Smed.24667 0.1046497 0.0000010 0.0234750 0.0238671 0.0393735 0.0000000 0.0000010 0.0077505 0.0314827 0.0155969 0.0314023 1.5184791 1.2768744 
Smed.27367 0.1046497 0.0000010 0.0234750 0.0238671 0.0393735 0.0000010 0.0000000 0.0077505 0.0314827 0.0155969 0.0314023 1.5184791 1.2768744 
Smed.20319 0.0953067 0.0077505 0.0155540 0.0158127 0.0313028 0.0077505 0.0077505 0.0000000 0.0234664 0.0077511 0.0234063 1.5037741 1.2659247 
Smed.19212 0.0689984 0.0314827 0.0235017 0.0401488 0.0235295 0.0314827 0.0314827 0.0234664 0.0000000 0.0156153 0.0314366 1.4693989 1.2362739 
Smed.13194 0.0865110 0.0155969 0.0077625 0.0238671 0.0234328 0.0155969 0.0155969 0.0077511 0.0156153 0.0000000 0.0155750 1.5043349 1.2613609 
Smed.18809 0.1044576 0.0314023 0.0077215 0.0400455 0.0234524 0.0314023 0.0314023 0.0234063 0.0314366 0.0155750 0.0000000 1.5256283 1.3010196 
Smed.5393  1.5663928 1.5184791 1.5362492 1.5706637 1.4918863 1.5184791 1.5184791 1.5037741 1.4693989 1.5043349 1.5256283 0.0000000 1.0286612 
Smed.10560 1.4303427 1.2768744 1.2869332 1.3366800 1.2781397 1.2768744 1.2768744 1.2659247 1.2362739 1.2613609 1.3010196 1.0286612 0.0000000 
