6
Mlig.32660 0.0000000 1.4140598 1.4002331 1.4130065 1.6126057 1.6175345 
Mlig.40669 1.4140598 0.0000000 0.0073923 0.0036893 1.2562729 1.2775358 
Mlig.40670 1.4002331 0.0073923 0.0000000 0.0036895 1.2792673 1.2960444 
Mlig.40671 1.4130065 0.0036893 0.0036895 0.0000000 1.2668372 1.2882613 
Mlig.13397 1.6126057 1.2562729 1.2792673 1.2668372 0.0000000 0.0188682 
Mlig.36727 1.6175345 1.2775358 1.2960444 1.2882613 0.0188682 0.0000000 
