8
Ecan.11271 0.0000000 0.4432962 0.0414841 0.0000010 0.0000010 0.0000010 0.2573129 0.1322445 
Ecan.11310 0.4432962 0.0000000 0.5135728 0.4432962 0.4432962 0.4432962 0.5967283 0.4694011 
Ecan.10889 0.0414841 0.5135728 0.0000000 0.0414841 0.0414841 0.0414841 0.2552203 0.0863628 
Ecan.10790 0.0000010 0.4432962 0.0414841 0.0000000 0.0000010 0.0000010 0.2573129 0.1322445 
Ecan.10731 0.0000010 0.4432962 0.0414841 0.0000010 0.0000000 0.0000010 0.2573129 0.1322445 
Ecan.10763 0.0000010 0.4432962 0.0414841 0.0000010 0.0000010 0.0000000 0.2573129 0.1322445 
Ecan.11140 0.2573129 0.5967283 0.2552203 0.2573129 0.2573129 0.2573129 0.0000000 0.1952220 
Ecan.11337 0.1322445 0.4694011 0.0863628 0.1322445 0.1322445 0.1322445 0.1952220 0.0000000 
