9
Sjap.9771  0.0000000 0.5233482 0.5121803 0.5617998 0.5397515 0.4734781 0.5153208 0.6524964 0.5121803 
Sjap.5129  0.5233482 0.0000000 0.1011206 0.2879491 0.2294603 0.2019388 0.1322284 0.1855649 0.1011206 
Sjap.5424  0.5121803 0.1011206 0.0000000 0.2672965 0.1912072 0.1927570 0.0274571 0.0720360 0.0000010 
Sjap.4333  0.5617998 0.2879491 0.2672965 0.0000000 0.2121201 0.1951352 0.3044247 0.3738495 0.2672965 
Sjap.6460  0.5397515 0.2294603 0.1912072 0.2121201 0.0000000 0.1581765 0.2246387 0.2838238 0.1912072 
Sjap.810   0.4734781 0.2019388 0.1927570 0.1951352 0.1581765 0.0000000 0.2264360 0.2860577 0.1927570 
Sjap.5745  0.5153208 0.1322284 0.0274571 0.3044247 0.2246387 0.2264360 0.0000000 0.1024800 0.0274571 
Sjap.5912  0.6524964 0.1855649 0.0720360 0.3738495 0.2838238 0.2860577 0.1024800 0.0000000 0.0720360 
Sjap.9463  0.5121803 0.1011206 0.0000010 0.2672965 0.1912072 0.1927570 0.0274571 0.0720360 0.0000000 
