7
Mlig.44688 0.0000000 0.0191660 0.7105569 0.7138835 0.7138835 0.7165763 0.7165763 
Mlig.48039 0.0191660 0.0000000 0.7124623 0.7157963 0.7157963 0.7184993 0.7184993 
Mlig.5141  0.7105569 0.7124623 0.0000000 0.0156520 0.0156520 0.0138952 0.0138952 
Mlig.5145  0.7138835 0.7157963 0.0156520 0.0000000 0.0000010 0.0017213 0.0017213 
Mlig.5146  0.7138835 0.7157963 0.0156520 0.0000010 0.0000000 0.0017213 0.0017213 
Mlig.5142  0.7165763 0.7184993 0.0138952 0.0017213 0.0017213 0.0000000 0.0000010 
Mlig.5143  0.7165763 0.7184993 0.0138952 0.0017213 0.0017213 0.0000010 0.0000000 
