6
Mlig.25059 0.0000000 0.0080715 0.0080720 0.8985529 0.8985529 0.8863675 
Mlig.25057 0.0080715 0.0000000 0.0080547 0.8888765 0.8888765 0.8767933 
Mlig.25058 0.0080720 0.0080547 0.0000000 0.8949066 0.8949066 0.8827901 
Mlig.46774 0.8985529 0.8888765 0.8949066 0.0000000 0.0000010 0.0160060 
Mlig.46776 0.8985529 0.8888765 0.8949066 0.0000010 0.0000000 0.0160060 
Mlig.46775 0.8863675 0.8767933 0.8827901 0.0160060 0.0160060 0.0000000 
