8
Mlig.44220 0.0000000 0.6118992 0.6075704 0.6118992 0.6118992 0.4131768 0.4131768 0.4131768 
Mlig.13197 0.6118992 0.0000000 0.0032174 0.0064772 0.0000010 0.5792181 0.5792181 0.5792181 
Mlig.13198 0.6075704 0.0032174 0.0000000 0.0097256 0.0032174 0.5751184 0.5751184 0.5751184 
Mlig.13199 0.6118992 0.0064772 0.0097256 0.0000000 0.0064772 0.5730685 0.5730685 0.5730685 
Mlig.13200 0.6118992 0.0000010 0.0032174 0.0064772 0.0000000 0.5792181 0.5792181 0.5792181 
Mlig.25451 0.4131768 0.5792181 0.5751184 0.5730685 0.5792181 0.0000000 0.0000010 0.0000010 
Mlig.25452 0.4131768 0.5792181 0.5751184 0.5730685 0.5792181 0.0000010 0.0000000 0.0000010 
Mlig.25453 0.4131768 0.5792181 0.5751184 0.5730685 0.5792181 0.0000010 0.0000010 0.0000000 
