10
Smed.11566 0.0000000 1.3964824 1.4188887 1.0075944 1.0511579 1.0469749 0.9463658 0.8918959 1.0431944 1.0124020 
Smed.26070 1.3964824 0.0000000 2.0419271 1.3798468 1.3858940 1.1892715 1.3019083 1.3964651 1.3425240 1.4369485 
Smed.18765 1.4188887 2.0419271 0.0000000 1.0253423 1.0526630 1.0229325 0.9651918 0.9964093 1.0609961 0.9943114 
Smed.12459 1.0075944 1.3798468 1.0253423 0.0000000 0.0825702 0.0822066 0.0399170 0.0609311 0.0813110 0.1050153 
Smed.28594 1.0511579 1.3858940 1.0526630 0.0825702 0.0000000 0.0840045 0.0407523 0.0622392 0.0830701 0.1073860 
Smed.28158 1.0469749 1.1892715 1.0229325 0.0822066 0.0840045 0.0000000 0.0405841 0.0619703 0.0827016 0.1068781 
Smed.5479  0.9463658 1.3019083 0.9651918 0.0399170 0.0407523 0.0405841 0.0000000 0.0200458 0.0401360 0.0621650 
Smed.9474  0.8918959 1.3964651 0.9964093 0.0609311 0.0622392 0.0619703 0.0200458 0.0000000 0.0612826 0.0630673 
Smed.23621 1.0431944 1.3425240 1.0609961 0.0813110 0.0830701 0.0827016 0.0401360 0.0612826 0.0000000 0.1056847 
Smed.25958 1.0124020 1.4369485 0.9943114 0.1050153 0.1073860 0.1068781 0.0621650 0.0630673 0.1056847 0.0000000 
