6
Mlig.2835  0.0000000 0.4367264 0.4408518 0.3979023 0.3934633 0.3979023 
Mlig.15238 0.4367264 0.0000000 0.0052654 0.0947261 0.0996458 0.0947261 
Mlig.27743 0.4408518 0.0052654 0.0000000 0.1016394 0.1001179 0.1016394 
Mlig.31719 0.3979023 0.0947261 0.1016394 0.0000000 0.0131821 0.0000010 
Mlig.12855 0.3934633 0.0996458 0.1001179 0.0131821 0.0000000 0.0131821 
Mlig.31718 0.3979023 0.0947261 0.1016394 0.0000010 0.0131821 0.0000000 
