7
Hdim.6816  0.0000000 0.8571645 1.3483797 0.8039777 0.8039777 0.8039777 0.8039777 
Hdim.763   0.8571645 0.0000000 1.5302544 0.8785194 0.8785194 0.8785194 0.8785194 
Hdim.3766  1.3483797 1.5302544 0.0000000 1.3609362 1.3609362 1.3609362 1.3609362 
Hdim.4501  0.8039777 0.8785194 1.3609362 0.0000000 0.0000010 0.0000010 0.0000010 
Hdim.4504  0.8039777 0.8785194 1.3609362 0.0000010 0.0000000 0.0000010 0.0000010 
Hdim.10674 0.8039777 0.8785194 1.3609362 0.0000010 0.0000010 0.0000000 0.0000010 
Hdim.10676 0.8039777 0.8785194 1.3609362 0.0000010 0.0000010 0.0000010 0.0000000 
