9
Mlig.16654 0.0000000 1.3452252 0.7777526 0.7777526 0.7777526 0.7777526 0.7777526 1.3113253 1.3302487 
Mlig.35254 1.3452252 0.0000000 1.3117176 1.3117176 1.3117176 1.3117176 1.3117176 0.0172285 0.0114724 
Mlig.32327 0.7777526 1.3117176 0.0000000 0.0000010 0.0000010 0.0000010 0.0000010 1.2793438 1.2976063 
Mlig.46321 0.7777526 1.3117176 0.0000010 0.0000000 0.0000010 0.0000010 0.0000010 1.2793438 1.2976063 
Mlig.46322 0.7777526 1.3117176 0.0000010 0.0000010 0.0000000 0.0000010 0.0000010 1.2793438 1.2976063 
Mlig.46323 0.7777526 1.3117176 0.0000010 0.0000010 0.0000010 0.0000000 0.0000010 1.2793438 1.2976063 
Mlig.46324 0.7777526 1.3117176 0.0000010 0.0000010 0.0000010 0.0000010 0.0000000 1.2793438 1.2976063 
Mlig.2659  1.3113253 0.0172285 1.2793438 1.2793438 1.2793438 1.2793438 1.2793438 0.0000000 0.0057165 
Mlig.33919 1.3302487 0.0114724 1.2976063 1.2976063 1.2976063 1.2976063 1.2976063 0.0057165 0.0000000 
