6
Mlig.31200 0.0000000 0.1242366 0.1242366 0.4641978 0.4610286 0.4585322 
Mlig.30827 0.1242366 0.0000000 0.0000010 0.5769406 0.5735248 0.5707808 
Mlig.44966 0.1242366 0.0000010 0.0000000 0.5769406 0.5735248 0.5707808 
Mlig.5773  0.4641978 0.5769406 0.5769406 0.0000000 0.0036643 0.0055038 
Mlig.5772  0.4610286 0.5735248 0.5735248 0.0036643 0.0000000 0.0018293 
Mlig.5774  0.4585322 0.5707808 0.5707808 0.0055038 0.0018293 0.0000000 
