6
Mlig.43157 0.0000000 0.0035427 0.0071055 0.8718086 0.8718086 0.8757002 
Mlig.43158 0.0035427 0.0000000 0.0035373 0.8687440 0.8687440 0.8726209 
Mlig.43156 0.0071055 0.0035373 0.0000000 0.8708825 0.8708825 0.8747594 
Mlig.29768 0.8718086 0.8687440 0.8708825 0.0000000 0.0000010 0.0018112 
Mlig.29766 0.8718086 0.8687440 0.8708825 0.0000010 0.0000000 0.0018112 
Mlig.29767 0.8757002 0.8726209 0.8747594 0.0018112 0.0018112 0.0000000 
