6
Mlig.9669  0.0000000 0.0000010 0.3947590 0.3092479 0.3168201 0.3133156 
Mlig.45888 0.0000010 0.0000000 0.3947590 0.3092479 0.3168201 0.3133156 
Mlig.42830 0.3947590 0.3947590 0.0000000 0.4098732 0.4099408 0.4094462 
Mlig.44995 0.3092479 0.3092479 0.4098732 0.0000000 0.0100108 0.0085562 
Mlig.10006 0.3168201 0.3168201 0.4099408 0.0100108 0.0000000 0.0042676 
Mlig.44996 0.3133156 0.3133156 0.4094462 0.0085562 0.0042676 0.0000000 
