10
Csin.4367  0.0000000 0.6097323 0.8840786 0.1467500 0.1315902 0.1792115 0.1315902 0.1315902 0.1315902 0.1638388 
Csin.3576  0.6097323 0.0000000 2.0671160 0.6840616 0.6624882 0.7431479 0.6624882 0.6624882 0.6624882 0.7180020 
Csin.5276  0.8840786 2.0671160 0.0000000 0.7207651 0.7154490 0.7416767 0.7154490 0.7154490 0.7154490 0.7310256 
Csin.4955  0.1467500 0.6840616 0.7207651 0.0000000 0.0133729 0.0833344 0.0133729 0.0133729 0.0133729 0.0135239 
Csin.4400  0.1315902 0.6624882 0.7154490 0.0133729 0.0000000 0.0691971 0.0000010 0.0000010 0.0000010 0.0271042 
Csin.9934  0.1792115 0.7431479 0.7416767 0.0833344 0.0691971 0.0000000 0.0691971 0.0691971 0.0691971 0.0985885 
Csin.4944  0.1315902 0.6624882 0.7154490 0.0133729 0.0000010 0.0691971 0.0000000 0.0000010 0.0000010 0.0271042 
Csin.5239  0.1315902 0.6624882 0.7154490 0.0133729 0.0000010 0.0691971 0.0000010 0.0000000 0.0000010 0.0271042 
Csin.10687 0.1315902 0.6624882 0.7154490 0.0133729 0.0000010 0.0691971 0.0000010 0.0000010 0.0000000 0.0271042 
Csin.4479  0.1638388 0.7180020 0.7310256 0.0135239 0.0271042 0.0985885 0.0271042 0.0271042 0.0271042 0.0000000 
