9
Ecan.11093 0.0000000 0.5095673 0.4498246 0.3440487 0.2930726 0.2930726 0.4594152 0.4670265 0.5221183 
Ecan.11389 0.5095673 0.0000000 0.0377603 0.1180062 0.2564923 0.2564923 0.2045531 0.3018345 0.2548581 
Ecan.11421 0.4498246 0.0377603 0.0000000 0.0765888 0.2078561 0.2078561 0.1593181 0.2519211 0.2066884 
Ecan.11376 0.3440487 0.1180062 0.0765888 0.0000000 0.1197994 0.1197994 0.1599462 0.1617776 0.2058566 
Ecan.11122 0.2930726 0.2564923 0.2078561 0.1197994 0.0000000 0.0000010 0.2111796 0.1202214 0.1633945 
Ecan.11281 0.2930726 0.2564923 0.2078561 0.1197994 0.0000010 0.0000000 0.2111796 0.1202214 0.1633945 
Ecan.10995 0.4594152 0.2045531 0.1593181 0.1599462 0.2111796 0.2111796 0.0000000 0.0778780 0.1190624 
Ecan.11348 0.4670265 0.3018345 0.2519211 0.1617776 0.1202214 0.1202214 0.0778780 0.0000000 0.0377606 
Ecan.11009 0.5221183 0.2548581 0.2066884 0.2058566 0.1633945 0.1633945 0.1190624 0.0377606 0.0000000 
