8
Mlig.20476 0.0000000 0.3554564 0.3554564 0.0059664 0.0059664 0.0059664 0.1025173 0.1025173 
Mlig.27385 0.3554564 0.0000000 0.0000010 0.3433944 0.3433944 0.3433944 0.3913058 0.3913058 
Mlig.27386 0.3554564 0.0000010 0.0000000 0.3433944 0.3433944 0.3433944 0.3913058 0.3913058 
Mlig.20474 0.0059664 0.3433944 0.3433944 0.0000000 0.0000010 0.0000010 0.0947567 0.0947567 
Mlig.2658  0.0059664 0.3433944 0.3433944 0.0000010 0.0000000 0.0000010 0.0947567 0.0947567 
Mlig.20475 0.0059664 0.3433944 0.3433944 0.0000010 0.0000010 0.0000000 0.0947567 0.0947567 
Mlig.2945  0.1025173 0.3913058 0.3913058 0.0947567 0.0947567 0.0947567 0.0000000 0.0000010 
Mlig.2947  0.1025173 0.3913058 0.3913058 0.0947567 0.0947567 0.0947567 0.0000010 0.0000000 
