16
Hdim.2893  0.0000000 1.5187107 1.2478459 1.4834635 1.2925012 1.5656768 1.5176290 1.4637920 1.3895071 1.5047555 1.3893549 1.3646962 1.4644588 1.4343292 2.2566187 1.4343292 
Hdim.14412 1.5187107 0.0000000 0.2059130 0.2426578 0.3332398 0.2315002 0.2314410 0.1806834 0.2574880 0.1566868 0.1685079 0.1431246 0.1636854 0.3158842 0.3859541 0.3158842 
Hdim.838   1.2478459 0.2059130 0.0000000 0.1399755 0.1137789 0.1344991 0.0720596 0.0887243 0.0985780 0.1910404 0.1706694 0.1232446 0.1955928 0.1440720 0.1877458 0.1440720 
Hdim.13753 1.4834635 0.2426578 0.1399755 0.0000000 0.2255168 0.1412826 0.0761563 0.0923623 0.1401799 0.2094400 0.2133436 0.1828067 0.2034065 0.2323899 0.3090470 0.2323899 
Hdim.12499 1.2925012 0.3332398 0.1137789 0.2255168 0.0000000 0.1946638 0.1554151 0.1667099 0.1400048 0.2927999 0.2598647 0.2092149 0.2868074 0.2309017 0.2674245 0.2309017 
Hdim.13553 1.5656768 0.2315002 0.1344991 0.1412826 0.1946638 0.0000000 0.0726508 0.1366481 0.2169944 0.1470297 0.2228182 0.1754991 0.2498912 0.2130377 0.2453312 0.2130377 
Hdim.3519  1.5176290 0.2314410 0.0720596 0.0761563 0.1554151 0.0726508 0.0000000 0.0732671 0.1553506 0.1376024 0.2217995 0.1102165 0.1902610 0.1617399 0.1978040 0.1617399 
Hdim.9062  1.4637920 0.1806834 0.0887243 0.0923623 0.1667099 0.1366481 0.0732671 0.0000000 0.1156290 0.2025938 0.2062837 0.1253266 0.1464598 0.1727008 0.1904511 0.1727008 
Hdim.12399 1.3895071 0.2574880 0.0985780 0.1401799 0.1400048 0.2169944 0.1553506 0.1156290 0.0000000 0.2681227 0.2377373 0.2092010 0.2294658 0.2309184 0.3075831 0.2309184 
Hdim.2989  1.5047555 0.1566868 0.1910404 0.2094400 0.2927999 0.1470297 0.1376024 0.2025938 0.2681227 0.0000000 0.1594433 0.1142649 0.1845296 0.2508880 0.2956175 0.2508880 
Hdim.2313  1.3893549 0.1685079 0.1706694 0.2133436 0.2598647 0.2228182 0.2217995 0.2062837 0.2377373 0.1594433 0.0000000 0.1378203 0.1877595 0.2733044 0.2879365 0.2733044 
Hdim.10239 1.3646962 0.1431246 0.1232446 0.1828067 0.2092149 0.1754991 0.1102165 0.1253266 0.2092010 0.1142649 0.1378203 0.0000000 0.1124958 0.1919221 0.2570405 0.1919221 
Hdim.8914  1.4644588 0.1636854 0.1955928 0.2034065 0.2868074 0.2498912 0.1902610 0.1464598 0.2294658 0.1845296 0.1877595 0.1124958 0.0000000 0.2178510 0.2914875 0.2178510 
Hdim.1637  1.4343292 0.3158842 0.1440720 0.2323899 0.2309017 0.2130377 0.1617399 0.1727008 0.2309184 0.2508880 0.2733044 0.1919221 0.2178510 0.0000000 0.0000010 0.0000010 
Hdim.3329  2.2566187 0.3859541 0.1877458 0.3090470 0.2674245 0.2453312 0.1978040 0.1904511 0.3075831 0.2956175 0.2879365 0.2570405 0.2914875 0.0000010 0.0000000 0.0000010 
Hdim.3330  1.4343292 0.3158842 0.1440720 0.2323899 0.2309017 0.2130377 0.1617399 0.1727008 0.2309184 0.2508880 0.2733044 0.1919221 0.2178510 0.0000010 0.0000010 0.0000000 
