7
Mlig.31000 0.0000000 0.0137465 0.0177244 1.0085382 1.0241079 1.0241079 1.0131842 
Mlig.31001 0.0137465 0.0000000 0.0117437 1.0246267 1.0387476 1.0387476 1.0277716 
Mlig.31002 0.0177244 0.0117437 0.0000000 1.0257302 1.0346539 1.0346539 1.0237170 
Mlig.33808 1.0085382 1.0246267 1.0257302 0.0000000 0.7453909 0.7453909 0.7436744 
Mlig.4279  1.0241079 1.0387476 1.0346539 0.7453909 0.0000000 0.0000010 0.0058614 
Mlig.4280  1.0241079 1.0387476 1.0346539 0.7453909 0.0000010 0.0000000 0.0058614 
Mlig.4281  1.0131842 1.0277716 1.0237170 0.7436744 0.0058614 0.0058614 0.0000000 
