7
Mlig.28829 0.0000000 0.7030214 0.6939817 0.6973353 0.6973353 0.6973353 0.7036125 
Mlig.2891  0.7030214 0.0000000 0.0056217 0.0028081 0.0028081 0.0028081 0.0056269 
Mlig.776   0.6939817 0.0056217 0.0000000 0.0028066 0.0028066 0.0028066 0.0056238 
Mlig.778   0.6973353 0.0028081 0.0028066 0.0000000 0.0000010 0.0000010 0.0028092 
Mlig.772   0.6973353 0.0028081 0.0028066 0.0000010 0.0000000 0.0000010 0.0028092 
Mlig.774   0.6973353 0.0028081 0.0028066 0.0000010 0.0000010 0.0000000 0.0028092 
Mlig.780   0.7036125 0.0056269 0.0056238 0.0028092 0.0028092 0.0028092 0.0000000 
