26
Treg.272   0.0000000 0.2536538 0.2118150 0.2767774 0.2536538 0.2536538 0.2522321 0.2536538 0.2787007 0.2202652 0.1802056 0.1635525 0.2689039 0.2467148 0.2932834 0.2667908 0.2192026 0.2431025 0.2529348 0.2943410 0.2536538 0.2605522 0.2950551 0.2866852 0.2536538 0.2689039 
Treg.5391  0.2536538 0.0000000 0.0830640 0.0160173 0.0000010 0.0000010 0.0105604 0.0000010 0.0269674 0.1107243 0.2994445 0.2338387 0.0105863 0.0377780 0.1159115 0.0321905 0.0896205 0.0582854 0.0212943 0.0497758 0.0000010 0.0052649 0.0571090 0.0215744 0.0000010 0.0105863 
Treg.4530  0.2118150 0.0830640 0.0000000 0.0646634 0.0830640 0.0830640 0.0708232 0.0830640 0.0832427 0.1467748 0.2248591 0.2081426 0.0708033 0.0898181 0.0633129 0.0828552 0.0160700 0.0215943 0.0706012 0.1429368 0.0830640 0.0770723 0.1222404 0.0791041 0.0830640 0.0708033 
Treg.11137 0.2767774 0.0160173 0.0646634 0.0000000 0.0160173 0.0160173 0.0160337 0.0160173 0.0160639 0.1135922 0.3246370 0.2569902 0.0052995 0.0324236 0.0985793 0.0268602 0.0710121 0.0404722 0.0159906 0.0673946 0.0160173 0.0106576 0.0514906 0.0162016 0.0160173 0.0052995 
Treg.2310  0.2536538 0.0000010 0.0830640 0.0160173 0.0000000 0.0000010 0.0105604 0.0000010 0.0269674 0.1107243 0.2994445 0.2338387 0.0105863 0.0377780 0.1159115 0.0321905 0.0896205 0.0582854 0.0212943 0.0497758 0.0000010 0.0052649 0.0571090 0.0215744 0.0000010 0.0105863 
Treg.5392  0.2536538 0.0000010 0.0830640 0.0160173 0.0000010 0.0000000 0.0105604 0.0000010 0.0269674 0.1107243 0.2994445 0.2338387 0.0105863 0.0377780 0.1159115 0.0321905 0.0896205 0.0582854 0.0212943 0.0497758 0.0000010 0.0052649 0.0571090 0.0215744 0.0000010 0.0105863 
Treg.10431 0.2522321 0.0105604 0.0708232 0.0160337 0.0105604 0.0105604 0.0000000 0.0105604 0.0325427 0.1101860 0.2977410 0.2324874 0.0105968 0.0378203 0.1184662 0.0213085 0.0772480 0.0583592 0.0105715 0.0610773 0.0105604 0.0052700 0.0571804 0.0215973 0.0105604 0.0105968 
Treg.11261 0.2536538 0.0000010 0.0830640 0.0160173 0.0000010 0.0000010 0.0105604 0.0000000 0.0269674 0.1107243 0.2994445 0.2338387 0.0105863 0.0377780 0.1159115 0.0321905 0.0896205 0.0582854 0.0212943 0.0497758 0.0000010 0.0052649 0.0571090 0.0215744 0.0000010 0.0105863 
Treg.2500  0.2787007 0.0269674 0.0832427 0.0160639 0.0269674 0.0269674 0.0325427 0.0269674 0.0000000 0.1268740 0.3269818 0.2588100 0.0215125 0.0381451 0.0985494 0.0436041 0.0898054 0.0584310 0.0215000 0.0794692 0.0269674 0.0270395 0.0696133 0.0216841 0.0269674 0.0215125 
Treg.8622  0.2202652 0.1107243 0.1467748 0.1135922 0.1107243 0.1107243 0.1101860 0.1107243 0.1268740 0.0000000 0.2657206 0.2336291 0.1101567 0.1041788 0.2310673 0.1094433 0.1535290 0.1612144 0.1098285 0.1431383 0.1107243 0.1166261 0.1535198 0.1241284 0.1107243 0.1101567 
Treg.13795 0.1802056 0.2994445 0.2248591 0.3246370 0.2994445 0.2994445 0.2977410 0.2994445 0.3269818 0.2657206 0.0000000 0.1565218 0.3155274 0.2922581 0.3083000 0.2959344 0.2474514 0.2567152 0.2985967 0.3274852 0.2994445 0.3066393 0.3290549 0.3355280 0.2994445 0.3155274 
Treg.3761  0.1635525 0.2338387 0.2081426 0.2569902 0.2338387 0.2338387 0.2324874 0.2338387 0.2588100 0.2336291 0.1565218 0.0000000 0.2493408 0.2339652 0.2569809 0.2310801 0.2237275 0.2312474 0.2331499 0.2603709 0.2338387 0.2408896 0.2925403 0.2668666 0.2338387 0.2493408 
Treg.10695 0.2689039 0.0105863 0.0708033 0.0052995 0.0105863 0.0105863 0.0105968 0.0105863 0.0215125 0.1101567 0.3155274 0.2493408 0.0000000 0.0267855 0.1051884 0.0213029 0.0772263 0.0464003 0.0105688 0.0612296 0.0105863 0.0052829 0.0453712 0.0107073 0.0105863 0.0000010 
Treg.13654 0.2467148 0.0377780 0.0898181 0.0324236 0.0377780 0.0377780 0.0378203 0.0377780 0.0381451 0.1041788 0.2922581 0.2339652 0.0267855 0.0000000 0.1252814 0.0488693 0.1086494 0.0764657 0.0267705 0.0908370 0.0377780 0.0323213 0.0751039 0.0382140 0.0377780 0.0267855 
Treg.10339 0.2932834 0.1159115 0.0633129 0.0985793 0.1159115 0.1159115 0.1184662 0.1159115 0.0985494 0.2310673 0.3083000 0.2569809 0.1051884 0.1252814 0.0000000 0.1313532 0.0696045 0.0510755 0.1051599 0.1810672 0.1159115 0.1119579 0.1626209 0.1152509 0.1159115 0.1051884 
Treg.12238 0.2667908 0.0321905 0.0828552 0.0268602 0.0321905 0.0321905 0.0213085 0.0321905 0.0436041 0.1094433 0.2959344 0.2310801 0.0213029 0.0488693 0.1313532 0.0000000 0.0893912 0.0702141 0.0212509 0.0725325 0.0321905 0.0267758 0.0689144 0.0325606 0.0321905 0.0213029 
Treg.10983 0.2192026 0.0896205 0.0160700 0.0710121 0.0896205 0.0896205 0.0772480 0.0896205 0.0898054 0.1535290 0.2474514 0.2237275 0.0772263 0.1086494 0.0696045 0.0893912 0.0000000 0.0271901 0.0770025 0.1358554 0.0896205 0.0835765 0.1296827 0.0858282 0.0896205 0.0772263 
Treg.10480 0.2431025 0.0582854 0.0215943 0.0404722 0.0582854 0.0582854 0.0583592 0.0582854 0.0584310 0.1612144 0.2567152 0.2312474 0.0464003 0.0764657 0.0510755 0.0702141 0.0271901 0.0000000 0.0581807 0.1157562 0.0582854 0.0524301 0.0945846 0.0536964 0.0582854 0.0464003 
Treg.774   0.2529348 0.0212943 0.0706012 0.0159906 0.0212943 0.0212943 0.0105715 0.0212943 0.0215000 0.1098285 0.2985967 0.2331499 0.0105688 0.0267705 0.1051599 0.0212509 0.0770025 0.0581807 0.0000000 0.0727768 0.0212943 0.0159405 0.0570075 0.0215382 0.0212943 0.0105688 
Treg.12880 0.2943410 0.0497758 0.1429368 0.0673946 0.0497758 0.0497758 0.0610773 0.0497758 0.0794692 0.1431383 0.3274852 0.2603709 0.0612296 0.0908370 0.1810672 0.0725325 0.1358554 0.1157562 0.0727768 0.0000000 0.0497758 0.0553572 0.1003831 0.0737656 0.0497758 0.0612296 
Treg.5072  0.2536538 0.0000010 0.0830640 0.0160173 0.0000010 0.0000010 0.0105604 0.0000010 0.0269674 0.1107243 0.2994445 0.2338387 0.0105863 0.0377780 0.1159115 0.0321905 0.0896205 0.0582854 0.0212943 0.0497758 0.0000000 0.0052649 0.0571090 0.0215744 0.0000010 0.0105863 
Treg.5343  0.2605522 0.0052649 0.0770723 0.0106576 0.0052649 0.0052649 0.0052700 0.0052649 0.0270395 0.1166261 0.3066393 0.2408896 0.0052829 0.0323213 0.1119579 0.0267758 0.0835765 0.0524301 0.0159405 0.0553572 0.0052649 0.0000000 0.0513208 0.0161501 0.0052649 0.0052829 
Treg.982   0.2950551 0.0571090 0.1222404 0.0514906 0.0571090 0.0571090 0.0571804 0.0571090 0.0696133 0.1535198 0.3290549 0.2925403 0.0453712 0.0751039 0.1626209 0.0689144 0.1296827 0.0945846 0.0570075 0.1003831 0.0571090 0.0513208 0.0000000 0.0451392 0.0571090 0.0453712 
Treg.12330 0.2866852 0.0215744 0.0791041 0.0162016 0.0215744 0.0215744 0.0215973 0.0215744 0.0216841 0.1241284 0.3355280 0.2668666 0.0107073 0.0382140 0.1152509 0.0325606 0.0858282 0.0536964 0.0215382 0.0737656 0.0215744 0.0161501 0.0451392 0.0000000 0.0215744 0.0107073 
Treg.4700  0.2536538 0.0000010 0.0830640 0.0160173 0.0000010 0.0000010 0.0105604 0.0000010 0.0269674 0.1107243 0.2994445 0.2338387 0.0105863 0.0377780 0.1159115 0.0321905 0.0896205 0.0582854 0.0212943 0.0497758 0.0000010 0.0052649 0.0571090 0.0215744 0.0000000 0.0105863 
Treg.6439  0.2689039 0.0105863 0.0708033 0.0052995 0.0105863 0.0105863 0.0105968 0.0105863 0.0215125 0.1101567 0.3155274 0.2493408 0.0000010 0.0267855 0.1051884 0.0213029 0.0772263 0.0464003 0.0105688 0.0612296 0.0105863 0.0052829 0.0453712 0.0107073 0.0105863 0.0000000 
