8
Hdim.4343  0.0000000 0.7367768 0.4455713 0.3675964 1.1967288 0.4685746 0.2274657 0.3184584 
Hdim.10056 0.7367768 0.0000000 0.4917077 0.4065766 0.6331614 0.7423107 0.4890231 0.3500882 
Hdim.4326  0.4455713 0.4917077 0.0000000 0.3339472 1.1813178 0.3473295 0.2473009 0.1722369 
Hdim.5921  0.3675964 0.4065766 0.3339472 0.0000000 0.6869534 0.3801446 0.1810653 0.1094183 
Hdim.5973  1.1967288 0.6331614 1.1813178 0.6869534 0.0000000 0.9738766 0.7517549 0.6468663 
Hdim.5927  0.4685746 0.7423107 0.3473295 0.3801446 0.9738766 0.0000000 0.2386894 0.2181145 
Hdim.8745  0.2274657 0.4890231 0.2473009 0.1810653 0.7517549 0.2386894 0.0000000 0.0423044 
Hdim.9781  0.3184584 0.3500882 0.1722369 0.1094183 0.6468663 0.2181145 0.0423044 0.0000000 
