7
Mlig.46583 0.0000000 0.0000010 0.0000010 0.5499851 0.7975302 0.7940957 0.8028521 
Mlig.20400 0.0000010 0.0000000 0.0000010 0.5499851 0.7975302 0.7940957 0.8028521 
Mlig.20402 0.0000010 0.0000010 0.0000000 0.5499851 0.7975302 0.7940957 0.8028521 
Mlig.24030 0.5499851 0.5499851 0.5499851 0.0000000 0.5852455 0.5768774 0.5865468 
Mlig.23400 0.7975302 0.7975302 0.7975302 0.5852455 0.0000000 0.0166299 0.0166442 
Mlig.17843 0.7940957 0.7940957 0.7940957 0.5768774 0.0166299 0.0000000 0.0065996 
Mlig.23399 0.8028521 0.8028521 0.8028521 0.5865468 0.0166442 0.0065996 0.0000000 
