27
Mlig.48457 0.0000000 0.0216204 0.0216204 0.2091486 0.2091486 0.1134277 0.2664620 0.2664620 0.0215029 0.2664620 0.1134277 0.1134277 0.4139656 0.4879582 0.4346358 0.5034378 0.1379683 0.1379683 0.2664620 0.1107072 0.0443768 0.0885048 0.0000010 0.0000010 0.0000010 0.0433043 0.0215029 
Mlig.18677 0.0216204 0.0000000 0.0000010 0.2050761 0.2050761 0.0899691 0.2613929 0.2613929 0.0433043 0.2613929 0.0899691 0.0899691 0.3833863 0.4550532 0.4035155 0.4715721 0.1139757 0.1139757 0.2613929 0.0878085 0.0220024 0.1114044 0.0216204 0.0216204 0.0216204 0.0214697 0.0433043 
Mlig.41534 0.0216204 0.0000010 0.0000000 0.2050761 0.2050761 0.0899691 0.2613929 0.2613929 0.0433043 0.2613929 0.0899691 0.0899691 0.3833863 0.4550532 0.4035155 0.4715721 0.1139757 0.1139757 0.2613929 0.0878085 0.0220024 0.1114044 0.0216204 0.0216204 0.0216204 0.0214697 0.0433043 
Mlig.21340 0.2091486 0.2050761 0.2050761 0.0000000 0.0000010 0.1048966 0.0878023 0.0878023 0.2335755 0.0878023 0.1048966 0.1048966 0.5289534 0.5439991 0.4882097 0.6216209 0.1584211 0.1584211 0.0878023 0.1538489 0.1786988 0.1580043 0.2091486 0.2091486 0.2091486 0.2290818 0.2335755 
Mlig.21341 0.2091486 0.2050761 0.2050761 0.0000010 0.0000000 0.1048966 0.0878023 0.0878023 0.2335755 0.0878023 0.1048966 0.1048966 0.5289534 0.5439991 0.4882097 0.6216209 0.1584211 0.1584211 0.0878023 0.1538489 0.1786988 0.1580043 0.2091486 0.2091486 0.2091486 0.2290818 0.2335755 
Mlig.3184  0.1134277 0.0899691 0.0899691 0.1048966 0.1048966 0.0000000 0.1601891 0.1601891 0.1362643 0.1601891 0.0000010 0.0000010 0.3797961 0.3891122 0.3413706 0.4668716 0.0453882 0.0453882 0.1601891 0.0441069 0.0665530 0.0671141 0.1134277 0.1134277 0.1134277 0.1125806 0.1362643 
Mlig.21339 0.2664620 0.2613929 0.2613929 0.0878023 0.0878023 0.1601891 0.0000000 0.0000010 0.2909996 0.0000010 0.1601891 0.1601891 0.5673500 0.5838388 0.5262874 0.6610379 0.2150531 0.2150531 0.0000010 0.2089987 0.2343150 0.2144828 0.2664620 0.2664620 0.2664620 0.2855104 0.2909996 
Mlig.30348 0.2664620 0.2613929 0.2613929 0.0878023 0.0878023 0.1601891 0.0000010 0.0000000 0.2909996 0.0000010 0.1601891 0.1601891 0.5673500 0.5838388 0.5262874 0.6610379 0.2150531 0.2150531 0.0000010 0.2089987 0.2343150 0.2144828 0.2664620 0.2664620 0.2664620 0.2855104 0.2909996 
Mlig.8346  0.0215029 0.0433043 0.0433043 0.2335755 0.2335755 0.1362643 0.2909996 0.2909996 0.0000000 0.2909996 0.1362643 0.1362643 0.3784821 0.5163194 0.4619412 0.4653208 0.1128237 0.1128237 0.2909996 0.0869611 0.0666499 0.1107787 0.0215029 0.0215029 0.0215029 0.0212721 0.0000010 
Mlig.23367 0.2664620 0.2613929 0.2613929 0.0878023 0.0878023 0.1601891 0.0000010 0.0000010 0.2909996 0.0000000 0.1601891 0.1601891 0.5673500 0.5838388 0.5262874 0.6610379 0.2150531 0.2150531 0.0000010 0.2089987 0.2343150 0.2144828 0.2664620 0.2664620 0.2664620 0.2855104 0.2909996 
Mlig.3183  0.1134277 0.0899691 0.0899691 0.1048966 0.1048966 0.0000010 0.1601891 0.1601891 0.1362643 0.1601891 0.0000000 0.0000010 0.3797961 0.3891122 0.3413706 0.4668716 0.0453882 0.0453882 0.1601891 0.0441069 0.0665530 0.0671141 0.1134277 0.1134277 0.1134277 0.1125806 0.1362643 
Mlig.29127 0.1134277 0.0899691 0.0899691 0.1048966 0.1048966 0.0000010 0.1601891 0.1601891 0.1362643 0.1601891 0.0000010 0.0000000 0.3797961 0.3891122 0.3413706 0.4668716 0.0453882 0.0453882 0.1601891 0.0441069 0.0665530 0.0671141 0.1134277 0.1134277 0.1134277 0.1125806 0.1362643 
Mlig.19988 0.4139656 0.3833863 0.3833863 0.5289534 0.5289534 0.3797961 0.5673500 0.5673500 0.3784821 0.5673500 0.3797961 0.3797961 0.0000000 0.1475778 0.1154480 0.0641154 0.3506998 0.3506998 0.5673500 0.3766216 0.3518165 0.4731795 0.4139656 0.4139656 0.4139656 0.3489689 0.3784821 
Mlig.44491 0.4879582 0.4550532 0.4550532 0.5439991 0.5439991 0.3891122 0.5838388 0.5838388 0.5163194 0.5838388 0.3891122 0.3891122 0.1475778 0.0000000 0.0228519 0.2240731 0.4226056 0.4226056 0.5838388 0.4498858 0.4210225 0.4860686 0.4879582 0.4879582 0.4879582 0.4830994 0.5163194 
Mlig.44492 0.4346358 0.4035155 0.4035155 0.4882097 0.4882097 0.3413706 0.5262874 0.5262874 0.4619412 0.5262874 0.3413706 0.3413706 0.1154480 0.0228519 0.0000000 0.1878731 0.3729062 0.3729062 0.5262874 0.3992809 0.3713936 0.4332169 0.4346358 0.4346358 0.4346358 0.4305103 0.4619412 
Mlig.19989 0.5034378 0.4715721 0.4715721 0.6216209 0.6216209 0.4668716 0.6610379 0.6610379 0.4653208 0.6610379 0.4668716 0.4668716 0.0641154 0.2240731 0.1878731 0.0000000 0.4365756 0.4365756 0.6610379 0.4625594 0.4385681 0.5638702 0.5034378 0.5034378 0.5034378 0.4346234 0.4653208 
Mlig.19288 0.1379683 0.1139757 0.1139757 0.1584211 0.1584211 0.0453882 0.2150531 0.2150531 0.1128237 0.2150531 0.0453882 0.0453882 0.3506998 0.4226056 0.3729062 0.4365756 0.0000000 0.0000010 0.2150531 0.0451953 0.0899241 0.1167773 0.1379683 0.1379683 0.1379683 0.0895059 0.1128237 
Mlig.19289 0.1379683 0.1139757 0.1139757 0.1584211 0.1584211 0.0453882 0.2150531 0.2150531 0.1128237 0.2150531 0.0453882 0.0453882 0.3506998 0.4226056 0.3729062 0.4365756 0.0000010 0.0000000 0.2150531 0.0451953 0.0899241 0.1167773 0.1379683 0.1379683 0.1379683 0.0895059 0.1128237 
Mlig.29128 0.2664620 0.2613929 0.2613929 0.0878023 0.0878023 0.1601891 0.0000010 0.0000010 0.2909996 0.0000010 0.1601891 0.1601891 0.5673500 0.5838388 0.5262874 0.6610379 0.2150531 0.2150531 0.0000000 0.2089987 0.2343150 0.2144828 0.2664620 0.2664620 0.2664620 0.2855104 0.2909996 
Mlig.4530  0.1107072 0.0878085 0.0878085 0.1538489 0.1538489 0.0441069 0.2089987 0.2089987 0.0869611 0.2089987 0.0441069 0.0441069 0.3766216 0.4498858 0.3992809 0.4625594 0.0451953 0.0451953 0.2089987 0.0000000 0.1125806 0.0654958 0.1107072 0.1107072 0.1107072 0.0646837 0.0869611 
Mlig.34574 0.0443768 0.0220024 0.0220024 0.1786988 0.1786988 0.0665530 0.2343150 0.2343150 0.0666499 0.2343150 0.0665530 0.0665530 0.3518165 0.4210225 0.3713936 0.4385681 0.0899241 0.0899241 0.2343150 0.1125806 0.0000000 0.1371451 0.0443768 0.0443768 0.0443768 0.0440578 0.0666499 
Mlig.19249 0.0885048 0.1114044 0.1114044 0.1580043 0.1580043 0.0671141 0.2144828 0.2144828 0.1107787 0.2144828 0.0671141 0.0671141 0.4731795 0.4860686 0.4332169 0.5638702 0.1167773 0.1167773 0.2144828 0.0654958 0.1371451 0.0000000 0.0885048 0.0885048 0.0885048 0.1338666 0.1107787 
Mlig.33262 0.0000010 0.0216204 0.0216204 0.2091486 0.2091486 0.1134277 0.2664620 0.2664620 0.0215029 0.2664620 0.1134277 0.1134277 0.4139656 0.4879582 0.4346358 0.5034378 0.1379683 0.1379683 0.2664620 0.1107072 0.0443768 0.0885048 0.0000000 0.0000010 0.0000010 0.0433043 0.0215029 
Mlig.38329 0.0000010 0.0216204 0.0216204 0.2091486 0.2091486 0.1134277 0.2664620 0.2664620 0.0215029 0.2664620 0.1134277 0.1134277 0.4139656 0.4879582 0.4346358 0.5034378 0.1379683 0.1379683 0.2664620 0.1107072 0.0443768 0.0885048 0.0000010 0.0000000 0.0000010 0.0433043 0.0215029 
Mlig.36446 0.0000010 0.0216204 0.0216204 0.2091486 0.2091486 0.1134277 0.2664620 0.2664620 0.0215029 0.2664620 0.1134277 0.1134277 0.4139656 0.4879582 0.4346358 0.5034378 0.1379683 0.1379683 0.2664620 0.1107072 0.0443768 0.0885048 0.0000010 0.0000010 0.0000000 0.0433043 0.0215029 
Mlig.15490 0.0433043 0.0214697 0.0214697 0.2290818 0.2290818 0.1125806 0.2855104 0.2855104 0.0212721 0.2855104 0.1125806 0.1125806 0.3489689 0.4830994 0.4305103 0.4346234 0.0895059 0.0895059 0.2855104 0.0646837 0.0440578 0.1338666 0.0433043 0.0433043 0.0433043 0.0000000 0.0212721 
Mlig.15491 0.0215029 0.0433043 0.0433043 0.2335755 0.2335755 0.1362643 0.2909996 0.2909996 0.0000010 0.2909996 0.1362643 0.1362643 0.3784821 0.5163194 0.4619412 0.4653208 0.1128237 0.1128237 0.2909996 0.0869611 0.0666499 0.1107787 0.0215029 0.0215029 0.0215029 0.0212721 0.0000000 
