19
Treg.14413 0.0000000 0.0661911 0.1147050 0.0911849 0.1208851 0.1277139 0.1079461 0.1163037 0.1079461 0.1079461 0.1149921 0.0784410 0.0784410 0.0599469 0.0789499 0.0857939 0.0914644 0.0725013 0.0856658 
Treg.2078  0.0661911 0.0000000 0.1241461 0.0355865 0.1304006 0.1324925 0.1172485 0.1258748 0.1172485 0.1172485 0.1244624 0.0911491 0.0911491 0.0787986 0.0982662 0.0795070 0.0977158 0.0786669 0.0919325 
Treg.10301 0.1147050 0.1241461 0.0000000 0.1512708 0.0176000 0.0235599 0.0058487 0.0176740 0.0058487 0.0058487 0.0117687 0.1335400 0.1335400 0.1348063 0.1559403 0.1492902 0.1548983 0.1344976 0.1454984 
Treg.11008 0.0911849 0.0355865 0.1512708 0.0000000 0.1575353 0.1599567 0.1442056 0.1533067 0.1442056 0.1442056 0.1516629 0.1166687 0.1166687 0.1041272 0.1241445 0.1050419 0.1233969 0.1039268 0.1176603 
Treg.8734  0.1208851 0.1304006 0.0176000 0.1575353 0.0000000 0.0294269 0.0116885 0.0235484 0.0116885 0.0116885 0.0176395 0.1396855 0.1396855 0.1410137 0.1621966 0.1555333 0.1611000 0.1406828 0.1518078 
Treg.4088  0.1277139 0.1324925 0.0235599 0.1599567 0.0294269 0.0000000 0.0176010 0.0295517 0.0176010 0.0176010 0.0236130 0.1465827 0.1465827 0.1479887 0.1693526 0.1626320 0.1681859 0.1476300 0.1589572 
Treg.10876 0.1079461 0.1172485 0.0058487 0.1442056 0.0116885 0.0176010 0.0000000 0.0117372 0.0000010 0.0000010 0.0058617 0.1267134 0.1267134 0.1279045 0.1488600 0.1422629 0.1478844 0.1276213 0.1384165 
Treg.7155  0.1163037 0.1258748 0.0176740 0.1533067 0.0235484 0.0295517 0.0117372 0.0000000 0.0117372 0.0117372 0.0177139 0.1353434 0.1353434 0.1366421 0.1580240 0.1512974 0.1569527 0.1363234 0.1474853 
Treg.1213  0.1079461 0.1172485 0.0058487 0.1442056 0.0116885 0.0176010 0.0000010 0.0117372 0.0000000 0.0000010 0.0058617 0.1267134 0.1267134 0.1279045 0.1488600 0.1422629 0.1478844 0.1276213 0.1384165 
Treg.3747  0.1079461 0.1172485 0.0058487 0.1442056 0.0116885 0.0176010 0.0000010 0.0117372 0.0000010 0.0000000 0.0058617 0.1267134 0.1267134 0.1279045 0.1488600 0.1422629 0.1478844 0.1276213 0.1384165 
Treg.5460  0.1149921 0.1244624 0.0117687 0.1516629 0.0176395 0.0236130 0.0058617 0.0177139 0.0058617 0.0058617 0.0000000 0.1338760 0.1338760 0.1351491 0.1563450 0.1496753 0.1552966 0.1348384 0.1458770 
Treg.4183  0.0784410 0.0911491 0.1335400 0.1166687 0.1396855 0.1465827 0.1267134 0.1353434 0.1267134 0.1267134 0.1338760 0.0000000 0.0000010 0.0726648 0.0982082 0.1113940 0.1169962 0.0976171 0.1073313 
Treg.4185  0.0784410 0.0911491 0.1335400 0.1166687 0.1396855 0.1465827 0.1267134 0.1353434 0.1267134 0.1267134 0.1338760 0.0000010 0.0000000 0.0726648 0.0982082 0.1113940 0.1169962 0.0976171 0.1073313 
Treg.13798 0.0599469 0.0787986 0.1348063 0.1041272 0.1410137 0.1479887 0.1279045 0.1366421 0.1279045 0.1279045 0.1351491 0.0726648 0.0726648 0.0000000 0.0602391 0.0987815 0.1044336 0.0852061 0.0986404 
Treg.213   0.0789499 0.0982662 0.1559403 0.1241445 0.1621966 0.1693526 0.1488600 0.1580240 0.1488600 0.1488600 0.1563450 0.0982082 0.0982082 0.0602391 0.0000000 0.1188594 0.1244862 0.0918263 0.1130814 
Treg.5543  0.0857939 0.0795070 0.1492902 0.1050419 0.1555333 0.1626320 0.1422629 0.1512974 0.1422629 0.1422629 0.1496753 0.1113940 0.1113940 0.0987815 0.1188594 0.0000000 0.0716899 0.0729435 0.0595886 
Treg.2260  0.0914644 0.0977158 0.1548983 0.1233969 0.1611000 0.1681859 0.1478844 0.1569527 0.1478844 0.1478844 0.1552966 0.1169962 0.1169962 0.1044336 0.1244862 0.0716899 0.0000000 0.0537989 0.0471614 
Treg.2274  0.0725013 0.0786669 0.1344976 0.1039268 0.1406828 0.1476300 0.1276213 0.1363234 0.1276213 0.1276213 0.1348384 0.0976171 0.0976171 0.0852061 0.0918263 0.0729435 0.0537989 0.0000000 0.0422248 
Treg.13530 0.0856658 0.0919325 0.1454984 0.1176603 0.1518078 0.1589572 0.1384165 0.1474853 0.1384165 0.1384165 0.1458770 0.1073313 0.1073313 0.0986404 0.1130814 0.0595886 0.0471614 0.0422248 0.0000000 
