7
Mlig.23227 0.0000000 0.7337622 0.7337622 0.7337622 0.8386030 0.8321912 0.8401448 
Mlig.20291 0.7337622 0.0000000 0.0000010 0.0000010 0.2979424 0.2995390 0.3016398 
Mlig.33487 0.7337622 0.0000010 0.0000000 0.0000010 0.2979424 0.2995390 0.3016398 
Mlig.45691 0.7337622 0.0000010 0.0000010 0.0000000 0.2979424 0.2995390 0.3016398 
Mlig.32438 0.8386030 0.2979424 0.2979424 0.2979424 0.0000000 0.0064709 0.0048331 
Mlig.7165  0.8321912 0.2995390 0.2995390 0.2995390 0.0064709 0.0000000 0.0048464 
Mlig.15596 0.8401448 0.3016398 0.3016398 0.3016398 0.0048331 0.0048464 0.0000000 
