7
Smed.41    0.0000000 0.7706583 0.7856707 0.8187788 0.7807470 0.8111167 0.8004764 
Smed.947   0.7706583 0.0000000 0.0489267 0.1000350 0.0497658 0.0759058 0.0737056 
Smed.14391 0.7856707 0.0489267 0.0000000 0.1267250 0.0669734 0.0757450 0.0909107 
Smed.15081 0.8187788 0.1000350 0.1267250 0.0000000 0.1212859 0.1575017 0.1528801 
Smed.25035 0.7807470 0.0497658 0.0669734 0.1212859 0.0000000 0.0953376 0.0925169 
Smed.13581 0.8111167 0.0759058 0.0757450 0.1575017 0.0953376 0.0000000 0.1098213 
Smed.20023 0.8004764 0.0737056 0.0909107 0.1528801 0.0925169 0.1098213 0.0000000 
