7
Mlig.35410 0.0000000 0.6879050 0.6866938 0.0068063 0.0136443 0.4225448 0.4225448 
Mlig.39213 0.6879050 0.0000000 0.0137963 0.6906451 0.7036934 0.7024005 0.7024005 
Mlig.39214 0.6866938 0.0137963 0.0000000 0.6894210 0.7024229 0.6892553 0.6892553 
Mlig.35408 0.0068063 0.6906451 0.6894210 0.0000000 0.0067998 0.4194848 0.4194848 
Mlig.35409 0.0136443 0.7036934 0.7024229 0.0067998 0.0000000 0.4293169 0.4293169 
Mlig.35937 0.4225448 0.7024005 0.6892553 0.4194848 0.4293169 0.0000000 0.0000010 
Mlig.35938 0.4225448 0.7024005 0.6892553 0.4194848 0.4293169 0.0000010 0.0000000 
