6
Mlig.1037  0.0000000 0.0426604 0.0000010 0.2563910 0.2524027 0.2524027 
Mlig.1036  0.0426604 0.0000000 0.0426604 0.2881269 0.2839775 0.2839775 
Mlig.18576 0.0000010 0.0426604 0.0000000 0.2563910 0.2524027 0.2524027 
Mlig.3568  0.2563910 0.2881269 0.2563910 0.0000000 0.0027773 0.0027773 
Mlig.12605 0.2524027 0.2839775 0.2524027 0.0027773 0.0000000 0.0000010 
Mlig.27197 0.2524027 0.2839775 0.2524027 0.0027773 0.0000010 0.0000000 
