6
Hdim.4809  0.0000000 0.4531633 0.4531633 0.7719040 0.5301735 0.6494913 
Hdim.6599  0.4531633 0.0000000 0.0000010 0.8500563 0.4587039 0.7275010 
Hdim.8195  0.4531633 0.0000010 0.0000000 0.8500563 0.4587039 0.7275010 
Hdim.2445  0.7719040 0.8500563 0.8500563 0.0000000 0.8420008 0.9257324 
Hdim.3880  0.5301735 0.4587039 0.4587039 0.8420008 0.0000000 0.5208610 
Hdim.10140 0.6494913 0.7275010 0.7275010 0.9257324 0.5208610 0.0000000 
