7
Mlig.31024 0.0000000 0.0441449 0.5692542 0.5683619 0.5721099 0.5885804 0.5885804 
Mlig.31025 0.0441449 0.0000000 0.5507919 0.5510982 0.5692655 0.5856838 0.5856838 
Mlig.39100 0.5692542 0.5507919 0.0000000 0.0513772 0.5639165 0.5804315 0.5804315 
Mlig.39101 0.5683619 0.5510982 0.0513772 0.0000000 0.5620156 0.5786120 0.5786120 
Mlig.30724 0.5721099 0.5692655 0.5639165 0.5620156 0.0000000 0.0048879 0.0048879 
Mlig.30725 0.5885804 0.5856838 0.5804315 0.5786120 0.0048879 0.0000000 0.0000010 
Mlig.30727 0.5885804 0.5856838 0.5804315 0.5786120 0.0048879 0.0000010 0.0000000 
