6
Smed.2766  0.0000000 0.1495173 0.2354547 0.2125316 0.1614500 0.1530542 
Smed.29196 0.1495173 0.0000000 0.1671035 0.1810927 0.0376875 0.0376944 
Smed.11892 0.2354547 0.1671035 0.0000000 0.2600814 0.2006424 0.2007060 
Smed.15721 0.2125316 0.1810927 0.2600814 0.0000000 0.1933469 0.1934065 
Smed.8942  0.1614500 0.0376875 0.2006424 0.1933469 0.0000000 0.0224133 
Smed.23119 0.1530542 0.0376944 0.2007060 0.1934065 0.0224133 0.0000000 
