10
Mlig.34263 0.0000000 1.0113619 1.0113619 1.0120867 1.6009988 1.6200558 0.6241756 0.6245264 0.0038529 0.0038565 
Mlig.40305 1.0113619 0.0000000 0.0038217 0.0038270 1.5204766 1.5189975 1.0147074 1.0171596 1.0077469 1.0140087 
Mlig.38063 1.0113619 0.0038217 0.0000000 0.0038270 1.5152778 1.5189975 1.0147074 1.0171596 1.0077469 1.0140087 
Mlig.40306 1.0120867 0.0038270 0.0038270 0.0000000 1.5132648 1.5169388 1.0153709 1.0178309 1.0084535 1.0147452 
Mlig.45010 1.6009988 1.5204766 1.5152778 1.5132648 0.0000000 0.0152820 1.4494628 1.4524806 1.6029275 1.6123894 
Mlig.45012 1.6200558 1.5189975 1.5189975 1.5169388 0.0152820 0.0000000 1.4543517 1.4573830 1.6220046 1.6313548 
Mlig.12306 0.6241756 1.0147074 1.0147074 1.0153709 1.4494628 1.4543517 0.0000000 0.0114994 0.6245790 0.6287280 
Mlig.12308 0.6245264 1.0171596 1.0171596 1.0178309 1.4524806 1.4573830 0.0114994 0.0000000 0.6249280 0.6290576 
Mlig.34262 0.0038529 1.0077469 1.0077469 1.0084535 1.6029275 1.6220046 0.6245790 0.6249280 0.0000000 0.0038538 
Mlig.34264 0.0038565 1.0140087 1.0140087 1.0147452 1.6123894 1.6313548 0.6287280 0.6290576 0.0038538 0.0000000 
