10
Mlig.10516 0.0000000 0.0051697 1.3574573 1.3574573 1.3624941 1.1407475 1.1407475 1.1643662 1.1620517 1.1550369 
Mlig.29966 0.0051697 0.0000000 1.3434053 1.3434053 1.3484104 1.1287774 1.1287774 1.1520803 1.1497932 1.1428380 
Mlig.40173 1.3574573 1.3434053 0.0000000 0.0000010 0.0052002 0.8680884 0.8680884 1.0369745 1.0409864 1.0346220 
Mlig.40174 1.3574573 1.3434053 0.0000010 0.0000000 0.0052002 0.8680884 0.8680884 1.0369745 1.0409864 1.0346220 
Mlig.41194 1.3624941 1.3484104 0.0052002 0.0052002 0.0000000 0.8687437 0.8687437 1.0412565 1.0452677 1.0388924 
Mlig.5270  1.1407475 1.1287774 0.8680884 0.8680884 0.8687437 0.0000000 0.0000010 0.9818708 0.9889672 0.9828729 
Mlig.5271  1.1407475 1.1287774 0.8680884 0.8680884 0.8687437 0.0000010 0.0000000 0.9818708 0.9889672 0.9828729 
Mlig.24184 1.1643662 1.1520803 1.0369745 1.0369745 1.0412565 0.9818708 0.9818708 0.0000000 0.0078332 0.0052169 
Mlig.24182 1.1620517 1.1497932 1.0409864 1.0409864 1.0452677 0.9889672 0.9889672 0.0078332 0.0000000 0.0026011 
Mlig.24183 1.1550369 1.1428380 1.0346220 1.0346220 1.0388924 0.9828729 0.9828729 0.0052169 0.0026011 0.0000000 
