6
Mlig.1949  0.0000000 0.6556067 0.6556067 0.0000010 0.8049959 0.8171292 
Mlig.2483  0.6556067 0.0000000 0.0000010 0.6556067 0.8603425 0.8680294 
Mlig.33762 0.6556067 0.0000010 0.0000000 0.6556067 0.8603425 0.8680294 
Mlig.20099 0.0000010 0.6556067 0.6556067 0.0000000 0.8049959 0.8171292 
Mlig.46785 0.8049959 0.8603425 0.8603425 0.8049959 0.0000000 0.0083916 
Mlig.46786 0.8171292 0.8680294 0.8680294 0.8171292 0.0083916 0.0000000 
