6
Mlig.1168  0.0000000 0.0054324 0.0040786 0.3106428 0.3126968 0.3093931 
Mlig.1169  0.0054324 0.0000000 0.0068054 0.3125605 0.3146203 0.3113111 
Mlig.1167  0.0040786 0.0068054 0.0000000 0.3130786 0.3151423 0.3118279 
Mlig.8861  0.3106428 0.3125605 0.3130786 0.0000000 0.0095522 0.0068103 
Mlig.8860  0.3126968 0.3146203 0.3151423 0.0095522 0.0000000 0.0109239 
Mlig.45815 0.3093931 0.3113111 0.3118279 0.0068103 0.0109239 0.0000000 
