6
Mlig.43354 0.0000000 0.0000010 0.0074341 0.5912775 0.6131391 0.5863313 
Mlig.43356 0.0000010 0.0000000 0.0074341 0.5912775 0.6131391 0.5863313 
Mlig.43355 0.0074341 0.0074341 0.0000000 0.5760408 0.5976301 0.5710990 
Mlig.47897 0.5912775 0.5912775 0.5760408 0.0000000 0.0997918 0.0759539 
Mlig.38985 0.6131391 0.6131391 0.5976301 0.0997918 0.0000000 0.0529067 
Mlig.38986 0.5863313 0.5863313 0.5710990 0.0759539 0.0529067 0.0000000 
