6
Mlig.17937 0.0000000 0.0041484 0.0041405 0.6807617 0.6806056 0.6821595 
Mlig.22732 0.0041484 0.0000000 0.0041487 0.6814555 0.6812993 0.6828576 
Mlig.25511 0.0041405 0.0041487 0.0000000 0.6804962 0.6803403 0.6818918 
Mlig.19798 0.6807617 0.6814555 0.6804962 0.0000000 0.0020361 0.0020509 
Mlig.34423 0.6806056 0.6812993 0.6803403 0.0020361 0.0000000 0.0020357 
Mlig.34424 0.6821595 0.6828576 0.6818918 0.0020509 0.0020357 0.0000000 
