7
Smed.16038 0.0000000 0.0268019 0.0849548 0.3048199 0.2973843 0.2675718 0.3003385 
Smed.18205 0.0268019 0.0000000 0.0558572 0.3362023 0.2636872 0.2343623 0.2656335 
Smed.2626  0.0849548 0.0558572 0.0000000 0.2570463 0.1921126 0.1647105 0.1916814 
Smed.23145 0.3048199 0.3362023 0.2570463 0.0000000 0.1588434 0.1321583 0.1630658 
Smed.4221  0.2973843 0.2636872 0.1921126 0.1588434 0.0000000 0.0251300 0.0514662 
Smed.15905 0.2675718 0.2343623 0.1647105 0.1321583 0.0251300 0.0000000 0.0257482 
Smed.29078 0.3003385 0.2656335 0.1916814 0.1630658 0.0514662 0.0257482 0.0000000 
