6
Mlig.16749 0.0000000 1.3192196 1.3167946 1.3201390 1.0333656 1.0332008 
Mlig.18239 1.3192196 0.0000000 0.0010232 0.0010238 1.3302093 1.3246782 
Mlig.18240 1.3167946 0.0010232 0.0000000 0.0020495 1.3278133 1.3222896 
Mlig.18241 1.3201390 0.0010238 0.0020495 0.0000000 1.3349694 1.3294204 
Mlig.39546 1.0333656 1.3302093 1.3278133 1.3349694 0.0000000 0.0051593 
Mlig.39547 1.0332008 1.3246782 1.3222896 1.3294204 0.0051593 0.0000000 
