12
Mlig.42008 0.0000000 1.0539592 1.0767155 0.9614382 0.9614382 0.9518614 0.0405367 0.0547775 0.0595175 0.0453648 0.0269449 0.0545530 
Mlig.21542 1.0539592 0.0000000 0.0265112 0.9527565 0.9527565 0.9406909 0.9947908 0.9973538 0.9917321 0.9830843 1.0121568 1.0248052 
Mlig.21543 1.0767155 0.0265112 0.0000000 0.9662883 0.9662883 0.9446499 1.0205237 1.0228893 1.0246041 1.0083996 1.0379556 1.0509379 
Mlig.22610 0.9614382 0.9527565 0.9662883 0.0000000 0.0000010 0.0220136 0.9244470 0.9260996 0.9477505 0.9227044 0.9375122 0.9284640 
Mlig.22612 0.9614382 0.9527565 0.9662883 0.0000010 0.0000000 0.0220136 0.9244470 0.9260996 0.9477505 0.9227044 0.9375122 0.9284640 
Mlig.22613 0.9518614 0.9406909 0.9446499 0.0220136 0.0220136 0.0000000 0.9150768 0.9258367 0.9381754 0.9132431 0.9280637 0.9190289 
Mlig.42013 0.0405367 0.9947908 1.0205237 0.9244470 0.9244470 0.9150768 0.0000000 0.0223233 0.0268646 0.0133119 0.0221894 0.0222330 
Mlig.42005 0.0547775 0.9973538 1.0228893 0.9260996 0.9260996 0.9258367 0.0223233 0.0000000 0.0223050 0.0088421 0.0359762 0.0360476 
Mlig.29682 0.0595175 0.9917321 1.0246041 0.9477505 0.9477505 0.9381754 0.0268646 0.0223050 0.0000000 0.0133007 0.0405909 0.0406716 
Mlig.42006 0.0453648 0.9830843 1.0083996 0.9227044 0.9227044 0.9132431 0.0133119 0.0088421 0.0133007 0.0000000 0.0268164 0.0268694 
Mlig.42007 0.0269449 1.0121568 1.0379556 0.9375122 0.9375122 0.9280637 0.0221894 0.0359762 0.0405909 0.0268164 0.0000000 0.0358302 
Mlig.42009 0.0545530 1.0248052 1.0509379 0.9284640 0.9284640 0.9190289 0.0222330 0.0360476 0.0406716 0.0268694 0.0358302 0.0000000 
