47
Smed.670   0.0000000 0.9889321 1.3076961 1.4612002 1.4000677 1.5469761 1.4031197 1.2743413 1.2312551 1.0504573 1.1897248 1.0371089 0.9829913 1.1990058 0.9139245 1.1187556 0.9819863 0.9796447 0.9139245 1.1885708 1.1014597 1.1433429 0.9878037 0.9878037 0.9340935 0.9340935 1.0137391 1.0521277 1.0538523 0.9790363 1.1909830 1.0114049 1.4564525 1.4692442 1.6830873 1.4000677 1.4894413 1.1413342 1.2221134 1.1693070 1.1200338 1.0585218 1.6670062 0.9922255 0.9922255 1.1743568 1.0559817 
Smed.8514  0.9889321 0.0000000 0.9140560 1.1809184 0.8180215 0.9996306 0.8419324 0.8093289 0.7668942 0.6869436 0.7451391 0.6119873 0.5727678 0.5382792 0.5834886 0.8130051 0.5109538 0.7023406 0.5834886 0.5738693 0.5500961 0.6587002 0.6405556 0.6405556 0.5744220 0.5744220 0.6043275 0.5959861 0.5325669 0.8084395 0.7706581 0.5765701 0.9435205 0.9544806 0.8722188 0.8180215 0.8458435 0.8088572 0.9283816 0.5645709 0.7233159 0.6022629 1.0626790 0.5806883 0.5806883 0.6066558 0.5497682 
Smed.6361  1.3076961 0.9140560 0.0000000 1.3179688 0.2633824 0.2865916 0.2387710 0.2756087 0.2756638 0.8201524 0.5410001 0.4953021 0.3959150 0.4137876 0.3830230 0.5288951 0.4465840 0.4425012 0.3830230 0.4154341 0.3738553 0.3811843 0.4297390 0.4297390 0.3413896 0.3413896 0.8774067 0.6427201 0.5523825 0.6937736 0.5900411 0.4524940 0.1809247 0.3269301 0.2875485 0.2633824 0.2649743 0.6125555 0.3739274 0.3889920 0.6930126 0.4513312 0.8725548 0.3525242 0.3525242 0.4060322 0.3288424 
Smed.9111  1.4612002 1.1809184 1.3179688 0.0000000 1.1127212 1.2421467 1.2112015 1.3637183 1.4638904 1.0832313 1.0666824 0.8618862 0.9012386 0.7371713 0.8743748 0.9800260 0.8729305 0.8874506 0.8743748 0.7206250 0.8564484 0.9163518 0.9448903 0.9448903 0.8229088 0.8229088 1.1171221 1.2313178 0.7798611 1.2815165 0.8385269 0.8408265 1.4065753 1.3566442 1.2453398 1.1127212 1.2407278 0.8430369 1.0537359 0.8102367 0.7149388 0.8092385 1.8863714 0.7547648 0.7547648 0.8686492 0.8080547 
Smed.11184 1.4000677 0.8180215 0.2633824 1.1127212 0.0000000 0.1499635 0.1367863 0.1445904 0.2061629 0.5298574 0.4197694 0.3628308 0.3894615 0.3683552 0.3511066 0.6129099 0.4030220 0.4104725 0.3511066 0.3988998 0.3029236 0.4061322 0.3984189 0.3984189 0.3083399 0.3083399 0.8222928 0.6370025 0.4726001 0.4981876 0.6724391 0.4629197 0.1271678 0.1878471 0.1043768 0.0000010 0.1081453 0.5602216 0.4567358 0.3158234 0.5603047 0.3191241 1.0037700 0.3620582 0.3620582 0.3357399 0.3188076 
Smed.149   1.5469761 0.9996306 0.2865916 1.2421467 0.1499635 0.0000000 0.1774328 0.0657547 0.2781693 0.8167848 0.4618541 0.5164664 0.5420785 0.5103662 0.4311712 0.5890587 0.4456456 0.4988243 0.4311712 0.5053315 0.5137182 0.5109935 0.4830585 0.4830585 0.3856951 0.3856951 0.8971940 0.7456093 0.6043088 0.6594276 0.6554720 0.6370461 0.1823599 0.1025589 0.1532840 0.1499635 0.1428642 0.6549046 0.5545868 0.5370274 0.7716011 0.4689868 1.2936895 0.4897471 0.4897471 0.5320743 0.4579511 
Smed.5893  1.4031197 0.8419324 0.2387710 1.2112015 0.1367863 0.1774328 0.0000000 0.1712985 0.2430509 0.5858343 0.4150467 0.5660246 0.5021882 0.5242647 0.4612652 0.7542761 0.5177386 0.5286939 0.4612652 0.4736778 0.4923450 0.5215838 0.5123228 0.5123228 0.4173009 0.4173009 0.7883125 0.6107199 0.4814446 0.5410320 0.7015116 0.4777471 0.1605875 0.2140380 0.1276112 0.1367863 0.1384042 0.6630148 0.5172693 0.5137000 0.6538830 0.5190392 1.1412735 0.4550455 0.4550455 0.4415771 0.4269548 
Smed.4345  1.2743413 0.8093289 0.2756087 1.3637183 0.1445904 0.0657547 0.1712985 0.0000000 0.2240681 0.7794591 0.4439720 0.4943659 0.5183470 0.4880669 0.4132638 0.6912750 0.3614366 0.4773450 0.4132638 0.4831757 0.4915824 0.5409408 0.4628584 0.4628584 0.3694729 0.3694729 0.7482160 0.7152648 0.5786427 0.6309054 0.7081002 0.6087571 0.1759226 0.0991744 0.1477304 0.1445904 0.1379061 0.6267037 0.5888831 0.5132367 0.7359505 0.4486007 1.0242288 0.4680799 0.4680799 0.5081585 0.4378968 
Smed.19525 1.2312551 0.7668942 0.2756638 1.4638904 0.2061629 0.2781693 0.2430509 0.2240681 0.0000000 0.8060578 0.6919413 0.6020682 0.4467999 0.5912603 0.4747314 0.6619901 0.5040174 0.5583915 0.4747314 0.5518553 0.5262147 0.5504740 0.5271897 0.5271897 0.4442810 0.4442810 0.9444962 0.6978916 0.6538028 0.7647900 0.7861908 0.6151588 0.1305887 0.2950892 0.2261686 0.2061629 0.2073961 0.7641881 0.6634162 0.5627987 0.7074618 0.5686007 1.0642679 0.4824223 0.4824223 0.4679006 0.4536024 
Smed.3969  1.0504573 0.6869436 0.8201524 1.0832313 0.5298574 0.8167848 0.5858343 0.7794591 0.8060578 0.0000000 0.5210862 0.6028603 0.5940558 0.5984953 0.5816464 0.8538477 0.6690665 0.6201046 0.5816464 0.6351307 0.5715709 0.6552398 0.6401145 0.6401145 0.5750182 0.5750182 0.6974747 0.6066378 0.4438077 0.4750948 0.9130839 0.6350345 0.6760716 0.7414977 0.5974502 0.5298574 0.6887882 0.7328826 0.6291684 0.5896273 0.5581646 0.5959820 1.4201801 0.6304208 0.6304208 0.5965074 0.5823496 
Smed.11563 1.1897248 0.7451391 0.5410001 1.0666824 0.4197694 0.4618541 0.4150467 0.4439720 0.6919413 0.5210862 0.0000000 0.5711652 0.5328455 0.5167525 0.4895364 0.7738074 0.5050214 0.5549965 0.4895364 0.4846943 0.5197410 0.5674498 0.5385704 0.5385704 0.4480161 0.4480161 0.7076150 0.6269073 0.4118196 0.2953331 0.6407321 0.5123345 0.5624474 0.3903574 0.5364269 0.4197694 0.5142201 0.6274384 0.5151095 0.5412608 0.7009136 0.5272654 0.9892481 0.5016342 0.5016342 0.5099258 0.4581102 
Smed.2192  1.0371089 0.6119873 0.4953021 0.8618862 0.3628308 0.5164664 0.5660246 0.4943659 0.6020682 0.6028603 0.5711652 0.0000000 0.1311923 0.0957462 0.0624163 0.2582338 0.1477095 0.1636871 0.0624163 0.1863061 0.0635806 0.2032681 0.0945943 0.0945943 0.0945727 0.0945727 0.4888568 0.6647476 0.4293958 0.5776124 0.2706891 0.2767530 0.5686384 0.5011882 0.5873917 0.3628308 0.5792097 0.2288380 0.3708828 0.0624526 0.2290305 0.0304261 0.5979989 0.1663748 0.1663748 0.1721771 0.1320131 
Smed.2509  0.9829913 0.5727678 0.3959150 0.9012386 0.3894615 0.5420785 0.5021882 0.5183470 0.4467999 0.5940558 0.5328455 0.1311923 0.0000000 0.1510552 0.0617151 0.2731331 0.1434266 0.1417783 0.0617151 0.0976345 0.0903575 0.1357676 0.0935633 0.0935633 0.0692301 0.0692301 0.4696649 0.5700475 0.4086587 0.5241947 0.3042765 0.2570768 0.4161221 0.5252498 0.5367444 0.3894615 0.5041190 0.2953763 0.3258828 0.1380292 0.2256191 0.1451245 0.6234294 0.0648843 0.0648843 0.0990223 0.0324870 
Smed.12865 1.1990058 0.5382792 0.4137876 0.7371713 0.3683552 0.5103662 0.5242647 0.4880669 0.5912603 0.5984953 0.5167525 0.0957462 0.1510552 0.0000000 0.1418055 0.2863421 0.1334780 0.1822133 0.1418055 0.1259488 0.0947949 0.1415058 0.1780589 0.1780589 0.1065050 0.1065050 0.4713968 0.6008610 0.4008419 0.6602513 0.3747217 0.2714773 0.5583844 0.4950466 0.5262854 0.3683552 0.4789140 0.2791343 0.3008143 0.0305040 0.2951940 0.0633578 0.7060512 0.1377652 0.1377652 0.1524052 0.1032933 
Smed.403   0.9139245 0.5834886 0.3830230 0.8743748 0.3511066 0.4311712 0.4612652 0.4132638 0.4747314 0.5816464 0.4895364 0.0624163 0.0617151 0.1418055 0.0000000 0.2051768 0.0935470 0.0925225 0.0000010 0.1268855 0.0616365 0.1276039 0.0296975 0.0296975 0.0297439 0.0297439 0.4517322 0.5928671 0.3923883 0.5457449 0.2242378 0.2293460 0.4429083 0.4199325 0.4940020 0.3511066 0.4621189 0.2518377 0.3140695 0.1296600 0.1886156 0.0945727 0.5815313 0.0940245 0.0940245 0.0970930 0.0621133 
Smed.423   1.1187556 0.8130051 0.5288951 0.9800260 0.6129099 0.5890587 0.7542761 0.6912750 0.6619901 0.8538477 0.7738074 0.2582338 0.2731331 0.2863421 0.2051768 0.0000000 0.2509182 0.1682345 0.2051768 0.2931385 0.2889127 0.2324106 0.1653665 0.1653665 0.1698466 0.1698466 0.7136498 0.8773312 0.5950289 0.9442104 0.4201256 0.4061520 0.7523541 0.6970819 0.8049633 0.6129099 0.7635953 0.3839284 0.4822969 0.2656295 0.4619066 0.2202013 0.8769035 0.2524885 0.2524885 0.2622132 0.2145493 
Smed.2688  0.9819863 0.5109538 0.4465840 0.8729305 0.4030220 0.4456456 0.5177386 0.3614366 0.5040174 0.6690665 0.5050214 0.1477095 0.1434266 0.1334780 0.0935470 0.2509182 0.0000000 0.1286586 0.0935470 0.0978266 0.1459347 0.1665470 0.1260244 0.1260244 0.0619130 0.0619130 0.3771529 0.6230355 0.4043259 0.6626749 0.3402981 0.2742146 0.5299455 0.4333943 0.5359982 0.4030220 0.4377341 0.2918326 0.3674070 0.1513835 0.3209260 0.1114322 0.5847258 0.1307910 0.1307910 0.1352687 0.0971915 
Smed.566   0.9796447 0.7023406 0.4425012 0.8874506 0.4104725 0.4988243 0.5286939 0.4773450 0.5583915 0.6201046 0.5549965 0.1636871 0.1417783 0.1822133 0.0925225 0.1682345 0.1286586 0.0000000 0.0925225 0.1638594 0.1619140 0.1400470 0.1246821 0.1246821 0.0612135 0.0612135 0.5158598 0.7003580 0.4858782 0.6848895 0.3373222 0.1972068 0.5253351 0.4842442 0.5487135 0.4104725 0.5314517 0.2716901 0.3640221 0.1675340 0.3176210 0.1300834 0.6744491 0.1293549 0.1293549 0.1337406 0.0960888 
Smed.2305  0.9139245 0.5834886 0.3830230 0.8743748 0.3511066 0.4311712 0.4612652 0.4132638 0.4747314 0.5816464 0.4895364 0.0624163 0.0617151 0.1418055 0.0000010 0.2051768 0.0935470 0.0925225 0.0000000 0.1268855 0.0616365 0.1276039 0.0296975 0.0296975 0.0297439 0.0297439 0.4517322 0.5928671 0.3923883 0.5457449 0.2242378 0.2293460 0.4429083 0.4199325 0.4940020 0.3511066 0.4621189 0.2518377 0.3140695 0.1296600 0.1886156 0.0945727 0.5815313 0.0940245 0.0940245 0.0970930 0.0621133 
Smed.564   1.1885708 0.5738693 0.4154341 0.7206250 0.3988998 0.5053315 0.4736778 0.4831757 0.5518553 0.6351307 0.4846943 0.1863061 0.0976345 0.1259488 0.1268855 0.2931385 0.0978266 0.1638594 0.1268855 0.0000000 0.1373219 0.1571183 0.1603917 0.1603917 0.0944839 0.0944839 0.4658003 0.5962481 0.3840623 0.6402659 0.3830486 0.2584596 0.5201928 0.4901887 0.5255046 0.3988998 0.4320148 0.3377514 0.3440225 0.1421439 0.2271522 0.1495726 0.6955042 0.0889223 0.0889223 0.1216164 0.0587625 
Smed.5982  1.1014597 0.5500961 0.3738553 0.8564484 0.3029236 0.5137182 0.4923450 0.4915824 0.5262147 0.5715709 0.5197410 0.0635806 0.0903575 0.0947949 0.0616365 0.2889127 0.1459347 0.1619140 0.0616365 0.1373219 0.0000000 0.1252379 0.0934647 0.0934647 0.0934466 0.0934466 0.4815796 0.6195840 0.4462612 0.5249536 0.3042793 0.2796611 0.4940625 0.4984578 0.5091301 0.3029236 0.5033682 0.2769872 0.3073330 0.0618532 0.2364367 0.0963664 0.5959186 0.1222036 0.1222036 0.1343219 0.0909065 
Smed.4916  1.1433429 0.6587002 0.3811843 0.9163518 0.4061322 0.5109935 0.5215838 0.5409408 0.5504740 0.6552398 0.5674498 0.2032681 0.1357676 0.1415058 0.1276039 0.2324106 0.1665470 0.1400470 0.1276039 0.1571183 0.1252379 0.0000000 0.1612651 0.1612651 0.0950357 0.0950357 0.5201775 0.5969316 0.5021403 0.7003136 0.3316443 0.2847096 0.5182272 0.5476941 0.5579421 0.4061322 0.5240848 0.2860701 0.2794740 0.1294161 0.3233280 0.1684034 0.7498000 0.1242337 0.1242337 0.1367317 0.0924079 
Smed.3949  0.9878037 0.6405556 0.4297390 0.9448903 0.3984189 0.4830585 0.5123228 0.4628584 0.5271897 0.6401145 0.5385704 0.0945943 0.0935633 0.1780589 0.0296975 0.1653665 0.1260244 0.1246821 0.0296975 0.1603917 0.0934647 0.1612651 0.0000000 0.0000010 0.0600496 0.0600496 0.5021284 0.6448257 0.4371658 0.5997898 0.2597203 0.2654092 0.4949136 0.4695790 0.5479669 0.3984189 0.5145551 0.2927939 0.3547259 0.1639097 0.2291660 0.1273924 0.6381946 0.1266907 0.1266907 0.1308879 0.0941509 
Smed.21075 0.9878037 0.6405556 0.4297390 0.9448903 0.3984189 0.4830585 0.5123228 0.4628584 0.5271897 0.6401145 0.5385704 0.0945943 0.0935633 0.1780589 0.0296975 0.1653665 0.1260244 0.1246821 0.0296975 0.1603917 0.0934647 0.1612651 0.0000010 0.0000000 0.0600496 0.0600496 0.5021284 0.6448257 0.4371658 0.5997898 0.2597203 0.2654092 0.4949136 0.4695790 0.5479669 0.3984189 0.5145551 0.2927939 0.3547259 0.1639097 0.2291660 0.1273924 0.6381946 0.1266907 0.1266907 0.1308879 0.0941509 
Smed.593   0.9340935 0.5744220 0.3413896 0.8229088 0.3083399 0.3856951 0.4173009 0.3694729 0.4442810 0.5750182 0.4480161 0.0945727 0.0692301 0.1065050 0.0297439 0.1698466 0.0619130 0.0612135 0.0297439 0.0944839 0.0934466 0.0950357 0.0600496 0.0600496 0.0000000 0.0000010 0.4460045 0.5969444 0.3874960 0.5602015 0.2585346 0.1954431 0.4127898 0.3761143 0.4480733 0.3083399 0.4170086 0.2334285 0.2771744 0.0965517 0.2281470 0.0626008 0.5492130 0.0622180 0.0622180 0.0642317 0.0308012 
Smed.2577  0.9340935 0.5744220 0.3413896 0.8229088 0.3083399 0.3856951 0.4173009 0.3694729 0.4442810 0.5750182 0.4480161 0.0945727 0.0692301 0.1065050 0.0297439 0.1698466 0.0619130 0.0612135 0.0297439 0.0944839 0.0934466 0.0950357 0.0600496 0.0600496 0.0000010 0.0000000 0.4460045 0.5969444 0.3874960 0.5602015 0.2585346 0.1954431 0.4127898 0.3761143 0.4480733 0.3083399 0.4170086 0.2334285 0.2771744 0.0965517 0.2281470 0.0626008 0.5492130 0.0622180 0.0622180 0.0642317 0.0308012 
Smed.12258 1.0137391 0.6043275 0.8774067 1.1171221 0.8222928 0.8971940 0.7883125 0.7482160 0.9444962 0.6974747 0.7076150 0.4888568 0.4696649 0.4713968 0.4517322 0.7136498 0.3771529 0.5158598 0.4517322 0.4658003 0.4815796 0.5201775 0.5021284 0.5021284 0.4460045 0.4460045 0.0000000 0.8586690 0.4721035 0.7535395 0.7372625 0.5122171 0.9196739 0.8581670 1.0190847 0.8222928 0.9796635 0.5746076 0.8075994 0.4959617 0.6811404 0.4826784 1.0263615 0.5019734 0.5019734 0.5106076 0.4565403 
Smed.29379 1.0521277 0.5959861 0.6427201 1.2313178 0.6370025 0.7456093 0.6107199 0.7152648 0.6978916 0.6066378 0.6269073 0.6647476 0.5700475 0.6008610 0.5928671 0.8773312 0.6230355 0.7003580 0.5928671 0.5962481 0.6195840 0.5969316 0.6448257 0.6448257 0.5969444 0.5969444 0.8586690 0.0000000 0.3479061 0.5877688 0.5549031 0.5314391 0.6455788 0.7374018 0.7465037 0.6370025 0.6432713 0.6296463 0.5011809 0.6476829 0.7991400 0.6697223 1.1149620 0.6323485 0.6323485 0.6784718 0.6037486 
Smed.7350  1.0538523 0.5325669 0.5523825 0.7798611 0.4726001 0.6043088 0.4814446 0.5786427 0.6538028 0.4438077 0.4118196 0.4293958 0.4086587 0.4008419 0.3923883 0.5950289 0.4043259 0.4858782 0.3923883 0.3840623 0.4462612 0.5021403 0.4371658 0.4371658 0.3874960 0.3874960 0.4721035 0.3479061 0.0000000 0.4284367 0.5492799 0.3499288 0.5112059 0.6009487 0.6046813 0.4726001 0.5077190 0.4138270 0.4723220 0.4395578 0.5387318 0.4239895 0.9277887 0.4375172 0.4375172 0.4443944 0.3960654 
Smed.23628 0.9790363 0.8084395 0.6937736 1.2815165 0.4981876 0.6594276 0.5410320 0.6309054 0.7647900 0.4750948 0.2953331 0.5776124 0.5241947 0.6602513 0.5457449 0.9442104 0.6626749 0.6848895 0.5457449 0.6402659 0.5249536 0.7003136 0.5997898 0.5997898 0.5602015 0.5602015 0.7535395 0.5877688 0.4284367 0.0000000 0.7814032 0.6356664 0.6403137 0.6009073 0.6839862 0.4981876 0.7019732 0.6156179 0.6135607 0.6092258 0.7949274 0.5926476 1.1428758 0.6219895 0.6219895 0.6332213 0.5739419 
Smed.1597  1.1909830 0.7706581 0.5900411 0.8385269 0.6724391 0.6554720 0.7015116 0.7081002 0.7861908 0.9130839 0.6407321 0.2706891 0.3042765 0.3747217 0.2242378 0.4201256 0.3402981 0.3373222 0.2242378 0.3830486 0.3042793 0.3316443 0.2597203 0.2597203 0.2585346 0.2585346 0.7372625 0.5549031 0.5492799 0.7814032 0.0000000 0.3432257 0.7511925 0.7133056 0.8148607 0.6724391 0.7762201 0.3933597 0.4048126 0.3531078 0.4280550 0.3072215 0.7586262 0.3258150 0.3258150 0.3550209 0.3056761 
Smed.10764 1.0114049 0.5765701 0.4524940 0.8408265 0.4629197 0.6370461 0.4777471 0.6087571 0.6151588 0.6350345 0.5123345 0.2767530 0.2570768 0.2714773 0.2293460 0.4061520 0.2742146 0.1972068 0.2293460 0.2584596 0.2796611 0.2847096 0.2654092 0.2654092 0.1954431 0.1954431 0.5122171 0.5314391 0.3499288 0.6356664 0.3432257 0.0000000 0.5817089 0.6152224 0.6074016 0.4629197 0.5888156 0.3142919 0.3361337 0.2524975 0.3940692 0.2407657 0.7235579 0.2382836 0.2382836 0.2393822 0.2026550 
Smed.3737  1.4564525 0.9435205 0.1809247 1.4065753 0.1271678 0.1823599 0.1605875 0.1759226 0.1305887 0.6760716 0.5624474 0.5686384 0.4161221 0.5583844 0.4429083 0.7523541 0.5299455 0.5253351 0.4429083 0.5201928 0.4940625 0.5182272 0.4949136 0.4949136 0.4127898 0.4127898 0.9196739 0.6455788 0.5112059 0.6403137 0.7511925 0.5817089 0.0000000 0.2197087 0.1411449 0.1271678 0.1279300 0.7292749 0.5660871 0.5298945 0.6730402 0.5353876 1.0107848 0.4509968 0.4509968 0.4375151 0.4226312 
Smed.3824  1.4692442 0.9544806 0.3269301 1.3566442 0.1878471 0.1025589 0.2140380 0.0991744 0.2950892 0.7414977 0.3903574 0.5011882 0.5252498 0.4950466 0.4199325 0.6970819 0.4333943 0.4842442 0.4199325 0.4901887 0.4984578 0.5476941 0.4695790 0.4695790 0.3761143 0.3761143 0.8581670 0.7374018 0.6009487 0.6009073 0.7133056 0.6152224 0.2197087 0.0000000 0.1915659 0.1878471 0.1796312 0.6328311 0.6107118 0.5202407 0.7413288 0.4556032 1.2270940 0.4751905 0.4751905 0.5152807 0.4449500 
Smed.4101  1.6830873 0.8722188 0.2875485 1.2453398 0.1043768 0.1532840 0.1276112 0.1477304 0.2261686 0.5974502 0.5364269 0.5873917 0.5367444 0.5262854 0.4940020 0.8049633 0.5359982 0.5487135 0.4940020 0.5255046 0.5091301 0.5579421 0.5479669 0.5479669 0.4480733 0.4480733 1.0190847 0.7465037 0.6046813 0.6839862 0.8148607 0.6074016 0.1411449 0.1915659 0.0000000 0.1043768 0.1083851 0.7448202 0.6056087 0.5322227 0.7338269 0.5380198 1.4421917 0.4875624 0.4875624 0.4723973 0.4576685 
Smed.153   1.4000677 0.8180215 0.2633824 1.1127212 0.0000010 0.1499635 0.1367863 0.1445904 0.2061629 0.5298574 0.4197694 0.3628308 0.3894615 0.3683552 0.3511066 0.6129099 0.4030220 0.4104725 0.3511066 0.3988998 0.3029236 0.4061322 0.3984189 0.3984189 0.3083399 0.3083399 0.8222928 0.6370025 0.4726001 0.4981876 0.6724391 0.4629197 0.1271678 0.1878471 0.1043768 0.0000000 0.1081453 0.5602216 0.4567358 0.3158234 0.5603047 0.3191241 1.0037700 0.3620582 0.3620582 0.3357399 0.3188076 
Smed.4040  1.4894413 0.8458435 0.2649743 1.2407278 0.1081453 0.1428642 0.1384042 0.1379061 0.2073961 0.6887882 0.5142201 0.5792097 0.5041190 0.4789140 0.4621189 0.7635953 0.4377341 0.5314517 0.4621189 0.4320148 0.5033682 0.5240848 0.5145551 0.5145551 0.4170086 0.4170086 0.9796635 0.6432713 0.5077190 0.7019732 0.7762201 0.5888156 0.1279300 0.1796312 0.1083851 0.1081453 0.0000000 0.7806839 0.5724370 0.5256062 0.6961784 0.5311788 1.4127892 0.4557393 0.4557393 0.4419050 0.4269137 
Smed.65    1.1413342 0.8088572 0.6125555 0.8430369 0.5602216 0.6549046 0.6630148 0.6267037 0.7641881 0.7328826 0.6274384 0.2288380 0.2953763 0.2791343 0.2518377 0.3839284 0.2918326 0.2716901 0.2518377 0.3377514 0.2769872 0.2860701 0.2927939 0.2927939 0.2334285 0.2334285 0.5746076 0.6296463 0.4138270 0.6156179 0.3933597 0.3142919 0.7292749 0.6328311 0.7448202 0.5602216 0.7806839 0.0000000 0.4429987 0.2544261 0.4876308 0.2120410 0.6932773 0.3230135 0.3230135 0.3358520 0.2836248 
Smed.18609 1.2221134 0.9283816 0.3739274 1.0537359 0.4567358 0.5545868 0.5172693 0.5888831 0.6634162 0.6291684 0.5151095 0.3708828 0.3258828 0.3008143 0.3140695 0.4822969 0.3674070 0.3640221 0.3140695 0.3440225 0.3073330 0.2794740 0.3547259 0.3547259 0.2771744 0.2771744 0.8075994 0.5011809 0.4723220 0.6135607 0.4048126 0.3361337 0.5660871 0.6107118 0.6056087 0.4567358 0.5724370 0.4429987 0.0000000 0.2808536 0.5259008 0.3313811 0.8063620 0.3044143 0.3044143 0.3324174 0.2682488 
Smed.67    1.1693070 0.5645709 0.3889920 0.8102367 0.3158234 0.5370274 0.5137000 0.5132367 0.5627987 0.5896273 0.5412608 0.0624526 0.1380292 0.0305040 0.1296600 0.2656295 0.1513835 0.1675340 0.1296600 0.1421439 0.0618532 0.1294161 0.1639097 0.1639097 0.0965517 0.0965517 0.4959617 0.6476829 0.4395578 0.6092258 0.3531078 0.2524975 0.5298945 0.5202407 0.5322227 0.3158234 0.5256062 0.2544261 0.2808536 0.0000000 0.2742048 0.0309903 0.6359050 0.1261789 0.1261789 0.1390521 0.0938393 
Smed.10765 1.1200338 0.7233159 0.6930126 0.7149388 0.5603047 0.7716011 0.6538830 0.7359505 0.7074618 0.5581646 0.7009136 0.2290305 0.2256191 0.2951940 0.1886156 0.4619066 0.3209260 0.3176210 0.1886156 0.2271522 0.2364367 0.3233280 0.2291660 0.2291660 0.2281470 0.2281470 0.6811404 0.7991400 0.5387318 0.7949274 0.4280550 0.3940692 0.6730402 0.7413288 0.7338269 0.5603047 0.6961784 0.4876308 0.5259008 0.2742048 0.0000000 0.2691560 1.0280559 0.2660584 0.2660584 0.2693549 0.2269631 
Smed.1730  1.0585218 0.6022629 0.4513312 0.8092385 0.3191241 0.4689868 0.5190392 0.4486007 0.5686007 0.5959820 0.5272654 0.0304261 0.1451245 0.0633578 0.0945727 0.2202013 0.1114322 0.1300834 0.0945727 0.1495726 0.0963664 0.1684034 0.1273924 0.1273924 0.0626008 0.0626008 0.4826784 0.6697223 0.4239895 0.5926476 0.3072215 0.2407657 0.5353876 0.4556032 0.5380198 0.3191241 0.5311788 0.2120410 0.3313811 0.0309903 0.2691560 0.0000000 0.5651288 0.1322602 0.1322602 0.1368361 0.0982996 
Smed.15239 1.6670062 1.0626790 0.8725548 1.8863714 1.0037700 1.2936895 1.1412735 1.0242288 1.0642679 1.4201801 0.9892481 0.5979989 0.6234294 0.7060512 0.5815313 0.8769035 0.5847258 0.6744491 0.5815313 0.6955042 0.5959186 0.7498000 0.6381946 0.6381946 0.5492130 0.5492130 1.0263615 1.1149620 0.9277887 1.1428758 0.7586262 0.7235579 1.0107848 1.2270940 1.4421917 1.0037700 1.4127892 0.6932773 0.8063620 0.6359050 1.0280559 0.5651288 0.0000000 0.6838335 0.6838335 0.7184514 0.6326950 
Smed.1291  0.9922255 0.5806883 0.3525242 0.7547648 0.3620582 0.4897471 0.4550455 0.4680799 0.4824223 0.6304208 0.5016342 0.1663748 0.0648843 0.1377652 0.0940245 0.2524885 0.1307910 0.1293549 0.0940245 0.0889223 0.1222036 0.1242337 0.1266907 0.1266907 0.0622180 0.0622180 0.5019734 0.6323485 0.4375172 0.6219895 0.3258150 0.2382836 0.4509968 0.4751905 0.4875624 0.3620582 0.4557393 0.3230135 0.3044143 0.1261789 0.2660584 0.1322602 0.6838335 0.0000000 0.0000010 0.0900813 0.0290464 
Smed.4620  0.9922255 0.5806883 0.3525242 0.7547648 0.3620582 0.4897471 0.4550455 0.4680799 0.4824223 0.6304208 0.5016342 0.1663748 0.0648843 0.1377652 0.0940245 0.2524885 0.1307910 0.1293549 0.0940245 0.0889223 0.1222036 0.1242337 0.1266907 0.1266907 0.0622180 0.0622180 0.5019734 0.6323485 0.4375172 0.6219895 0.3258150 0.2382836 0.4509968 0.4751905 0.4875624 0.3620582 0.4557393 0.3230135 0.3044143 0.1261789 0.2660584 0.1322602 0.6838335 0.0000010 0.0000000 0.0900813 0.0290464 
Smed.1288  1.1743568 0.6066558 0.4060322 0.8686492 0.3357399 0.5320743 0.4415771 0.5081585 0.4679006 0.5965074 0.5099258 0.1721771 0.0990223 0.1524052 0.0970930 0.2622132 0.1352687 0.1337406 0.0970930 0.1216164 0.1343219 0.1367317 0.1308879 0.1308879 0.0642317 0.0642317 0.5106076 0.6784718 0.4443944 0.6332213 0.3550209 0.2393822 0.4375151 0.5152807 0.4723973 0.3357399 0.4419050 0.3358520 0.3324174 0.1390521 0.2693549 0.1368361 0.7184514 0.0900813 0.0900813 0.0000000 0.0594760 
Smed.12022 1.0559817 0.5497682 0.3288424 0.8080547 0.3188076 0.4579511 0.4269548 0.4378968 0.4536024 0.5823496 0.4581102 0.1320131 0.0324870 0.1032933 0.0621133 0.2145493 0.0971915 0.0960888 0.0621133 0.0587625 0.0909065 0.0924079 0.0941509 0.0941509 0.0308012 0.0308012 0.4565403 0.6037486 0.3960654 0.5739419 0.3056761 0.2026550 0.4226312 0.4449500 0.4576685 0.3188076 0.4269137 0.2836248 0.2682488 0.0938393 0.2269631 0.0982996 0.6326950 0.0290464 0.0290464 0.0594760 0.0000000 
