14
Mlig.5321  0.0000000 0.2513978 0.0000010 0.2574270 0.2609133 0.2446142 0.2446142 0.2907290 0.2907290 0.2418888 0.2418888 0.2332184 0.2421439 0.2421439 
Mlig.19143 0.2513978 0.0000000 0.2513978 0.0114142 0.0057277 0.1059291 0.1059291 0.1216149 0.1216149 0.0478032 0.0478032 0.0473571 0.0171971 0.0171971 
Mlig.5322  0.0000010 0.2513978 0.0000000 0.2574270 0.2609133 0.2446142 0.2446142 0.2907290 0.2907290 0.2418888 0.2418888 0.2332184 0.2421439 0.2421439 
Mlig.11195 0.2574270 0.0114142 0.2574270 0.0000000 0.0172827 0.1190027 0.1190027 0.1076204 0.1076204 0.0354429 0.0354429 0.0351147 0.0288235 0.0288235 
Mlig.41289 0.2609133 0.0057277 0.2609133 0.0172827 0.0000000 0.1132562 0.1132562 0.1293067 0.1293067 0.0543045 0.0543045 0.0537948 0.0231463 0.0231463 
Mlig.22848 0.2446142 0.1059291 0.2446142 0.1190027 0.1132562 0.0000000 0.0000010 0.1481243 0.1481243 0.0916002 0.0916002 0.0848482 0.1060045 0.1060045 
Mlig.22849 0.2446142 0.1059291 0.2446142 0.1190027 0.1132562 0.0000010 0.0000000 0.1481243 0.1481243 0.0916002 0.0916002 0.0848482 0.1060045 0.1060045 
Mlig.6104  0.2907290 0.1216149 0.2907290 0.1076204 0.1293067 0.1481243 0.1481243 0.0000000 0.0000010 0.0863521 0.0863521 0.0855344 0.1064729 0.1064729 
Mlig.6105  0.2907290 0.1216149 0.2907290 0.1076204 0.1293067 0.1481243 0.1481243 0.0000010 0.0000000 0.0863521 0.0863521 0.0855344 0.1064729 0.1064729 
Mlig.40933 0.2418888 0.0478032 0.2418888 0.0354429 0.0543045 0.0916002 0.0916002 0.0863521 0.0863521 0.0000000 0.0000010 0.0056489 0.0414171 0.0414171 
Mlig.40934 0.2418888 0.0478032 0.2418888 0.0354429 0.0543045 0.0916002 0.0916002 0.0863521 0.0863521 0.0000010 0.0000000 0.0056489 0.0414171 0.0414171 
Mlig.40935 0.2332184 0.0473571 0.2332184 0.0351147 0.0537948 0.0848482 0.0848482 0.0855344 0.0855344 0.0056489 0.0056489 0.0000000 0.0410334 0.0410334 
Mlig.44682 0.2421439 0.0171971 0.2421439 0.0288235 0.0231463 0.1060045 0.1060045 0.1064729 0.1064729 0.0414171 0.0414171 0.0410334 0.0000000 0.0000010 
Mlig.44684 0.2421439 0.0171971 0.2421439 0.0288235 0.0231463 0.1060045 0.1060045 0.1064729 0.1064729 0.0414171 0.0414171 0.0410334 0.0000010 0.0000000 
