7
Smed.10419 0.0000000 0.0348791 0.0348791 0.1077586 0.1434089 0.0699152 0.0711251 
Smed.4726  0.0348791 0.0000000 0.0000010 0.0713875 0.1068980 0.0347280 0.0353241 
Smed.29129 0.0348791 0.0000010 0.0000000 0.0713875 0.1068980 0.0347280 0.0353241 
Smed.26796 0.1077586 0.0713875 0.0713875 0.0000000 0.1833988 0.1073260 0.1092269 
Smed.25738 0.1434089 0.1068980 0.1068980 0.1833988 0.0000000 0.1428649 0.1453902 
Smed.28357 0.0699152 0.0347280 0.0347280 0.1073260 0.1428649 0.0000000 0.0708266 
Smed.21814 0.0711251 0.0353241 0.0353241 0.1092269 0.1453902 0.0708266 0.0000000 
