6
Mlig.2186  0.0000000 0.0113089 0.5962357 0.5944447 0.5944447 0.5944447 
Mlig.2187  0.0113089 0.0000000 0.5906548 0.5888932 0.5888932 0.5888932 
Mlig.3894  0.5962357 0.5906548 0.0000000 0.0186356 0.0186356 0.0186356 
Mlig.23054 0.5944447 0.5888932 0.0186356 0.0000000 0.0000010 0.0000010 
Mlig.23055 0.5944447 0.5888932 0.0186356 0.0000010 0.0000000 0.0000010 
Mlig.49008 0.5944447 0.5888932 0.0186356 0.0000010 0.0000010 0.0000000 
