7
Smed.20610 0.0000000 6.9787398 1.2014990 1.0457853 1.2247011 1.2247011 1.4261404 
Smed.6283  6.9787398 0.0000000 3.1301473 2.2597570 4.3403660 4.3403660 3.7357282 
Smed.20742 1.2014990 3.1301473 0.0000000 0.5753476 0.4894038 0.4894038 0.5239832 
Smed.19604 1.0457853 2.2597570 0.5753476 0.0000000 0.6060036 0.6060036 0.7135663 
Smed.14607 1.2247011 4.3403660 0.4894038 0.6060036 0.0000000 0.0000010 0.0540060 
Smed.24834 1.2247011 4.3403660 0.4894038 0.6060036 0.0000010 0.0000000 0.0540060 
Smed.28830 1.4261404 3.7357282 0.5239832 0.7135663 0.0540060 0.0540060 0.0000000 
