6
Mlig.11569 0.0000000 0.0025901 0.0025901 0.5338332 0.5370884 0.5282233 
Mlig.11571 0.0025901 0.0000000 0.0000010 0.5299938 0.5332400 0.5243984 
Mlig.11570 0.0025901 0.0000010 0.0000000 0.5299938 0.5332400 0.5243984 
Mlig.14795 0.5338332 0.5299938 0.5299938 0.0000000 0.0182854 0.0104082 
Mlig.14796 0.5370884 0.5332400 0.5332400 0.0182854 0.0000000 0.0078023 
Mlig.14797 0.5282233 0.5243984 0.5243984 0.0104082 0.0078023 0.0000000 
