10
Mlig.9752  0.0000000 1.2074342 1.3706944 1.3571283 1.4035644 1.2945521 1.4466336 1.4466336 1.1956359 1.2074342 
Mlig.39983 1.2074342 0.0000000 0.6443266 0.6216286 0.6430805 0.7812313 0.6752079 0.6752079 0.0063748 0.0000010 
Mlig.16214 1.3706944 0.6443266 0.0000000 0.0130573 0.0198413 0.8398889 0.6130482 0.6130482 0.6372692 0.6443266 
Mlig.16213 1.3571283 0.6216286 0.0130573 0.0000000 0.0065011 0.8384852 0.6341575 0.6341575 0.6148344 0.6216286 
Mlig.25571 1.4035644 0.6430805 0.0198413 0.0065011 0.0000000 0.8676146 0.6565384 0.6565384 0.6360539 0.6430805 
Mlig.16993 1.2945521 0.7812313 0.8398889 0.8384852 0.8676146 0.0000000 0.8296478 0.8296478 0.7728879 0.7812313 
Mlig.18041 1.4466336 0.6752079 0.6130482 0.6341575 0.6565384 0.8296478 0.0000000 0.0000010 0.6677221 0.6752079 
Mlig.18042 1.4466336 0.6752079 0.6130482 0.6341575 0.6565384 0.8296478 0.0000010 0.0000000 0.6677221 0.6752079 
Mlig.39984 1.1956359 0.0063748 0.6372692 0.6148344 0.6360539 0.7728879 0.6677221 0.6677221 0.0000000 0.0063748 
Mlig.40286 1.2074342 0.0000010 0.6443266 0.6216286 0.6430805 0.7812313 0.6752079 0.6752079 0.0063748 0.0000000 
