12
Smed.21203 0.0000000 0.1957266 0.3477724 0.1176399 0.1215432 0.3078728 0.1508741 0.2780684 0.2076577 0.4672674 0.1899541 0.1899541 
Smed.10177 0.1957266 0.0000000 0.3227412 0.1921148 0.1964806 0.3173838 0.1896949 0.2683440 0.1532540 0.3983274 0.1953376 0.1953376 
Smed.19589 0.3477724 0.3227412 0.0000000 0.2406039 0.4337519 0.2719977 0.2705197 0.3888004 0.3129054 0.3150175 0.2788845 0.2611900 
Smed.2505  0.1176399 0.1921148 0.2406039 0.0000000 0.1846775 0.2509623 0.0966189 0.2353176 0.1660278 0.4069124 0.1345672 0.1345672 
Smed.26907 0.1215432 0.1964806 0.4337519 0.1846775 0.0000000 0.3868379 0.2165973 0.3619642 0.2914614 0.5581547 0.2599461 0.2599461 
Smed.22473 0.3078728 0.3173838 0.2719977 0.2509623 0.3868379 0.0000000 0.2258559 0.1879966 0.2644350 0.4663148 0.1567567 0.1567567 
Smed.21995 0.1508741 0.1896949 0.2705197 0.0966189 0.2165973 0.2258559 0.0000000 0.2128032 0.1489375 0.3691756 0.1200403 0.1200403 
Smed.12854 0.2780684 0.2683440 0.3888004 0.2353176 0.3619642 0.1879966 0.2128032 0.0000000 0.1554953 0.4909791 0.0874220 0.1480238 
Smed.23122 0.2076577 0.1532540 0.3129054 0.1660278 0.2914614 0.2644350 0.1489375 0.1554953 0.0000000 0.4153027 0.1531753 0.1531753 
Smed.12433 0.4672674 0.3983274 0.3150175 0.4069124 0.5581547 0.4663148 0.3691756 0.4909791 0.4153027 0.0000000 0.3801837 0.3653759 
Smed.2211  0.1899541 0.1953376 0.2788845 0.1345672 0.2599461 0.1567567 0.1200403 0.0874220 0.1531753 0.3801837 0.0000000 0.0583992 
Smed.2844  0.1899541 0.1953376 0.2611900 0.1345672 0.2599461 0.1567567 0.1200403 0.1480238 0.1531753 0.3653759 0.0583992 0.0000000 
