9
Mlig.31089 0.0000000 1.3939346 1.3997287 1.3833018 1.9867964 2.0413936 1.3733925 0.0293508 0.0100819 
Mlig.14403 1.3939346 0.0000000 0.0040480 0.0142550 1.7389059 1.4986485 0.0081106 1.4523420 1.4118085 
Mlig.14536 1.3997287 0.0040480 0.0000000 0.0101543 1.7370233 1.4971464 0.0122069 1.4583008 1.4176486 
Mlig.47250 1.3833018 0.0142550 0.0101543 0.0000000 1.7500701 1.4932878 0.0081038 1.4409534 1.4009551 
Mlig.4466  1.9867964 1.7389059 1.7370233 1.7500701 0.0000000 0.7551853 1.7539587 2.0826904 1.9946692 
Mlig.32775 2.0413936 1.4986485 1.4971464 1.4932878 0.7551853 0.0000000 1.4959596 2.0701487 2.0796646 
Mlig.22340 1.3733925 0.0081106 0.0122069 0.0081038 1.7539587 1.4959596 0.0000000 1.4307516 1.3909635 
Mlig.31087 0.0293508 1.4523420 1.4583008 1.4409534 2.0826904 2.0701487 1.4307516 0.0000000 0.0228507 
Mlig.31088 0.0100819 1.4118085 1.4176486 1.4009551 1.9946692 2.0796646 1.3909635 0.0228507 0.0000000 
