9
Mlig.6308  0.0000000 0.0000010 0.0000010 0.0273376 0.7459607 0.7459607 0.7376983 1.0128230 0.9978264 
Mlig.6306  0.0000010 0.0000000 0.0000010 0.0273376 0.7459607 0.7459607 0.7376983 1.0128230 0.9978264 
Mlig.6309  0.0000010 0.0000010 0.0000000 0.0273376 0.7459607 0.7459607 0.7376983 1.0128230 0.9978264 
Mlig.6307  0.0273376 0.0273376 0.0273376 0.0000000 0.7346149 0.7346149 0.7352074 0.9693081 0.9545523 
Mlig.24663 0.7459607 0.7459607 0.7459607 0.7346149 0.0000000 0.0000010 0.0043986 1.0248558 1.0624459 
Mlig.43057 0.7459607 0.7459607 0.7459607 0.7346149 0.0000010 0.0000000 0.0043986 1.0248558 1.0624459 
Mlig.45711 0.7376983 0.7376983 0.7376983 0.7352074 0.0043986 0.0043986 0.0000000 0.9999420 1.0366435 
Mlig.10371 1.0128230 1.0128230 1.0128230 0.9693081 1.0248558 1.0248558 0.9999420 0.0000000 0.0227708 
Mlig.22253 0.9978264 0.9978264 0.9978264 0.9545523 1.0624459 1.0624459 1.0366435 0.0227708 0.0000000 
