6
Mlig.27100 0.0000000 0.0300520 0.0224144 0.7941624 0.7919016 0.7919016 
Mlig.35447 0.0300520 0.0000000 0.0074528 0.7955897 0.7933103 0.7933103 
Mlig.27101 0.0224144 0.0074528 0.0000000 0.7849229 0.7826779 0.7826779 
Mlig.20134 0.7941624 0.7955897 0.7849229 0.0000000 0.0072224 0.0072224 
Mlig.41082 0.7919016 0.7933103 0.7826779 0.0072224 0.0000000 0.0000010 
Mlig.45756 0.7919016 0.7933103 0.7826779 0.0072224 0.0000010 0.0000000 
