6
Smar.8076  0.0000000 0.1136068 0.1013289 0.0993024 0.1005587 0.1124779 
Smar.3017  0.1136068 0.0000000 0.0475108 0.0473097 0.0391983 0.0445346 
Smar.5242  0.1013289 0.0475108 0.0000000 0.0261334 0.0340869 0.0394253 
Smar.8881  0.0993024 0.0473097 0.0261334 0.0000000 0.0339429 0.0392586 
Smar.7710  0.1005587 0.0391983 0.0340869 0.0339429 0.0000000 0.0419276 
Smar.8326  0.1124779 0.0445346 0.0394253 0.0392586 0.0419276 0.0000000 
