7
Mlig.47150 0.0000000 0.0000010 0.2197839 0.2197839 0.4538862 0.4607120 0.4301326 
Mlig.47151 0.0000010 0.0000000 0.2197839 0.2197839 0.4538862 0.4607120 0.4301326 
Mlig.8113  0.2197839 0.2197839 0.0000000 0.0000010 0.4140537 0.4204113 0.3890899 
Mlig.15468 0.2197839 0.2197839 0.0000010 0.0000000 0.4140537 0.4204113 0.3890899 
Mlig.25761 0.4538862 0.4538862 0.4140537 0.4140537 0.0000000 0.0376923 0.0185386 
Mlig.15411 0.4607120 0.4607120 0.4204113 0.4204113 0.0376923 0.0000000 0.0186996 
Mlig.25762 0.4301326 0.4301326 0.3890899 0.3890899 0.0185386 0.0186996 0.0000000 
