45
Hdim.6896  0.0000000 0.7926976 3.8129938 1.0006351 0.6994191 0.6994191 0.6406692 0.5943562 0.5648152 0.4665502 0.6448542 0.5147005 0.4888084 0.6242581 0.3531283 0.9755070 0.5234544 0.5234544 0.3590068 0.4360604 0.5601511 0.5067675 0.5067675 0.6800045 0.3666359 0.7003094 0.6160423 0.7950940 0.4993744 0.5765047 0.6632842 0.4955884 0.4186962 0.4577311 0.4832117 0.5858354 0.5731240 0.3531283 0.4403844 0.4403844 1.0700604 0.5201548 0.8094722 0.4339324 0.5826327 
Hdim.396   0.7926976 0.0000000 6.4756037 0.9622919 0.7106132 0.7106132 0.5468577 0.5421094 0.7076977 0.5968769 0.4536576 0.5225656 0.5505123 0.4330342 0.3586707 0.5238587 0.6382909 0.6382909 0.7142106 0.4427890 0.6001337 0.5143583 0.5143583 0.4268356 0.5612463 0.6232906 0.6252593 0.8660895 0.5498438 0.5740417 0.4602820 0.3577569 0.4454214 0.5456489 0.6548150 0.7128108 0.5823113 0.3586707 0.5381768 0.5381768 0.6351514 0.5279767 0.8202106 0.4406767 0.6050768 
Hdim.8388  3.8129938 6.4756037 0.0000000 7.2613725 5.1340003 5.1340003 7.0326380 5.9799358 8.9999987 3.0555947 5.3409535 6.6753253 7.8176884 5.5532853 5.2768349 4.9385714 4.1611654 4.1611654 3.8234754 4.9876384 5.0492349 5.6206229 5.6206229 3.7712431 3.5765522 3.3861907 8.9999983 9.0000000 5.3243085 8.9999984 5.1880352 5.7429455 4.0654415 6.4685072 5.9326582 3.5837042 5.8477255 5.2768349 4.3996150 4.3996150 3.6860750 4.5219271 5.4684800 6.2306212 4.8679971 
Hdim.1859  1.0006351 0.9622919 7.2613725 0.0000000 0.5125613 0.5125613 0.6966866 0.6392560 0.8462941 0.8322599 0.7309855 0.5083654 0.7064273 0.6286243 0.3825096 1.1638183 0.6384139 0.6384139 0.8182945 0.4723017 0.5737545 0.3636962 0.3636962 0.7427160 0.6013242 0.4023013 0.6026323 0.7238951 0.3685805 0.6314369 0.6400817 0.5571028 0.4844296 0.7586361 0.7578336 0.9216589 0.5465687 0.3825096 0.5841769 0.5841769 0.7951584 0.5574723 0.6894613 0.4222470 1.0560067 
Hdim.2857  0.6994191 0.7106132 5.1340003 0.5125613 0.0000000 0.0000010 0.3749111 0.4381905 0.4659135 0.5521266 0.4041471 0.3612602 0.4799811 0.4589519 0.2095479 0.7986466 0.4192700 0.4192700 0.5667326 0.2523543 0.4647229 0.3567361 0.3567361 0.3744135 0.3879538 0.3464919 0.4394414 0.6996152 0.3783205 0.6110899 0.4889653 0.3665572 0.2925567 0.5584209 0.4458147 0.5913070 0.4040967 0.2095479 0.3753830 0.3753830 0.5427117 0.3270154 0.5143588 0.2855127 0.7861360 
Hdim.2913  0.6994191 0.7106132 5.1340003 0.5125613 0.0000010 0.0000000 0.3749111 0.4381905 0.4659135 0.5521266 0.4041471 0.3612602 0.4799811 0.4589519 0.2095479 0.7986466 0.4192700 0.4192700 0.5667326 0.2523543 0.4647229 0.3567361 0.3567361 0.3744135 0.3879538 0.3464919 0.4394414 0.6996152 0.3783205 0.6110899 0.4889653 0.3665572 0.2925567 0.5584209 0.4458147 0.5913070 0.4040967 0.2095479 0.3753830 0.3753830 0.5427117 0.3270154 0.5143588 0.2855127 0.7861360 
Hdim.14142 0.6406692 0.5468577 7.0326380 0.6966866 0.3749111 0.3749111 0.0000000 0.3818851 0.5380835 0.5121342 0.4518767 0.3366552 0.4441919 0.3435479 0.1961335 0.6672727 0.4279652 0.4279652 0.5229417 0.2495760 0.4306398 0.3328635 0.3328635 0.2820405 0.3597837 0.4919128 0.4207185 0.6236267 0.3512418 0.4647040 0.3649489 0.3415225 0.2726234 0.5160165 0.5145527 0.5882158 0.2147625 0.1961335 0.3487146 0.3487146 0.6628328 0.3423785 0.2688531 0.2665812 0.7200046 
Hdim.5716  0.5943562 0.5421094 5.9799358 0.6392560 0.4381905 0.4381905 0.3818851 0.0000000 0.5014390 0.4225311 0.3838969 0.3171266 0.2708527 0.3759800 0.1853802 0.5729839 0.4014263 0.4014263 0.3988811 0.2535989 0.3195796 0.3118940 0.3118940 0.3136575 0.3375944 0.4613167 0.3951234 0.4349626 0.3299045 0.4736111 0.3203554 0.1880474 0.2568128 0.4824965 0.4812077 0.4737163 0.2755023 0.1853802 0.3276798 0.3276798 0.6450298 0.1886852 0.5474849 0.2515031 0.6308151 
Hdim.2711  0.5648152 0.7076977 8.9999987 0.8462941 0.4659135 0.4659135 0.5380835 0.5014390 0.0000000 0.5531197 0.4721336 0.4252571 0.4794689 0.5093875 0.2732967 0.8348771 0.4789073 0.4789073 0.6067534 0.3518014 0.3542288 0.4195572 0.4195572 0.5688957 0.3697708 0.5964613 0.5185336 0.7703722 0.4455265 0.6847349 0.5403894 0.4304482 0.3582089 0.6273735 0.4341065 0.6953214 0.4734270 0.2732967 0.3747084 0.3747084 0.9141893 0.4063658 0.6980483 0.3494139 0.6269167 
Hdim.6748  0.4665502 0.5968769 3.0555947 0.8322599 0.5521266 0.5521266 0.5121342 0.4225311 0.5531197 0.0000000 0.5169821 0.4203423 0.5404728 0.5181612 0.2710745 0.8901450 0.5212286 0.5212286 0.4214133 0.1932025 0.4120752 0.4148404 0.4148404 0.3828023 0.4499686 0.5881026 0.5116881 0.6702610 0.4399612 0.6738539 0.5500227 0.4254515 0.3544521 0.5766402 0.5748951 0.5548267 0.4671350 0.2710745 0.4366561 0.4366561 0.8743469 0.4262432 0.6693941 0.3459145 0.5662681 
Hdim.4316  0.6448542 0.4536576 5.3409535 0.7309855 0.4041471 0.4041471 0.4518767 0.3838969 0.4721336 0.5169821 0.0000000 0.3479968 0.4216666 0.4414332 0.2020814 0.6929922 0.4285632 0.4285632 0.5035467 0.2775020 0.4081292 0.3438650 0.3438650 0.4358492 0.3728239 0.5104151 0.4359436 0.6337718 0.3637473 0.5856498 0.4695189 0.3448186 0.1331687 0.5294630 0.4513294 0.4912272 0.3879470 0.2020814 0.2038174 0.2038174 0.3615484 0.3386517 0.6079121 0.2751442 0.5279013 
Hdim.1491  0.5147005 0.5225656 6.6753253 0.5083654 0.3612602 0.3612602 0.3366552 0.3171266 0.4252571 0.4203423 0.3479968 0.0000000 0.3438682 0.3296970 0.1219531 0.5564596 0.2620174 0.2620174 0.4145002 0.1881859 0.3330122 0.2149154 0.2149154 0.3530864 0.2671176 0.2879457 0.1947438 0.3930884 0.2061418 0.4443542 0.3495964 0.2548686 0.1901215 0.3373633 0.4084999 0.4657005 0.2777227 0.1219531 0.2588488 0.2588488 0.6316533 0.2556295 0.4538775 0.1230343 0.3356741 
Hdim.15146 0.4888084 0.5505123 7.8176884 0.7064273 0.4799811 0.4799811 0.4441919 0.2708527 0.4794689 0.5404728 0.4216666 0.3438682 0.0000000 0.4342678 0.2010907 0.4910904 0.3605328 0.3605328 0.4309505 0.2750990 0.3725577 0.3380934 0.3380934 0.4678362 0.3677214 0.5008670 0.4290409 0.6561902 0.3589752 0.5467754 0.3789429 0.1300016 0.2278930 0.4303569 0.5240182 0.5990423 0.3010548 0.2010907 0.1447718 0.1447718 0.7576477 0.2050144 0.5944987 0.2727946 0.6236479 
Hdim.9056  0.6242581 0.4330342 5.5532853 0.6286243 0.4589519 0.4589519 0.3435479 0.3759800 0.5093875 0.5181612 0.4414332 0.3296970 0.4342678 0.0000000 0.1921437 0.5671885 0.4186278 0.4186278 0.5108308 0.2633206 0.4211791 0.3260930 0.3260930 0.2750801 0.3383815 0.4812005 0.4117134 0.6294376 0.3436456 0.2065050 0.1320809 0.3344451 0.2668954 0.5042672 0.5028655 0.5733581 0.3655305 0.1921437 0.3412242 0.3412242 0.4335132 0.3352853 0.4102012 0.2611145 0.7010949 
Hdim.10137 0.3531283 0.3586707 5.2768349 0.3825096 0.2095479 0.2095479 0.1961335 0.1853802 0.2732967 0.2710745 0.2020814 0.1219531 0.2010907 0.1921437 0.0000000 0.4811114 0.1928477 0.1928477 0.2672394 0.0613260 0.1939555 0.1211026 0.1211026 0.2053891 0.1298575 0.2524746 0.1901574 0.3694040 0.1264029 0.2870641 0.2042817 0.1244233 0.0616734 0.2643035 0.2635642 0.3017360 0.1354983 0.0000010 0.1255686 0.1255686 0.4530468 0.1248874 0.3302311 0.0605693 0.4219263 
Hdim.9208  0.9755070 0.5238587 4.9385714 1.1638183 0.7986466 0.7986466 0.6672727 0.5729839 0.8348771 0.8901450 0.6929922 0.5564596 0.4910904 0.5671885 0.4811114 0.0000000 0.4982821 0.4982821 0.7416836 0.5658530 0.6868497 0.6371578 0.6371578 0.5918614 0.6935920 0.6300273 0.6869700 1.0425038 0.6829855 0.7207434 0.5995750 0.4783752 0.5746429 0.6762422 0.8634523 0.6511260 0.7164026 0.4811114 0.4790551 0.4790551 0.6932503 0.4799727 0.9465711 0.5648997 0.7919061 
Hdim.13461 0.5234544 0.6382909 4.1611654 0.6384139 0.4192700 0.4192700 0.4279652 0.4014263 0.4789073 0.5212286 0.4285632 0.2620174 0.3605328 0.4186278 0.1928477 0.4982821 0.0000000 0.0000010 0.4117409 0.2643679 0.4002275 0.2611725 0.2611725 0.4501848 0.3535349 0.4125302 0.2600343 0.5160397 0.2973144 0.5511822 0.4440581 0.3358905 0.2679852 0.3396368 0.4829318 0.3934049 0.3673030 0.1928477 0.2708168 0.2708168 0.5570680 0.1937724 0.5022444 0.1240360 0.4702553 
Hdim.13865 0.5234544 0.6382909 4.1611654 0.6384139 0.4192700 0.4192700 0.4279652 0.4014263 0.4789073 0.5212286 0.4285632 0.2620174 0.3605328 0.4186278 0.1928477 0.4982821 0.0000010 0.0000000 0.4117409 0.2643679 0.4002275 0.2611725 0.2611725 0.4501848 0.3535349 0.4125302 0.2600343 0.5160397 0.2973144 0.5511822 0.4440581 0.3358905 0.2679852 0.3396368 0.4829318 0.3934049 0.3673030 0.1928477 0.2708168 0.2708168 0.5570680 0.1937724 0.5022444 0.1240360 0.4702553 
Hdim.3980  0.3590068 0.7142106 3.8234754 0.8182945 0.5667326 0.5667326 0.5229417 0.3988811 0.6067534 0.4214133 0.5035467 0.4145002 0.4309505 0.5108308 0.2672394 0.7416836 0.4117409 0.4117409 0.0000000 0.3433949 0.2991197 0.4091755 0.4091755 0.3504218 0.2771710 0.5798896 0.5045212 0.5508513 0.3931292 0.4622470 0.5419740 0.4195611 0.3493521 0.4064071 0.4052154 0.3175947 0.4601904 0.2672394 0.3382244 0.3382244 0.8483964 0.4203553 0.6784809 0.3410609 0.5183609 
Hdim.6895  0.4360604 0.4427890 4.9876384 0.4723017 0.2523543 0.2523543 0.2495760 0.2535989 0.3518014 0.1932025 0.2775020 0.1881859 0.2750990 0.2633206 0.0613260 0.5658530 0.2643679 0.2643679 0.3433949 0.0000000 0.2658801 0.1866415 0.1866415 0.2232670 0.2005304 0.3243671 0.2604826 0.4500165 0.1953707 0.3684599 0.2796251 0.1916478 0.1271062 0.3395065 0.3385695 0.3866956 0.2089142 0.0613260 0.1940577 0.1940577 0.5435551 0.1922988 0.3890026 0.1246813 0.5060921 
Hdim.8417  0.5601511 0.6001337 5.0492349 0.5737545 0.4647229 0.4647229 0.4306398 0.3195796 0.3542288 0.4120752 0.4081292 0.3330122 0.3725577 0.4211791 0.1939555 0.6868497 0.4002275 0.4002275 0.2991197 0.2658801 0.0000000 0.1903086 0.1903086 0.2710213 0.3556934 0.4867649 0.4161942 0.3713051 0.3472877 0.4531338 0.4023620 0.3359841 0.2695530 0.5104622 0.5090222 0.4169941 0.3226873 0.1939555 0.2810556 0.2810556 0.7203477 0.3368431 0.5790562 0.2636465 0.5544607 
Hdim.14532 0.5067675 0.5143583 5.6206229 0.3636962 0.3567361 0.3567361 0.3328635 0.3118940 0.4195572 0.4148404 0.3438650 0.2149154 0.3380934 0.3260930 0.1211026 0.6371578 0.2611725 0.2611725 0.4091755 0.1866415 0.1903086 0.0000000 0.0000010 0.3488237 0.2644279 0.2456452 0.2573649 0.2569137 0.1886153 0.3485899 0.3008248 0.2497157 0.1885285 0.3358428 0.4033703 0.4587838 0.2270941 0.1211026 0.2563397 0.2563397 0.6200485 0.2504714 0.3207642 0.1229171 0.5021766 
Hdim.14564 0.5067675 0.5143583 5.6206229 0.3636962 0.3567361 0.3567361 0.3328635 0.3118940 0.4195572 0.4148404 0.3438650 0.2149154 0.3380934 0.3260930 0.1211026 0.6371578 0.2611725 0.2611725 0.4091755 0.1866415 0.1903086 0.0000010 0.0000000 0.3488237 0.2644279 0.2456452 0.2573649 0.2569137 0.1886153 0.3485899 0.3008248 0.2497157 0.1885285 0.3358428 0.4033703 0.4587838 0.2270941 0.1211026 0.2563397 0.2563397 0.6200485 0.2504714 0.3207642 0.1229171 0.5021766 
Hdim.13236 0.6800045 0.4268356 3.7712431 0.7427160 0.3744135 0.3744135 0.2820405 0.3136575 0.5688957 0.3828023 0.4358492 0.3530864 0.4678362 0.2750801 0.2053891 0.5918614 0.4501848 0.4501848 0.3504218 0.2232670 0.2710213 0.3488237 0.3488237 0.0000000 0.3785093 0.5174002 0.4421086 0.5675305 0.3692622 0.3876672 0.2928743 0.3582326 0.2860860 0.5440499 0.5424345 0.4431222 0.3939464 0.2053891 0.3664714 0.3664714 0.6190145 0.3591217 0.5163455 0.2793941 0.7161267 
Hdim.13191 0.3666359 0.5612463 3.5765522 0.6013242 0.3879538 0.3879538 0.3597837 0.3375944 0.3697708 0.4499686 0.3728239 0.2671176 0.3677214 0.3383815 0.1298575 0.6935920 0.3535349 0.3535349 0.2771710 0.2005304 0.3556934 0.2644279 0.2644279 0.3785093 0.0000000 0.4172692 0.3477593 0.4830549 0.2337488 0.2983544 0.3599378 0.2715988 0.2028174 0.2740238 0.2732355 0.3140460 0.2975017 0.1298575 0.2763353 0.2763353 0.6796609 0.2724252 0.5075599 0.1985208 0.4375891 
Hdim.1255  0.7003094 0.6232906 3.3861907 0.4023013 0.3464919 0.3464919 0.4919128 0.4613167 0.5964613 0.5881026 0.5104151 0.2879457 0.5008670 0.4812005 0.2524746 0.6300273 0.4125302 0.4125302 0.5798896 0.3243671 0.4867649 0.2456452 0.2456452 0.5174002 0.4172692 0.0000000 0.3350328 0.5671809 0.3303070 0.6204708 0.5092545 0.3961891 0.3294688 0.4978042 0.4053001 0.6482210 0.4325090 0.2524746 0.4053738 0.4053738 0.6015081 0.3969792 0.4586219 0.2564995 0.5948246 
Hdim.7216  0.6160423 0.6252593 8.9999983 0.6026323 0.4394414 0.4394414 0.4207185 0.3951234 0.5185336 0.5116881 0.4359436 0.1947438 0.4290409 0.4117134 0.1901574 0.6869700 0.2600343 0.2600343 0.5045212 0.2604826 0.4161942 0.2573649 0.2573649 0.4421086 0.3477593 0.3350328 0.0000000 0.5068049 0.2923905 0.5406026 0.4363260 0.3307370 0.2639510 0.3343073 0.4967620 0.5657581 0.3611137 0.1901574 0.3373025 0.3373025 0.7191775 0.3315681 0.3409409 0.1224206 0.4288754 
Hdim.4868  0.7950940 0.8660895 9.0000000 0.7238951 0.6996152 0.6996152 0.6236267 0.4349626 0.7703722 0.6702610 0.6337718 0.3930884 0.6561902 0.6294376 0.3694040 1.0425038 0.5160397 0.5160397 0.5508513 0.4500165 0.3713051 0.2569137 0.2569137 0.5675305 0.4830549 0.5671809 0.5068049 0.0000000 0.4133358 0.5947376 0.6245487 0.5300862 0.4599344 0.5299903 0.6485341 0.6386821 0.5136190 0.3694040 0.5471521 0.5471521 1.0119809 0.5305419 0.6431646 0.3440291 0.6981327 
Hdim.7693  0.4993744 0.5498438 5.3243085 0.3685805 0.3783205 0.3783205 0.3512418 0.3299045 0.4455265 0.4399612 0.3637473 0.2061418 0.3589752 0.3436456 0.1264029 0.6829855 0.2973144 0.2973144 0.3931292 0.1953707 0.3472877 0.1886153 0.1886153 0.3692622 0.2337488 0.3303070 0.2923905 0.4133358 0.0000000 0.4240506 0.3652397 0.2649570 0.1975142 0.3391776 0.3870262 0.4463818 0.2897844 0.1264029 0.2694075 0.2694075 0.6680191 0.2657621 0.4150938 0.1400250 0.5319237 
Hdim.4938  0.5765047 0.5740417 8.9999984 0.6314369 0.6110899 0.6110899 0.4647040 0.4736111 0.6847349 0.6738539 0.5856498 0.4443542 0.5467754 0.2065050 0.2870641 0.7207434 0.5511822 0.5511822 0.4622470 0.3684599 0.4531338 0.3485899 0.3485899 0.3876672 0.2983544 0.6204708 0.5406026 0.5947376 0.4240506 0.0000000 0.2967760 0.4230388 0.3756278 0.4561821 0.4548374 0.5233364 0.3997572 0.2870641 0.4625766 0.4625766 0.5764016 0.4238985 0.5375880 0.3660424 0.6561809 
Hdim.2200  0.6632842 0.4602820 5.1880352 0.6400817 0.4889653 0.4889653 0.3649489 0.3203554 0.5403894 0.5500227 0.4695189 0.3495964 0.3789429 0.1320809 0.2042817 0.5995750 0.4440581 0.4440581 0.5419740 0.2796251 0.4023620 0.3008248 0.3008248 0.2928743 0.3599378 0.5092545 0.4363260 0.6245487 0.3652397 0.2967760 0.0000000 0.2790887 0.2838011 0.5345976 0.5330629 0.6099468 0.2002213 0.2042817 0.3625411 0.3625411 0.6484158 0.2799462 0.6041036 0.2772757 0.7435488 
Hdim.10822 0.4955884 0.3577569 5.7429455 0.5571028 0.3665572 0.3665572 0.3415225 0.1880474 0.4304482 0.4254515 0.3448186 0.2548686 0.1300016 0.3344451 0.1244233 0.4783752 0.3358905 0.3358905 0.4195611 0.1916478 0.3359841 0.2497157 0.2497157 0.3582326 0.2715988 0.3961891 0.3307370 0.5300862 0.2649570 0.4230388 0.2790887 0.0000000 0.1808196 0.2643249 0.4134913 0.4710318 0.2079768 0.1244233 0.2532058 0.2532058 0.6284630 0.1265479 0.4807208 0.1897791 0.5914708 
Hdim.11426 0.4186962 0.4454214 4.0654415 0.4844296 0.2925567 0.2925567 0.2726234 0.2568128 0.3582089 0.3544521 0.1331687 0.1901215 0.2278930 0.2668954 0.0616734 0.5746429 0.2679852 0.2679852 0.3493521 0.1271062 0.2695530 0.1885285 0.1885285 0.2860860 0.2028174 0.3294688 0.2639510 0.4599344 0.1975142 0.3756278 0.2838011 0.1808196 0.0000000 0.3369474 0.3442930 0.3948008 0.2114481 0.0616734 0.0621297 0.0621297 0.3708982 0.1943325 0.4134578 0.1256748 0.5188800 
Hdim.11434 0.4577311 0.5456489 6.4685072 0.7586361 0.5584209 0.5584209 0.5160165 0.4824965 0.6273735 0.5766402 0.5294630 0.3373633 0.4303569 0.5042672 0.2643035 0.6762422 0.3396368 0.3396368 0.4064071 0.3395065 0.5104622 0.3358428 0.3358428 0.5440499 0.2740238 0.4978042 0.3343073 0.5299903 0.3391776 0.4561821 0.5345976 0.2643249 0.3369474 0.0000000 0.2625887 0.4596832 0.4542079 0.2643035 0.4176944 0.4176944 0.8757623 0.4154158 0.5928271 0.1908928 0.4201349 
Hdim.2576  0.4832117 0.6548150 5.9326582 0.7578336 0.4458147 0.4458147 0.5145527 0.4812077 0.4341065 0.5748951 0.4513294 0.4084999 0.5240182 0.5028655 0.2635642 0.8634523 0.4829318 0.4829318 0.4052154 0.3385695 0.5090222 0.4033703 0.4033703 0.5424345 0.2732355 0.4053001 0.4967620 0.6485341 0.3870262 0.4548374 0.5330629 0.4134913 0.3442930 0.2625887 0.0000000 0.4318297 0.4528790 0.2635642 0.4238242 0.4238242 0.8635218 0.3899123 0.6669343 0.3362625 0.6006492 
Hdim.14143 0.5858354 0.7128108 3.5837042 0.9216589 0.5913070 0.5913070 0.5882158 0.4737163 0.6953214 0.5548267 0.4912272 0.4657005 0.5990423 0.5733581 0.3017360 0.6511260 0.3934049 0.3934049 0.3175947 0.3866956 0.4169941 0.4587838 0.4587838 0.4431222 0.3140460 0.6482210 0.5657581 0.6386821 0.4463818 0.5233364 0.6099468 0.4710318 0.3948008 0.4596832 0.4318297 0.0000000 0.5204972 0.3017360 0.4856119 0.4856119 0.6295476 0.3024461 0.7543226 0.3842521 0.5718880 
Hdim.7628  0.5731240 0.5823113 5.8477255 0.5465687 0.4040967 0.4040967 0.2147625 0.2755023 0.4734270 0.4671350 0.3879470 0.2777227 0.3010548 0.3655305 0.1354983 0.7164026 0.3673030 0.3673030 0.4601904 0.2089142 0.3226873 0.2270941 0.2270941 0.3939464 0.2975017 0.4325090 0.3611137 0.5136190 0.2897844 0.3997572 0.2002213 0.2079768 0.2114481 0.4542079 0.4528790 0.5204972 0.0000000 0.1354983 0.2876478 0.2876478 0.7041949 0.2087226 0.3596589 0.2067935 0.6518754 
Hdim.10841 0.3531283 0.3586707 5.2768349 0.3825096 0.2095479 0.2095479 0.1961335 0.1853802 0.2732967 0.2710745 0.2020814 0.1219531 0.2010907 0.1921437 0.0000010 0.4811114 0.1928477 0.1928477 0.2672394 0.0613260 0.1939555 0.1211026 0.1211026 0.2053891 0.1298575 0.2524746 0.1901574 0.3694040 0.1264029 0.2870641 0.2042817 0.1244233 0.0616734 0.2643035 0.2635642 0.3017360 0.1354983 0.0000000 0.1255686 0.1255686 0.4530468 0.1248874 0.3302311 0.0605693 0.4219263 
Hdim.3027  0.4403844 0.5381768 4.3996150 0.5841769 0.3753830 0.3753830 0.3487146 0.3276798 0.3747084 0.4366561 0.2038174 0.2588488 0.1447718 0.3412242 0.1255686 0.4790551 0.2708168 0.2708168 0.3382244 0.1940577 0.2810556 0.2563397 0.2563397 0.3664714 0.2763353 0.4053738 0.3373025 0.5471521 0.2694075 0.4625766 0.3625411 0.2532058 0.0621297 0.4176944 0.4238242 0.4856119 0.2876478 0.1255686 0.0000000 0.0000010 0.4579040 0.2639568 0.4940844 0.1921366 0.5138969 
Hdim.3242  0.4403844 0.5381768 4.3996150 0.5841769 0.3753830 0.3753830 0.3487146 0.3276798 0.3747084 0.4366561 0.2038174 0.2588488 0.1447718 0.3412242 0.1255686 0.4790551 0.2708168 0.2708168 0.3382244 0.1940577 0.2810556 0.2563397 0.2563397 0.3664714 0.2763353 0.4053738 0.3373025 0.5471521 0.2694075 0.4625766 0.3625411 0.2532058 0.0621297 0.4176944 0.4238242 0.4856119 0.2876478 0.1255686 0.0000010 0.0000000 0.4579040 0.2639568 0.4940844 0.1921366 0.5138969 
Hdim.7052  1.0700604 0.6351514 3.6860750 0.7951584 0.5427117 0.5427117 0.6628328 0.6450298 0.9141893 0.8743469 0.3615484 0.6316533 0.7576477 0.4335132 0.4530468 0.6932503 0.5570680 0.5570680 0.8483964 0.5435551 0.7203477 0.6200485 0.6200485 0.6190145 0.6796609 0.6015081 0.7191775 1.0119809 0.6680191 0.5764016 0.6484158 0.6284630 0.3708982 0.8757623 0.8635218 0.6295476 0.7041949 0.4530468 0.4579040 0.4579040 0.0000000 0.4522350 0.7135168 0.5422595 0.8777214 
Hdim.8049  0.5201548 0.5279767 4.5219271 0.5574723 0.3270154 0.3270154 0.3423785 0.1886852 0.4063658 0.4262432 0.3386517 0.2556295 0.2050144 0.3352853 0.1248874 0.4799727 0.1937724 0.1937724 0.4203553 0.1922988 0.3368431 0.2504714 0.2504714 0.3591217 0.2724252 0.3969792 0.3315681 0.5305419 0.2657621 0.4238985 0.2799462 0.1265479 0.1943325 0.4154158 0.3899123 0.3024461 0.2087226 0.1248874 0.2639568 0.2639568 0.4522350 0.0000000 0.4813343 0.1904227 0.5916048 
Hdim.11218 0.8094722 0.8202106 5.4684800 0.6894613 0.5143588 0.5143588 0.2688531 0.5474849 0.6980483 0.6693941 0.6079121 0.4538775 0.5944987 0.4102012 0.3302311 0.9465711 0.5022444 0.5022444 0.6784809 0.3890026 0.5790562 0.3207642 0.3207642 0.5163455 0.5075599 0.4586219 0.3409409 0.6431646 0.4150938 0.5375880 0.6041036 0.4807208 0.4134578 0.5928271 0.6669343 0.7543226 0.3596589 0.3302311 0.4940844 0.4940844 0.7135168 0.4813343 0.0000000 0.3357098 0.8038487 
Hdim.10042 0.4339324 0.4406767 6.2306212 0.4222470 0.2855127 0.2855127 0.2665812 0.2515031 0.3494139 0.3459145 0.2751442 0.1230343 0.2727946 0.2611145 0.0605693 0.5648997 0.1240360 0.1240360 0.3410609 0.1246813 0.2636465 0.1229171 0.1229171 0.2793941 0.1985208 0.2564995 0.1224206 0.3440291 0.1400250 0.3660424 0.2772757 0.1897791 0.1256748 0.1908928 0.3362625 0.3842521 0.2067935 0.0605693 0.1921366 0.1921366 0.5422595 0.1904227 0.3357098 0.0000000 0.3365900 
Hdim.11421 0.5826327 0.6050768 4.8679971 1.0560067 0.7861360 0.7861360 0.7200046 0.6308151 0.6269167 0.5662681 0.5279013 0.3356741 0.6236479 0.7010949 0.4219263 0.7919061 0.4702553 0.4702553 0.5183609 0.5060921 0.5544607 0.5021766 0.5021766 0.7161267 0.4375891 0.5948246 0.4288754 0.6981327 0.5319237 0.6561809 0.7435488 0.5914708 0.5188800 0.4201349 0.6006492 0.5718880 0.6518754 0.4219263 0.5138969 0.5138969 0.8777214 0.5916048 0.8038487 0.3365900 0.0000000 
