9
Smed.4124  0.0000000 1.0926563 1.2227557 1.4136905 1.2098560 1.3439556 1.1115725 1.0896284 1.3253766 
Smed.23833 1.0926563 0.0000000 0.8482078 0.7411170 0.7092822 1.0135558 0.4966768 0.6969693 0.9058787 
Smed.10499 1.2227557 0.8482078 0.0000000 0.9105787 0.4322293 0.9628125 0.9053020 0.6900437 0.8528645 
Smed.5692  1.4136905 0.7411170 0.9105787 0.0000000 0.8351629 0.9209130 0.7614333 0.5956623 0.7042137 
Smed.4382  1.2098560 0.7092822 0.4322293 0.8351629 0.0000000 0.9997761 0.8361346 0.5909993 0.7260513 
Smed.3271  1.3439556 1.0135558 0.9628125 0.9209130 0.9997761 0.0000000 1.1459153 0.8606625 1.0517512 
Smed.22319 1.1115725 0.4966768 0.9053020 0.7614333 0.8361346 1.1459153 0.0000000 0.7215820 0.9305482 
Smed.4651  1.0896284 0.6969693 0.6900437 0.5956623 0.5909993 0.8606625 0.7215820 0.0000000 0.0753062 
Smed.6317  1.3253766 0.9058787 0.8528645 0.7042137 0.7260513 1.0517512 0.9305482 0.0753062 0.0000000 
