14
Mlig.37900 0.0000000 0.2877057 0.2909281 0.2909281 0.2903462 0.2903462 0.2853043 0.2109292 0.2109292 0.2156367 0.0066455 0.0033160 0.2132423 0.2033616 
Mlig.2821  0.2877057 0.0000000 0.0066150 0.0066150 0.0066074 0.0066074 0.0032969 0.1572003 0.1572003 0.1615109 0.2774744 0.2814571 0.3539736 0.3425853 
Mlig.2825  0.2909281 0.0066150 0.0000000 0.0000010 0.0065830 0.0065830 0.0032848 0.1565379 0.1565379 0.1608300 0.2807059 0.2846926 0.3569396 0.3455846 
Mlig.2826  0.2909281 0.0066150 0.0000010 0.0000000 0.0065830 0.0065830 0.0032848 0.1565379 0.1565379 0.1608300 0.2807059 0.2846926 0.3569396 0.3455846 
Mlig.2820  0.2903462 0.0066074 0.0065830 0.0065830 0.0000000 0.0000010 0.0032811 0.1562885 0.1562885 0.1605723 0.2801533 0.2841278 0.3562025 0.3448765 
Mlig.2823  0.2903462 0.0066074 0.0065830 0.0065830 0.0000010 0.0000000 0.0032811 0.1562885 0.1562885 0.1605723 0.2801533 0.2841278 0.3562025 0.3448765 
Mlig.2824  0.2853043 0.0032969 0.0032848 0.0032848 0.0032811 0.0032811 0.0000000 0.1520936 0.1520936 0.1563617 0.2751796 0.2791154 0.3510457 0.3397540 
Mlig.17677 0.2109292 0.1572003 0.1565379 0.1565379 0.1562885 0.1562885 0.1520936 0.0000000 0.0000010 0.0032888 0.2023634 0.2054819 0.2677435 0.2574372 
Mlig.17037 0.2109292 0.1572003 0.1565379 0.1565379 0.1562885 0.1562885 0.1520936 0.0000010 0.0000000 0.0032888 0.2023634 0.2054819 0.2677435 0.2574372 
Mlig.42512 0.2156367 0.1615109 0.1608300 0.1608300 0.1605723 0.1605723 0.1563617 0.0032888 0.0032888 0.0000000 0.2069947 0.2101583 0.2725973 0.2622557 
Mlig.608   0.0066455 0.2774744 0.2807059 0.2807059 0.2801533 0.2801533 0.2751796 0.2023634 0.2023634 0.2069947 0.0000000 0.0033040 0.2168355 0.2069649 
Mlig.609   0.0033160 0.2814571 0.2846926 0.2846926 0.2841278 0.2841278 0.2791154 0.2054819 0.2054819 0.2101583 0.0033040 0.0000000 0.2122784 0.2024454 
Mlig.8589  0.2132423 0.3539736 0.3569396 0.3569396 0.3562025 0.3562025 0.3510457 0.2677435 0.2677435 0.2725973 0.2168355 0.2122784 0.0000000 0.0067526 
Mlig.35144 0.2033616 0.3425853 0.3455846 0.3455846 0.3448765 0.3448765 0.3397540 0.2574372 0.2574372 0.2622557 0.2069649 0.2024454 0.0067526 0.0000000 
