6
Mlig.37164 0.0000000 0.0141615 1.6633499 1.6633499 1.8690606 1.8769869 
Mlig.37165 0.0141615 0.0000000 1.6504997 1.6504997 1.8418077 1.8495609 
Mlig.45351 1.6633499 1.6504997 0.0000000 0.0000010 1.3924758 1.3972393 
Mlig.45350 1.6633499 1.6504997 0.0000010 0.0000000 1.3924758 1.3972393 
Mlig.7266  1.8690606 1.8418077 1.3924758 1.3924758 0.0000000 0.0161506 
Mlig.43943 1.8769869 1.8495609 1.3972393 1.3972393 0.0161506 0.0000000 
