8
Mlig.43958 0.0000000 0.5875767 0.5745575 0.5806316 0.0000010 0.1791481 0.1713924 0.1794678 
Mlig.16286 0.5875767 0.0000000 0.0060927 0.0246467 0.5875767 0.5968197 0.6018123 0.6150755 
Mlig.19647 0.5745575 0.0060927 0.0000000 0.0183607 0.5745575 0.5839876 0.5889063 0.6020401 
Mlig.39613 0.5806316 0.0246467 0.0183607 0.0000000 0.5806316 0.5883129 0.5933085 0.6066261 
Mlig.42912 0.0000010 0.5875767 0.5745575 0.5806316 0.0000000 0.1791481 0.1713924 0.1794678 
Mlig.9666  0.1791481 0.5968197 0.5839876 0.5883129 0.1791481 0.0000000 0.0062298 0.0125210 
Mlig.9667  0.1713924 0.6018123 0.5889063 0.5933085 0.1713924 0.0062298 0.0000000 0.0062353 
Mlig.9668  0.1794678 0.6150755 0.6020401 0.6066261 0.1794678 0.0125210 0.0062353 0.0000000 
