6
Smed.14324 0.0000000 0.0000010 0.1614451 0.0165830 0.0166047 0.0000010 
Smed.23779 0.0000010 0.0000000 0.1614451 0.0165830 0.0166047 0.0000010 
Smed.28766 0.1614451 0.1614451 0.0000000 0.1795629 0.1796689 0.1614451 
Smed.9367  0.0165830 0.0165830 0.1795629 0.0000000 0.0332156 0.0165830 
Smed.10398 0.0166047 0.0166047 0.1796689 0.0332156 0.0000000 0.0166047 
Smed.27828 0.0000010 0.0000010 0.1614451 0.0165830 0.0166047 0.0000000 
