8
Mlig.7817  0.0000000 0.4719490 0.5542676 0.4711667 0.6402617 0.6438691 0.0016992 0.3256044 
Mlig.20104 0.4719490 0.0000000 0.0603317 0.0059623 0.7466532 0.7447404 0.4706667 0.5306823 
Mlig.20102 0.5542676 0.0603317 0.0000000 0.0574694 0.8541721 0.8504585 0.5528116 0.6234178 
Mlig.20103 0.4711667 0.0059623 0.0574694 0.0000000 0.7468219 0.7449093 0.4698857 0.5296620 
Mlig.3230  0.6402617 0.7466532 0.8541721 0.7468219 0.0000000 0.0025348 0.6422487 0.5943152 
Mlig.3231  0.6438691 0.7447404 0.8504585 0.7449093 0.0025348 0.0000000 0.6458651 0.5973703 
Mlig.7816  0.0016992 0.4706667 0.5528116 0.4698857 0.6422487 0.6458651 0.0000000 0.3270572 
Mlig.30965 0.3256044 0.5306823 0.6234178 0.5296620 0.5943152 0.5973703 0.3270572 0.0000000 
