7
Mlig.11700 0.0000000 0.0154682 0.0311714 0.0193737 0.7052388 0.7052350 0.7067941 
Mlig.11877 0.0154682 0.0000000 0.0154732 0.0038469 0.6844634 0.6844623 0.6859744 
Mlig.11069 0.0311714 0.0154732 0.0000000 0.0193798 0.6755860 0.6755859 0.6770906 
Mlig.11070 0.0193737 0.0038469 0.0193798 0.0000000 0.6917566 0.6917546 0.6932831 
Mlig.23514 0.7052388 0.6844634 0.6755860 0.6917566 0.0000000 0.0074525 0.0112111 
Mlig.23513 0.7052350 0.6844623 0.6755859 0.6917546 0.0074525 0.0000000 0.0037138 
Mlig.23515 0.7067941 0.6859744 0.6770906 0.6932831 0.0112111 0.0037138 0.0000000 
