6
Mlig.32453 0.0000000 0.5560323 0.5560323 0.5560323 0.4671513 0.4729450 
Mlig.15100 0.5560323 0.0000000 0.0000010 0.0000010 0.6250417 0.6316009 
Mlig.38522 0.5560323 0.0000010 0.0000000 0.0000010 0.6250417 0.6316009 
Mlig.40566 0.5560323 0.0000010 0.0000010 0.0000000 0.6250417 0.6316009 
Mlig.38305 0.4671513 0.6250417 0.6250417 0.6250417 0.0000000 0.0027385 
Mlig.38306 0.4729450 0.6316009 0.6316009 0.6316009 0.0027385 0.0000000 
