7
Mlig.26071 0.0000000 0.0057951 0.0145359 0.0145359 1.2267608 1.1912968 1.2529893 
Mlig.26074 0.0057951 0.0000000 0.0204127 0.0204127 1.2390343 1.2036238 1.2657428 
Mlig.26072 0.0145359 0.0204127 0.0000000 0.0000010 1.2149067 1.1792920 1.2667538 
Mlig.26075 0.0145359 0.0204127 0.0000010 0.0000000 1.2149067 1.1792920 1.2667538 
Mlig.21430 1.2267608 1.2390343 1.2149067 1.2149067 0.0000000 0.1655913 0.2797712 
Mlig.26073 1.1912968 1.2036238 1.1792920 1.1792920 0.1655913 0.0000000 0.2324700 
Mlig.31938 1.2529893 1.2657428 1.2667538 1.2667538 0.2797712 0.2324700 0.0000000 
