10
Hmic.9965  0.0000000 0.2147674 0.2838345 0.2838345 0.3161431 0.2155771 0.2355674 0.2642528 0.2642528 0.2401428 
Hmic.9980  0.2147674 0.0000000 0.2865145 0.2865145 0.3357593 0.2390061 0.2305567 0.2826408 0.2826408 0.2496650 
Hmic.9960  0.2838345 0.2865145 0.0000000 0.0000010 0.1616541 0.2898935 0.3023135 0.3601526 0.3601526 0.3316350 
Hmic.9961  0.2838345 0.2865145 0.0000010 0.0000000 0.1616541 0.2898935 0.3023135 0.3601526 0.3601526 0.3316350 
Hmic.9962  0.3161431 0.3357593 0.1616541 0.1616541 0.0000000 0.2456372 0.3436132 0.3803761 0.3803761 0.3478627 
Hmic.9963  0.2155771 0.2390061 0.2898935 0.2898935 0.2456372 0.0000000 0.2591767 0.2452311 0.2452311 0.2298788 
Hmic.9981  0.2355674 0.2305567 0.3023135 0.3023135 0.3436132 0.2591767 0.0000000 0.3358980 0.3358980 0.3175369 
Hmic.9966  0.2642528 0.2826408 0.3601526 0.3601526 0.3803761 0.2452311 0.3358980 0.0000000 0.0000010 0.1355510 
Hmic.9970  0.2642528 0.2826408 0.3601526 0.3601526 0.3803761 0.2452311 0.3358980 0.0000010 0.0000000 0.1355510 
Hmic.9977  0.2401428 0.2496650 0.3316350 0.3316350 0.3478627 0.2298788 0.3175369 0.1355510 0.1355510 0.0000000 
