6
Mlig.9364  0.0000000 0.6378412 0.6378412 0.6363193 0.0000010 0.0123478 
Mlig.4806  0.6378412 0.0000000 0.0000010 0.0061897 0.6378412 0.6282246 
Mlig.4807  0.6378412 0.0000010 0.0000000 0.0061897 0.6378412 0.6282246 
Mlig.22425 0.6363193 0.0061897 0.0061897 0.0000000 0.6363193 0.6267256 
Mlig.26356 0.0000010 0.6378412 0.6378412 0.6363193 0.0000000 0.0123478 
Mlig.34392 0.0123478 0.6282246 0.6282246 0.6267256 0.0123478 0.0000000 
