7
Mlig.26202 0.0000000 0.9555578 0.9456050 0.9518615 0.9635144 0.9635144 0.0130060 
Mlig.6281  0.9555578 0.0000000 0.0062987 0.0126649 0.9977600 0.9977600 0.9217617 
Mlig.15401 0.9456050 0.0062987 0.0000000 0.0063232 0.9869645 0.9869645 0.9119983 
Mlig.15402 0.9518615 0.0126649 0.0063232 0.0000000 0.9883722 0.9883722 0.9178782 
Mlig.17366 0.9635144 0.9977600 0.9869645 0.9883722 0.0000000 0.0000010 0.9372040 
Mlig.17728 0.9635144 0.9977600 0.9869645 0.9883722 0.0000010 0.0000000 0.9372040 
Mlig.29067 0.0130060 0.9217617 0.9119983 0.9178782 0.9372040 0.9372040 0.0000000 
