11
Smed.17956 0.0000000 0.7207572 0.8850265 0.8087789 0.7266149 0.7608943 0.8184741 0.7987057 0.7156542 0.8580610 0.8869074 
Smed.16079 0.7207572 0.0000000 0.1645689 0.1717297 0.1297893 0.0795324 0.1154979 0.1502581 0.1316205 0.1760647 0.1709839 
Smed.28824 0.8850265 0.1645689 0.0000000 0.2139680 0.1611523 0.1381091 0.1474287 0.1823135 0.1633505 0.2092271 0.2121989 
Smed.7000  0.8087789 0.1717297 0.2139680 0.0000000 0.1863767 0.1517138 0.1723669 0.2359072 0.1709869 0.2385752 0.2420339 
Smed.14703 0.7266149 0.1297893 0.1611523 0.1863767 0.0000000 0.1115759 0.1130479 0.1816671 0.1288568 0.1722469 0.1747441 
Smed.973   0.7608943 0.0795324 0.1381091 0.1517138 0.1115759 0.0000000 0.0972471 0.1656414 0.0800334 0.1557802 0.1580790 
Smed.16247 0.8184741 0.1154979 0.1474287 0.1723669 0.1130479 0.0972471 0.0000000 0.1679378 0.1146598 0.1397790 0.1418907 
Smed.10743 0.7987057 0.1502581 0.1823135 0.2359072 0.1816671 0.1656414 0.1679378 0.0000000 0.1685645 0.1550051 0.1874334 
Smed.7422  0.7156542 0.1316205 0.1633505 0.1709869 0.1288568 0.0800334 0.1146598 0.1685645 0.0000000 0.1746899 0.1772468 
Smed.18423 0.8580610 0.1760647 0.2092271 0.2385752 0.1722469 0.1557802 0.1397790 0.1550051 0.1746899 0.0000000 0.0638378 
Smed.18687 0.8869074 0.1709839 0.2121989 0.2420339 0.1747441 0.1580790 0.1418907 0.1874334 0.1772468 0.0638378 0.0000000 
