7
Mlig.46136 0.0000000 0.0015836 0.0015836 1.0568168 1.0816941 1.0637104 1.0662698 
Mlig.46138 0.0015836 0.0000000 0.0000010 1.0607504 1.0856755 1.0676513 1.0702169 
Mlig.46137 0.0015836 0.0000010 0.0000000 1.0607504 1.0856755 1.0676513 1.0702169 
Mlig.48009 1.0568168 1.0607504 1.0607504 0.0000000 0.2009771 0.2003128 0.2023032 
Mlig.40996 1.0816941 1.0856755 1.0856755 0.2009771 0.0000000 0.0140810 0.0156548 
Mlig.19019 1.0637104 1.0676513 1.0676513 0.2003128 0.0140810 0.0000000 0.0046516 
Mlig.40997 1.0662698 1.0702169 1.0702169 0.2023032 0.0156548 0.0046516 0.0000000 
