7
Smed.17643 0.0000000 0.0000010 0.3097788 0.3453614 0.3188128 0.3639072 0.3399409 
Smed.19024 0.0000010 0.0000000 0.3097788 0.3453614 0.3188128 0.3639072 0.3399409 
Smed.27961 0.3097788 0.3097788 0.0000000 0.0505577 0.0342873 0.1527821 0.1351121 
Smed.13957 0.3453614 0.3453614 0.0505577 0.0000000 0.0302742 0.1874597 0.1688300 
Smed.18699 0.3188128 0.3188128 0.0342873 0.0302742 0.0000000 0.1674521 0.1493796 
Smed.18295 0.3639072 0.3639072 0.1527821 0.1874597 0.1674521 0.0000000 0.0224013 
Smed.21467 0.3399409 0.3399409 0.1351121 0.1688300 0.1493796 0.0224013 0.0000000 
