6
Mlig.26101 0.0000000 0.0102258 0.0146454 0.5927238 0.5920691 0.5945908 
Mlig.26102 0.0102258 0.0000000 0.0072917 0.5841089 0.5834670 0.5859672 
Mlig.34194 0.0146454 0.0072917 0.0000000 0.5879603 0.5873135 0.5898203 
Mlig.47208 0.5927238 0.5841089 0.5879603 0.0000000 0.0029088 0.0043655 
Mlig.47207 0.5920691 0.5834670 0.5873135 0.0029088 0.0000000 0.0014516 
Mlig.47209 0.5945908 0.5859672 0.5898203 0.0043655 0.0014516 0.0000000 
