11
Smed.4599  0.0000000 0.8018474 0.8026926 0.8116858 0.8229291 0.7897450 0.8142318 0.7408667 0.7731319 0.7739784 0.7641622 
Smed.19416 0.8018474 0.0000000 0.2785416 0.2526807 0.2607961 0.2150969 0.0663481 0.2613853 0.2011275 0.1967549 0.1866313 
Smed.23540 0.8026926 0.2785416 0.0000000 0.1080717 0.1047261 0.2555047 0.2949313 0.0515275 0.2425070 0.2348474 0.2241926 
Smed.12667 0.8116858 0.2526807 0.1080717 0.0000000 0.0301069 0.2469322 0.2664017 0.1003477 0.2325779 0.2250089 0.2146323 
Smed.14422 0.8229291 0.2607961 0.1047261 0.0301069 0.0000000 0.2509646 0.2871765 0.0969955 0.2365280 0.2289630 0.2185307 
Smed.11375 0.7897450 0.2150969 0.2555047 0.2469322 0.2509646 0.0000000 0.2262465 0.2434634 0.0166444 0.0269240 0.0234220 
Smed.19247 0.8142318 0.0663481 0.2949313 0.2664017 0.2871765 0.2262465 0.0000000 0.2744309 0.2119359 0.2075182 0.1971576 
Smed.16823 0.7408667 0.2613853 0.0515275 0.1003477 0.0969955 0.2434634 0.2744309 0.0000000 0.2308226 0.2232393 0.2128735 
Smed.25399 0.7731319 0.2011275 0.2425070 0.2325779 0.2365280 0.0166444 0.2119359 0.2308226 0.0000000 0.0166093 0.0132112 
Smed.17521 0.7739784 0.1967549 0.2348474 0.2250089 0.2289630 0.0269240 0.2075182 0.2232393 0.0166093 0.0000000 0.0099151 
Smed.17951 0.7641622 0.1866313 0.2241926 0.2146323 0.2185307 0.0234220 0.1971576 0.2128735 0.0132112 0.0099151 0.0000000 
