7
Mlig.47643 0.0000000 0.0014501 0.0043581 0.0043581 0.8976104 0.8905557 0.8915883 
Mlig.47642 0.0014501 0.0000000 0.0029038 0.0029038 0.8974483 0.8903950 0.8914273 
Mlig.47644 0.0043581 0.0029038 0.0000000 0.0000010 0.8990065 0.8919394 0.8929747 
Mlig.47645 0.0043581 0.0029038 0.0000010 0.0000000 0.8990065 0.8919394 0.8929747 
Mlig.38308 0.8976104 0.8974483 0.8990065 0.8990065 0.0000000 0.0117738 0.0132613 
Mlig.30455 0.8905557 0.8903950 0.8919394 0.8919394 0.0117738 0.0000000 0.0014662 
Mlig.30456 0.8915883 0.8914273 0.8929747 0.8929747 0.0132613 0.0014662 0.0000000 
