22
Smed.27846 0.0000000 0.0765941 0.0758729 0.0817017 0.0814228 0.0880565 0.0636030 0.0887575 0.1644081 0.1559658 0.0636030 0.0817577 0.0695167 0.0876544 0.0636030 0.0817020 0.0694903 0.1059922 0.0702105 0.0817697 0.0934692 0.0997992 
Smed.5444  0.0765941 0.0000000 0.0340654 0.0337780 0.0336690 0.0396344 0.0167384 0.0399757 0.1241392 0.1162329 0.0167384 0.0337999 0.0223590 0.0394603 0.0167384 0.0337784 0.0223510 0.0509921 0.0281117 0.0338099 0.0450832 0.0509562 
Smed.4154  0.0758729 0.0340654 0.0000000 0.0394630 0.0393352 0.0453608 0.0223484 0.0457466 0.1305030 0.1225210 0.0223484 0.0394887 0.0279872 0.0451612 0.0223484 0.0394635 0.0279771 0.0578170 0.0337809 0.0394997 0.0507908 0.0566998 
Smed.15084 0.0817017 0.0337780 0.0394630 0.0000000 0.0335346 0.0394752 0.0166714 0.0398140 0.1236217 0.1157511 0.0166714 0.0336644 0.0222695 0.0393026 0.0166714 0.0336431 0.0222616 0.0565710 0.0279990 0.0336744 0.0449035 0.0507527 
Smed.20763 0.0814228 0.0336690 0.0393352 0.0335346 0.0000000 0.0340318 0.0166187 0.0396840 0.1231702 0.1153339 0.0166187 0.0278895 0.0221989 0.0391758 0.0166187 0.0335351 0.0221910 0.0563856 0.0222579 0.0335661 0.0447584 0.0505874 
Smed.17606 0.0880565 0.0396344 0.0453608 0.0394752 0.0340318 0.0000000 0.0223548 0.0339367 0.1239310 0.1225763 0.0223548 0.0395010 0.0279954 0.0451755 0.0223548 0.0394757 0.0279853 0.0625884 0.0281317 0.0395120 0.0402435 0.0567187 
Smed.3147  0.0636030 0.0167384 0.0223484 0.0166714 0.0166187 0.0223548 0.0000000 0.0225529 0.1041746 0.0965805 0.0000010 0.0166820 0.0055183 0.0222580 0.0000010 0.0166717 0.0055164 0.0392427 0.0111003 0.0166878 0.0278133 0.0335292 
Smed.23448 0.0887575 0.0399757 0.0457466 0.0398140 0.0396840 0.0339367 0.0225529 0.0000000 0.1121461 0.1108700 0.0225529 0.0398401 0.0282406 0.0455584 0.0225529 0.0398144 0.0282304 0.0631014 0.0340847 0.0398512 0.0512320 0.0571886 
Smed.28267 0.1644081 0.1241392 0.1305030 0.1236217 0.1231702 0.1239310 0.1041746 0.1121461 0.0000000 0.0335046 0.1041746 0.1237120 0.1104830 0.1299356 0.1041746 0.1236211 0.1104381 0.1426578 0.1047529 0.1175389 0.1360371 0.1357903 
Smed.25605 0.1559658 0.1162329 0.1225210 0.1157511 0.1153339 0.1225763 0.0965805 0.1108700 0.0335046 0.0000000 0.0965805 0.1158346 0.1028066 0.1164260 0.0965805 0.1157507 0.1027654 0.1296504 0.0971109 0.1097292 0.1280365 0.1278002 
Smed.23599 0.0636030 0.0167384 0.0223484 0.0166714 0.0166187 0.0223548 0.0000010 0.0225529 0.1041746 0.0965805 0.0000000 0.0166820 0.0055183 0.0222580 0.0000010 0.0166717 0.0055164 0.0392427 0.0111003 0.0166878 0.0278133 0.0335292 
Smed.20992 0.0817577 0.0337999 0.0394887 0.0336644 0.0278895 0.0395010 0.0166820 0.0398401 0.1237120 0.1158346 0.0166820 0.0000000 0.0222837 0.0393281 0.0166820 0.0336649 0.0222758 0.0566083 0.0280170 0.0336962 0.0449328 0.0507860 
Smed.25254 0.0695167 0.0223590 0.0279872 0.0222695 0.0221989 0.0279954 0.0055183 0.0282406 0.1104830 0.1028066 0.0055183 0.0222837 0.0000000 0.0278740 0.0055183 0.0222699 0.0110528 0.0449327 0.0166809 0.0222911 0.0334380 0.0391910 
Smed.4624  0.0876544 0.0394603 0.0451612 0.0393026 0.0391758 0.0451755 0.0222580 0.0455584 0.1299356 0.1164260 0.0222580 0.0393281 0.0278740 0.0000000 0.0222580 0.0393031 0.0278640 0.0623126 0.0336436 0.0393390 0.0505845 0.0564687 
Smed.1018  0.0636030 0.0167384 0.0223484 0.0166714 0.0166187 0.0223548 0.0000010 0.0225529 0.1041746 0.0965805 0.0000010 0.0166820 0.0055183 0.0222580 0.0000000 0.0166717 0.0055164 0.0392427 0.0111003 0.0166878 0.0278133 0.0335292 
Smed.13353 0.0817020 0.0337784 0.0394635 0.0336431 0.0335351 0.0394757 0.0166717 0.0398144 0.1236211 0.1157507 0.0166717 0.0336649 0.0222699 0.0393031 0.0166717 0.0000000 0.0222619 0.0565715 0.0279994 0.0336749 0.0449040 0.0507533 
Smed.4418  0.0694903 0.0223510 0.0279771 0.0222616 0.0221910 0.0279853 0.0055164 0.0282304 0.1104381 0.1027654 0.0055164 0.0222758 0.0110528 0.0278640 0.0055164 0.0222619 0.0000000 0.0449164 0.0166750 0.0222832 0.0334260 0.0391769 
Smed.174   0.1059922 0.0509921 0.0578170 0.0565710 0.0563856 0.0625884 0.0392427 0.0631014 0.1426578 0.1296504 0.0392427 0.0566083 0.0449327 0.0623126 0.0392427 0.0565715 0.0449164 0.0000000 0.0508452 0.0566209 0.0679580 0.0739717 
Smed.19127 0.0702105 0.0281117 0.0337809 0.0279990 0.0222579 0.0281317 0.0111003 0.0340847 0.1047529 0.0971109 0.0111003 0.0280170 0.0166809 0.0336436 0.0111003 0.0279994 0.0166750 0.0508452 0.0000000 0.0280258 0.0392383 0.0450523 
Smed.10115 0.0817697 0.0338099 0.0394997 0.0336744 0.0335661 0.0395120 0.0166878 0.0398512 0.1175389 0.1097292 0.0166878 0.0336962 0.0222911 0.0393390 0.0166878 0.0336749 0.0222832 0.0566209 0.0280258 0.0000000 0.0449444 0.0507983 
Smed.11623 0.0934692 0.0450832 0.0507908 0.0449035 0.0447584 0.0402435 0.0278133 0.0512320 0.1360371 0.1280365 0.0278133 0.0449328 0.0334380 0.0505845 0.0278133 0.0449040 0.0334260 0.0679580 0.0392383 0.0449444 0.0000000 0.0566458 
Smed.25905 0.0997992 0.0509562 0.0566998 0.0507527 0.0505874 0.0567187 0.0335292 0.0571886 0.1357903 0.1278002 0.0335292 0.0507860 0.0391910 0.0564687 0.0335292 0.0507533 0.0391769 0.0739717 0.0450523 0.0507983 0.0566458 0.0000000 
