8
Csin.13418 0.0000000 1.0208901 1.1014080 0.9740991 0.0000010 1.0725771 1.0410133 0.9576564 
Csin.13034 1.0208901 0.0000000 0.4055774 0.5580895 1.0208901 0.9435060 0.5616262 0.3488655 
Csin.2975  1.1014080 0.4055774 0.0000000 0.5999083 1.1014080 0.9845290 0.5930920 0.3093336 
Csin.2976  0.9740991 0.5580895 0.5999083 0.0000000 0.9740991 0.9743627 0.4519606 0.5003361 
Csin.4537  0.0000010 1.0208901 1.1014080 0.9740991 0.0000000 1.0725771 1.0410133 0.9576564 
Csin.13090 1.0725771 0.9435060 0.9845290 0.9743627 1.0725771 0.0000000 0.9968959 0.9602952 
Csin.2973  1.0410133 0.5616262 0.5930920 0.4519606 1.0410133 0.9968959 0.0000000 0.5255490 
Csin.13035 0.9576564 0.3488655 0.3093336 0.5003361 0.9576564 0.9602952 0.5255490 0.0000000 
