10
Smed.5925  0.0000000 0.2086947 0.2295815 0.1250034 0.2216546 0.1510937 0.2646113 0.2064173 0.3549861 0.2348118 
Smed.7110  0.2086947 0.0000000 0.3857638 0.3010587 0.3676451 0.2945433 0.3975581 0.3329884 0.5371142 0.3221936 
Smed.14982 0.2295815 0.3857638 0.0000000 0.3140639 0.2524222 0.1665531 0.3270489 0.2658545 0.2371423 0.2088202 
Smed.20056 0.1250034 0.3010587 0.3140639 0.0000000 0.3246339 0.1746032 0.3022900 0.3009828 0.4344333 0.3257376 
Smed.20019 0.2216546 0.3676451 0.2524222 0.3246339 0.0000000 0.1820848 0.3470565 0.2823682 0.3941619 0.2686975 
Smed.19447 0.1510937 0.2945433 0.1665531 0.1746032 0.1820848 0.0000000 0.2690997 0.2096021 0.2802530 0.1844247 
Smed.22168 0.2646113 0.3975581 0.3270489 0.3022900 0.3470565 0.2690997 0.0000000 0.0482162 0.5180290 0.3712379 
Smed.22883 0.2064173 0.3329884 0.2658545 0.3009828 0.2823682 0.2096021 0.0482162 0.0000000 0.4453020 0.3072501 
Smed.21505 0.3549861 0.5371142 0.2371423 0.4344333 0.3941619 0.2802530 0.5180290 0.4453020 0.0000000 0.2726196 
Smed.28500 0.2348118 0.3221936 0.2088202 0.3257376 0.2686975 0.1844247 0.3712379 0.3072501 0.2726196 0.0000000 
