18
Smed.4116  0.0000000 1.0735478 1.0639819 1.0463635 1.0317074 1.0357441 1.0412099 1.0650613 1.0750890 1.0645784 1.0095995 1.0682553 1.0459293 1.0490586 1.0454102 1.0265891 1.0206628 0.9938392 
Smed.29384 1.0735478 0.0000000 0.0702533 0.0542353 0.0544828 0.0541671 0.0463636 0.0947436 0.0792021 0.0702984 0.0782384 0.0623712 0.0545698 0.0386816 0.0464798 0.0542675 0.0542248 0.0622345 
Smed.709   1.0639819 0.0702533 0.0000000 0.0456159 0.0458195 0.0455587 0.0379112 0.0852000 0.0699217 0.0613089 0.0690872 0.0535472 0.0458923 0.0458650 0.0380046 0.0456418 0.0456072 0.0534309 
Smed.4602  1.0463635 0.0542353 0.0456159 0.0000000 0.0303221 0.0301511 0.0225820 0.0691822 0.0539748 0.0456418 0.0533363 0.0379676 0.0303713 0.0303519 0.0226374 0.0302050 0.0301832 0.0303262 
Smed.22176 1.0317074 0.0544828 0.0458195 0.0303221 0.0000000 0.0302840 0.0226810 0.0624805 0.0542189 0.0458456 0.0535755 0.0381366 0.0305060 0.0304865 0.0227369 0.0303383 0.0303163 0.0226647 
Smed.26368 1.0357441 0.0541671 0.0455587 0.0301511 0.0302840 0.0000000 0.0225537 0.0690951 0.0539064 0.0455845 0.0532694 0.0379199 0.0303330 0.0303137 0.0226090 0.0301671 0.0301453 0.0378378 
Smed.10431 1.0412099 0.0463636 0.0379112 0.0225820 0.0226810 0.0225537 0.0000000 0.0613274 0.0461374 0.0379319 0.0381854 0.0302937 0.0227182 0.0227032 0.0150517 0.0225936 0.0225776 0.0302269 
Smed.12324 1.0650613 0.0947436 0.0852000 0.0691822 0.0624805 0.0690951 0.0613274 0.0000000 0.0884435 0.0852575 0.0931690 0.0773517 0.0696042 0.0695672 0.0614793 0.0692251 0.0691691 0.0771861 
Smed.14912 1.0750890 0.0792021 0.0699217 0.0539748 0.0542189 0.0539064 0.0461374 0.0884435 0.0000000 0.0699664 0.0778734 0.0620731 0.0543051 0.0542737 0.0462525 0.0540067 0.0539645 0.0619376 
Smed.10675 1.0645784 0.0702984 0.0613089 0.0456418 0.0458456 0.0455845 0.0379319 0.0852575 0.0699664 0.0000000 0.0691307 0.0535787 0.0459185 0.0458911 0.0380254 0.0302202 0.0456330 0.0534623 
Smed.6418  1.0095995 0.0782384 0.0690872 0.0533363 0.0535755 0.0532694 0.0381854 0.0931690 0.0778734 0.0691307 0.0000000 0.0613338 0.0536597 0.0536289 0.0457065 0.0533674 0.0455841 0.0612014 
Smed.21183 1.0682553 0.0623712 0.0535472 0.0379676 0.0381366 0.0379199 0.0302937 0.0773517 0.0620731 0.0535787 0.0613338 0.0000000 0.0381979 0.0381743 0.0303684 0.0379885 0.0379603 0.0457426 
Smed.775   1.0459293 0.0545698 0.0458923 0.0303713 0.0305060 0.0303330 0.0227182 0.0696042 0.0543051 0.0459185 0.0536597 0.0381979 0.0000000 0.0151802 0.0227743 0.0303875 0.0303654 0.0381137 
Smed.17249 1.0490586 0.0386816 0.0458650 0.0303519 0.0304865 0.0303137 0.0227032 0.0695672 0.0542737 0.0458911 0.0536289 0.0381743 0.0151802 0.0000000 0.0227592 0.0303681 0.0303460 0.0380901 
Smed.12016 1.0454102 0.0464798 0.0380046 0.0226374 0.0227369 0.0226090 0.0150517 0.0614793 0.0462525 0.0380254 0.0457065 0.0303684 0.0227743 0.0227592 0.0000000 0.0226491 0.0226330 0.0303013 
Smed.3712  1.0265891 0.0542675 0.0456418 0.0302050 0.0303383 0.0301671 0.0225936 0.0692251 0.0540067 0.0302202 0.0533674 0.0379885 0.0303875 0.0303681 0.0226491 0.0000000 0.0301992 0.0379051 
Smed.5240  1.0206628 0.0542248 0.0456072 0.0301832 0.0303163 0.0301453 0.0225776 0.0691691 0.0539645 0.0456330 0.0455841 0.0379603 0.0303654 0.0303460 0.0226330 0.0301992 0.0000000 0.0378770 
Smed.7556  0.9938392 0.0622345 0.0534309 0.0303262 0.0226647 0.0378378 0.0302269 0.0771861 0.0619376 0.0534623 0.0612014 0.0457426 0.0381137 0.0380901 0.0303013 0.0379051 0.0378770 0.0000000 
