16
Hdim.6204  0.0000000 0.2206655 0.9421052 0.8984713 0.7727504 0.9365104 0.9075495 0.6820862 0.7523086 0.8028493 0.8281918 0.6408484 0.6125615 0.8036296 1.8639919 0.9745838 
Hdim.7748  0.2206655 0.0000000 0.9544675 0.8448003 0.7723054 0.6314851 0.7836176 0.7299507 0.6579855 0.7524326 0.9637707 0.6931394 0.7552546 0.9705047 1.7050697 0.9466083 
Hdim.12424 0.9421052 0.9544675 0.0000000 0.4146472 0.4956988 0.4240040 0.3489821 0.5368816 0.7458259 0.4585637 0.5359690 0.6426070 0.5350167 0.5973913 1.0447061 0.9335317 
Hdim.4325  0.8984713 0.8448003 0.4146472 0.0000000 0.2606023 0.4560437 0.2731423 0.3601665 0.4507627 0.0954465 0.4215995 0.4006966 0.3086172 0.4247342 1.0969481 0.6835895 
Hdim.6268  0.7727504 0.7723054 0.4956988 0.2606023 0.0000000 0.5275590 0.3714381 0.4764130 0.6882240 0.2136635 0.4166882 0.4753574 0.4153230 0.5382505 1.0865902 0.5578628 
Hdim.12409 0.9365104 0.6314851 0.4240040 0.4560437 0.5275590 0.0000000 0.3688139 0.5605312 0.4135118 0.5023280 0.5890479 0.5284000 0.5786803 0.7071025 1.3010427 0.7380599 
Hdim.4361  0.9075495 0.7836176 0.3489821 0.2731423 0.3714381 0.3688139 0.0000000 0.4289014 0.5555472 0.3086887 0.4429694 0.3889772 0.3762983 0.3285290 0.8991128 0.6648859 
Hdim.4341  0.6820862 0.7299507 0.5368816 0.3601665 0.4764130 0.5605312 0.4289014 0.0000000 0.5587832 0.4060648 0.6663314 0.0936942 0.0298932 0.1731964 1.4411407 0.6835793 
Hdim.4355  0.7523086 0.6579855 0.7458259 0.4507627 0.6882240 0.4135118 0.5555472 0.5587832 0.0000000 0.5005063 0.8679604 0.6940769 0.5780973 0.6605652 1.4371252 1.0179422 
Hdim.4360  0.8028493 0.7524326 0.4585637 0.0954465 0.2136635 0.5023280 0.3086887 0.4060648 0.5005063 0.0000000 0.4665929 0.4466870 0.3521035 0.4628873 0.8950961 0.6016014 
Hdim.4695  0.8281918 0.9637707 0.5359690 0.4215995 0.4166882 0.5890479 0.4429694 0.6663314 0.8679604 0.4665929 0.0000000 0.6787079 0.6128918 0.6622615 1.2000470 0.6899757 
Hdim.1780  0.6408484 0.6931394 0.6426070 0.4006966 0.4753574 0.5284000 0.3889772 0.0936942 0.6940769 0.4466870 0.6787079 0.0000000 0.0606234 0.2091552 1.5971813 0.5931152 
Hdim.4344  0.6125615 0.7552546 0.5350167 0.3086172 0.4153230 0.5786803 0.3762983 0.0298932 0.5780973 0.3521035 0.6128918 0.0606234 0.0000000 0.1343774 1.4252103 0.6485236 
Hdim.12407 0.8036296 0.9705047 0.5973913 0.4247342 0.5382505 0.7071025 0.3285290 0.1731964 0.6605652 0.4628873 0.6622615 0.2091552 0.1343774 0.0000000 1.1532444 0.9424495 
Hdim.6349  1.8639919 1.7050697 1.0447061 1.0969481 1.0865902 1.3010427 0.8991128 1.4411407 1.4371252 0.8950961 1.2000470 1.5971813 1.4252103 1.1532444 0.0000000 1.0284879 
Hdim.8535  0.9745838 0.9466083 0.9335317 0.6835895 0.5578628 0.7380599 0.6648859 0.6835793 1.0179422 0.6016014 0.6899757 0.5931152 0.6485236 0.9424495 1.0284879 0.0000000 
