11
Mlig.32811 0.0000000 0.0279215 0.0248020 1.0690775 1.0560792 1.0611430 1.5363561 1.5274036 1.5363561 1.5024195 1.4602017 
Mlig.30721 0.0279215 0.0000000 0.0092021 1.0732797 1.0603384 1.0653745 1.5106923 1.5019839 1.5106923 1.5087343 1.4668185 
Mlig.34936 0.0248020 0.0092021 0.0000000 1.0796641 1.0666495 1.0717056 1.5230798 1.5143555 1.5230798 1.5165638 1.4743532 
Mlig.18105 1.0690775 1.0732797 1.0796641 0.0000000 0.0062926 0.0031430 1.5598834 1.5677984 1.5598834 1.4668760 1.4299085 
Mlig.18103 1.0560792 1.0603384 1.0666495 0.0062926 0.0000000 0.0031379 1.5591299 1.5670438 1.5591299 1.4648636 1.4279987 
Mlig.18104 1.0611430 1.0653745 1.0717056 0.0031430 0.0031379 0.0000000 1.5578368 1.5657419 1.5578368 1.4651574 1.4282841 
Mlig.26125 1.5363561 1.5106923 1.5230798 1.5598834 1.5591299 1.5578368 0.0000000 0.0030765 0.0000010 1.1020541 1.0779613 
Mlig.26126 1.5274036 1.5019839 1.5143555 1.5677984 1.5670438 1.5657419 0.0030765 0.0000000 0.0030765 1.1015678 1.0775024 
Mlig.26127 1.5363561 1.5106923 1.5230798 1.5598834 1.5591299 1.5578368 0.0000010 0.0030765 0.0000000 1.1020541 1.0779613 
Mlig.15231 1.5024195 1.5087343 1.5165638 1.4668760 1.4648636 1.4651574 1.1020541 1.1015678 1.1020541 0.0000000 0.0317347 
Mlig.18763 1.4602017 1.4668185 1.4743532 1.4299085 1.4279987 1.4282841 1.0779613 1.0775024 1.0779613 0.0317347 0.0000000 
