6
Mlig.23876 0.0000000 0.0106071 0.0052914 0.8332488 0.8426061 0.8729449 
Mlig.23875 0.0106071 0.0000000 0.0052961 0.8309555 0.8403019 0.8705928 
Mlig.23877 0.0052914 0.0052961 0.0000000 0.8268662 0.8361756 0.8663237 
Mlig.29543 0.8332488 0.8309555 0.8268662 0.0000000 0.0107190 0.0428274 
Mlig.31182 0.8426061 0.8403019 0.8361756 0.0107190 0.0000000 0.0435422 
Mlig.38952 0.8729449 0.8705928 0.8663237 0.0428274 0.0435422 0.0000000 
