6
Scur.2508  0.0000000 0.1328996 0.1105351 0.1218523 0.1098144 0.1105380 
Scur.2141  0.1328996 0.0000000 0.0551249 0.0587038 0.0411143 0.0446580 
Scur.6868  0.1105351 0.0551249 0.0000000 0.0305353 0.0202685 0.0237074 
Scur.5163  0.1218523 0.0587038 0.0305353 0.0000000 0.0237016 0.0271573 
Scur.6161  0.1098144 0.0411143 0.0202685 0.0237016 0.0000000 0.0033626 
Scur.6906  0.1105380 0.0446580 0.0237074 0.0271573 0.0033626 0.0000000 
