6
Mlig.32726 0.0000000 0.0022078 0.0044172 0.5645039 0.5645039 0.5649928 
Mlig.32727 0.0022078 0.0000000 0.0022077 0.5609895 0.5609895 0.5614757 
Mlig.32725 0.0044172 0.0022077 0.0000000 0.5563645 0.5563645 0.5568465 
Mlig.1750  0.5645039 0.5609895 0.5563645 0.0000000 0.0000010 0.0022621 
Mlig.24351 0.5645039 0.5609895 0.5563645 0.0000010 0.0000000 0.0022621 
Mlig.29571 0.5649928 0.5614757 0.5568465 0.0022621 0.0022621 0.0000000 
