6
Smed.28496 0.0000000 0.0477173 0.4972088 0.4670078 0.4633820 0.4683825 
Smed.28598 0.0477173 0.0000000 0.4125913 0.3960238 0.3815928 0.3862936 
Smed.6386  0.4972088 0.4125913 0.0000000 0.1091895 0.0977156 0.1015254 
Smed.20582 0.4670078 0.3960238 0.1091895 0.0000000 0.0105599 0.0140884 
Smed.6473  0.4633820 0.3815928 0.0977156 0.0105599 0.0000000 0.0035149 
Smed.7194  0.4683825 0.3862936 0.1015254 0.0140884 0.0035149 0.0000000 
