7
Mlig.17625 0.0000000 0.0000010 0.0033421 0.9767297 0.9767297 0.9767297 0.9677063 
Mlig.28341 0.0000010 0.0000000 0.0033421 0.9767297 0.9767297 0.9767297 0.9677063 
Mlig.32543 0.0033421 0.0033421 0.0000000 0.9853413 0.9853413 0.9853413 0.9762050 
Mlig.9971  0.9767297 0.9767297 0.9853413 0.0000000 0.0000010 0.0000010 0.0101346 
Mlig.9972  0.9767297 0.9767297 0.9853413 0.0000010 0.0000000 0.0000010 0.0101346 
Mlig.9973  0.9767297 0.9767297 0.9853413 0.0000010 0.0000010 0.0000000 0.0101346 
Mlig.30431 0.9677063 0.9677063 0.9762050 0.0101346 0.0101346 0.0101346 0.0000000 
