11
Mlig.4240  0.0000000 0.0021115 0.0000010 0.4368290 0.4346996 0.3903827 0.3903827 0.3941151 0.5166389 0.3985823 0.3950046 
Mlig.4241  0.0021115 0.0000000 0.0021115 0.4387808 0.4366461 0.3905445 0.3905445 0.3942827 0.5160266 0.3987565 0.3951733 
Mlig.4239  0.0000010 0.0021115 0.0000000 0.4368290 0.4346996 0.3903827 0.3903827 0.3941151 0.5166389 0.3985823 0.3950046 
Mlig.2025  0.4368290 0.4387808 0.4368290 0.0000000 0.0131035 0.4805970 0.4805970 0.4847616 0.6517158 0.4884129 0.4890372 
Mlig.2027  0.4346996 0.4366461 0.4346996 0.0131035 0.0000000 0.4719802 0.4719802 0.4761056 0.6444608 0.4821862 0.4828025 
Mlig.14914 0.3903827 0.3905445 0.3903827 0.4805970 0.4719802 0.0000000 0.0000010 0.0021414 0.3254862 0.1998594 0.1973869 
Mlig.14915 0.3903827 0.3905445 0.3903827 0.4805970 0.4719802 0.0000010 0.0000000 0.0021414 0.3254862 0.1998594 0.1973869 
Mlig.14916 0.3941151 0.3942827 0.3941151 0.4847616 0.4761056 0.0021414 0.0021414 0.0000000 0.3290638 0.2027668 0.2002898 
Mlig.22074 0.5166389 0.5160266 0.5166389 0.6517158 0.6444608 0.3254862 0.3254862 0.3290638 0.0000000 0.1184602 0.1239287 
Mlig.22075 0.3985823 0.3987565 0.3985823 0.4884129 0.4821862 0.1998594 0.1998594 0.2027668 0.1184602 0.0000000 0.0064169 
Mlig.22076 0.3950046 0.3951733 0.3950046 0.4890372 0.4828025 0.1973869 0.1973869 0.2002898 0.1239287 0.0064169 0.0000000 
