13
Smed.29512 0.0000000 0.0949805 0.1516712 0.1636463 0.1336707 0.1336707 0.1587095 0.0902006 0.1481937 0.1481937 0.0759032 0.0759032 0.0896225 
Smed.26437 0.0949805 0.0000000 0.1101394 0.1205082 0.0913478 0.0913478 0.1170657 0.0498447 0.0767721 0.0767721 0.0365890 0.0365890 0.0494932 
Smed.17160 0.1516712 0.1101394 0.0000000 0.0497009 0.0487669 0.0487669 0.0486046 0.1164771 0.0743997 0.0743997 0.1019026 0.1019026 0.1157944 
Smed.27984 0.1636463 0.1205082 0.0497009 0.0000000 0.0210457 0.0210457 0.0209995 0.0796562 0.0557212 0.0557212 0.0669939 0.0669939 0.0791839 
Smed.8800  0.1336707 0.0913478 0.0487669 0.0210457 0.0000000 0.0000010 0.0206780 0.0555900 0.0326168 0.0326168 0.0436101 0.0436101 0.0552451 
Smed.15358 0.1336707 0.0913478 0.0487669 0.0210457 0.0000010 0.0000000 0.0206780 0.0555900 0.0326168 0.0326168 0.0436101 0.0436101 0.0552451 
Smed.12821 0.1587095 0.1170657 0.0486046 0.0209995 0.0206780 0.0206780 0.0000000 0.0778719 0.0545700 0.0545700 0.0655647 0.0655647 0.0774202 
Smed.28767 0.0902006 0.0498447 0.1164771 0.0796562 0.0555900 0.0555900 0.0778719 0.0000000 0.0691946 0.0691946 0.0104351 0.0104351 0.0211582 
Smed.27354 0.1481937 0.0767721 0.0743997 0.0557212 0.0326168 0.0326168 0.0545700 0.0691946 0.0000000 0.0000010 0.0565110 0.0565110 0.0687649 
Smed.28091 0.1481937 0.0767721 0.0743997 0.0557212 0.0326168 0.0326168 0.0545700 0.0691946 0.0000010 0.0000000 0.0565110 0.0565110 0.0687649 
Smed.2601  0.0759032 0.0365890 0.1019026 0.0669939 0.0436101 0.0436101 0.0655647 0.0104351 0.0565110 0.0565110 0.0000000 0.0000010 0.0103666 
Smed.16380 0.0759032 0.0365890 0.1019026 0.0669939 0.0436101 0.0436101 0.0655647 0.0104351 0.0565110 0.0565110 0.0000010 0.0000000 0.0103666 
Smed.3344  0.0896225 0.0494932 0.1157944 0.0791839 0.0552451 0.0552451 0.0774202 0.0211582 0.0687649 0.0687649 0.0103666 0.0103666 0.0000000 
