7
Mlig.19275 0.0000000 0.0067108 0.0067108 0.5496514 0.5610498 0.5610498 0.5659876 
Mlig.19276 0.0067108 0.0000000 0.0000010 0.5460490 0.5574024 0.5574024 0.5623014 
Mlig.19277 0.0067108 0.0000010 0.0000000 0.5460490 0.5574024 0.5574024 0.5623014 
Mlig.44854 0.5496514 0.5460490 0.5460490 0.0000000 0.0065513 0.0065513 0.0066051 
Mlig.44856 0.5610498 0.5574024 0.5574024 0.0065513 0.0000000 0.0000010 0.0132500 
Mlig.44857 0.5610498 0.5574024 0.5574024 0.0065513 0.0000010 0.0000000 0.0132500 
Mlig.44855 0.5659876 0.5623014 0.5623014 0.0066051 0.0132500 0.0132500 0.0000000 
