6
Mlig.412   0.0000000 0.0132785 0.0159725 0.4798017 0.4749313 0.4753477 
Mlig.413   0.0132785 0.0000000 0.0026186 0.4855335 0.4806384 0.4810488 
Mlig.414   0.0159725 0.0026186 0.0000000 0.4802794 0.4754052 0.4758212 
Mlig.18000 0.4798017 0.4855335 0.4802794 0.0000000 0.0051835 0.0077961 
Mlig.47068 0.4749313 0.4806384 0.4754052 0.0051835 0.0000000 0.0025908 
Mlig.47070 0.4753477 0.4810488 0.4758212 0.0077961 0.0025908 0.0000000 
