6
Mlig.14970 0.0000000 0.0081271 0.5550125 0.5528948 0.5528948 0.5528948 
Mlig.28761 0.0081271 0.0000000 0.5501857 0.5480866 0.5480866 0.5480866 
Mlig.40654 0.5550125 0.5501857 0.0000000 0.0027176 0.0027176 0.0027176 
Mlig.43686 0.5528948 0.5480866 0.0027176 0.0000000 0.0000010 0.0000010 
Mlig.46922 0.5528948 0.5480866 0.0027176 0.0000010 0.0000000 0.0000010 
Mlig.46925 0.5528948 0.5480866 0.0027176 0.0000010 0.0000010 0.0000000 
