6
Mlig.14404 0.0000000 0.4789540 0.4721766 0.3246304 0.3282580 0.3282580 
Mlig.28643 0.4789540 0.0000000 0.0027408 0.3495503 0.3526608 0.3526608 
Mlig.39879 0.4721766 0.0027408 0.0000000 0.3469565 0.3500443 0.3500443 
Mlig.11034 0.3246304 0.3495503 0.3469565 0.0000000 0.0027134 0.0027134 
Mlig.42914 0.3282580 0.3526608 0.3500443 0.0027134 0.0000000 0.0000010 
Mlig.42915 0.3282580 0.3526608 0.3500443 0.0027134 0.0000010 0.0000000 
