7
Mlig.40081 0.0000000 0.0687609 0.0000010 8.9999986 8.9999986 8.9999981 8.9999981 
Mlig.12042 0.0687609 0.0000000 0.0687609 8.9999986 8.9999986 8.9999980 8.9999980 
Mlig.30795 0.0000010 0.0687609 0.0000000 8.9999986 8.9999986 8.9999981 8.9999981 
Mlig.11557 8.9999986 8.9999986 8.9999986 0.0000000 0.0000010 7.6942744 7.6942744 
Mlig.30316 8.9999986 8.9999986 8.9999986 0.0000010 0.0000000 7.6942744 7.6942744 
Mlig.3131  8.9999981 8.9999980 8.9999981 7.6942744 7.6942744 0.0000000 0.0000010 
Mlig.27782 8.9999981 8.9999980 8.9999981 7.6942744 7.6942744 0.0000010 0.0000000 
