6
Mlig.259   0.0000000 0.0000010 0.6355219 0.7019062 0.7023237 0.6658039 
Mlig.260   0.0000010 0.0000000 0.6355219 0.7019062 0.7023237 0.6658039 
Mlig.7448  0.6355219 0.6355219 0.0000000 0.2968572 0.4539002 0.4240917 
Mlig.27396 0.7019062 0.7019062 0.2968572 0.0000000 0.3773653 0.3495624 
Mlig.22001 0.7023237 0.7023237 0.4539002 0.3773653 0.0000000 0.0187506 
Mlig.28038 0.6658039 0.6658039 0.4240917 0.3495624 0.0187506 0.0000000 
