9
Mlig.21589 0.0000000 1.1941108 1.1683777 1.0500478 1.1070058 1.1614009 1.0773995 1.0604708 1.1136359 
Mlig.39737 1.1941108 0.0000000 0.1734545 0.1914889 0.1848723 0.2055335 0.2191127 0.1923497 0.2972935 
Mlig.26    1.1683777 0.1734545 0.0000000 0.1650231 0.1663030 0.1855673 0.1659708 0.1704802 0.2640377 
Mlig.40828 1.0500478 0.1914889 0.1650231 0.0000000 0.1503063 0.1585393 0.1389444 0.1612816 0.2393787 
Mlig.24499 1.1070058 0.1848723 0.1663030 0.1503063 0.0000000 0.1606762 0.1564579 0.1565804 0.2289109 
Mlig.7686  1.1614009 0.2055335 0.1855673 0.1585393 0.1606762 0.0000000 0.1519358 0.1837575 0.2378277 
Mlig.42543 1.0773995 0.2191127 0.1659708 0.1389444 0.1564579 0.1519358 0.0000000 0.1410777 0.2256254 
Mlig.3789  1.0604708 0.1923497 0.1704802 0.1612816 0.1565804 0.1837575 0.1410777 0.0000000 0.2365083 
Mlig.26586 1.1136359 0.2972935 0.2640377 0.2393787 0.2289109 0.2378277 0.2256254 0.2365083 0.0000000 
