7
Treg.9925  0.0000000 0.0541384 0.0401958 0.0608784 0.0608784 0.0476118 0.0467887 
Treg.9826  0.0541384 0.0000000 0.0132375 0.0471798 0.0471798 0.0400878 0.0333022 
Treg.9793  0.0401958 0.0132375 0.0000000 0.0333622 0.0333622 0.0264588 0.0197825 
Treg.9416  0.0608784 0.0471798 0.0333622 0.0000000 0.0000010 0.0198422 0.0131867 
Treg.9615  0.0608784 0.0471798 0.0333622 0.0000010 0.0000000 0.0198422 0.0131867 
Treg.4189  0.0476118 0.0400878 0.0264588 0.0198422 0.0198422 0.0000000 0.0065372 
Treg.9493  0.0467887 0.0333022 0.0197825 0.0131867 0.0131867 0.0065372 0.0000000 
