12
Smed.8578  0.0000000 0.8529127 0.4213923 0.5007704 0.4590246 0.5841243 0.6843463 0.6685382 0.6286065 0.7116296 0.5099208 0.4993875 
Smed.4158  0.8529127 0.0000000 0.4128100 0.4413556 0.5082184 0.4256331 0.7162375 0.6623870 0.7044952 0.8627064 0.4417312 0.4807317 
Smed.20231 0.4213923 0.4128100 0.0000000 0.0991391 0.1325767 0.1173638 0.4852320 0.4325995 0.4318348 0.5436025 0.0993812 0.0975836 
Smed.16916 0.5007704 0.4413556 0.0991391 0.0000000 0.2099490 0.1906679 0.5282532 0.4646097 0.4638252 0.5922046 0.1695915 0.1694982 
Smed.430   0.4590246 0.5082184 0.1325767 0.2099490 0.0000000 0.2278775 0.5405325 0.4927879 0.4682306 0.6024958 0.2267351 0.2058124 
Smed.19884 0.5841243 0.4256331 0.1173638 0.1906679 0.2278775 0.0000000 0.5272050 0.4328357 0.4588613 0.6331935 0.1722521 0.1916758 
Smed.25087 0.6843463 0.7162375 0.4852320 0.5282532 0.5405325 0.5272050 0.0000000 0.1022092 0.1194223 0.2325471 0.6100139 0.5569163 
Smed.22936 0.6685382 0.6623870 0.4325995 0.4646097 0.4927879 0.4328357 0.1022092 0.0000000 0.0466423 0.2082108 0.5100360 0.4995252 
Smed.23850 0.6286065 0.7044952 0.4318348 0.4638252 0.4682306 0.4588613 0.1194223 0.0466423 0.0000000 0.2481199 0.5092473 0.4987296 
Smed.14002 0.7116296 0.8627064 0.5436025 0.5922046 0.6024958 0.6331935 0.2325471 0.2082108 0.2481199 0.0000000 0.6879104 0.6438203 
Smed.3430  0.5099208 0.4417312 0.0993812 0.1695915 0.2267351 0.1722521 0.6100139 0.5100360 0.5092473 0.6879104 0.0000000 0.1714918 
Smed.14048 0.4993875 0.4807317 0.0975836 0.1694982 0.2058124 0.1916758 0.5569163 0.4995252 0.4987296 0.6438203 0.1714918 0.0000000 
