6
Mlig.6415  0.0000000 0.0000010 0.0000010 1.1978975 1.0813236 1.0945655 
Mlig.6416  0.0000010 0.0000000 0.0000010 1.1978975 1.0813236 1.0945655 
Mlig.6417  0.0000010 0.0000010 0.0000000 1.1978975 1.0813236 1.0945655 
Mlig.30147 1.1978975 1.1978975 1.1978975 0.0000000 0.0920191 0.0777658 
Mlig.30145 1.0813236 1.0813236 1.0813236 0.0920191 0.0000000 0.0133081 
Mlig.30146 1.0945655 1.0945655 1.0945655 0.0777658 0.0133081 0.0000000 
