6
Mlig.13751 0.0000000 0.0019926 0.0019926 0.3402123 0.3388088 0.3389891 
Mlig.13752 0.0019926 0.0000000 0.0000010 0.3426044 0.3411972 0.3413776 
Mlig.13753 0.0019926 0.0000010 0.0000000 0.3426044 0.3411972 0.3413776 
Mlig.19234 0.3402123 0.3426044 0.3426044 0.0000000 0.0020348 0.0040721 
Mlig.14854 0.3388088 0.3411972 0.3411972 0.0020348 0.0000000 0.0020361 
Mlig.19235 0.3389891 0.3413776 0.3413776 0.0040721 0.0020361 0.0000000 
