6
Mlig.15783 0.0000000 0.0069643 0.0069643 0.4695565 0.4794992 0.4748289 
Mlig.15785 0.0069643 0.0000000 0.0000010 0.4673984 0.4773894 0.4726942 
Mlig.15786 0.0069643 0.0000010 0.0000000 0.4673984 0.4773894 0.4726942 
Mlig.5128  0.4695565 0.4673984 0.4673984 0.0000000 0.0117534 0.0093735 
Mlig.5130  0.4794992 0.4773894 0.4773894 0.0117534 0.0000000 0.0023286 
Mlig.24418 0.4748289 0.4726942 0.4726942 0.0093735 0.0023286 0.0000000 
