9
Mlig.29574 0.0000000 0.0000010 0.2770710 0.2770710 0.1783215 0.1987424 0.2212670 0.2212670 0.5727360 
Mlig.29575 0.0000010 0.0000000 0.2770710 0.2770710 0.1783215 0.1987424 0.2212670 0.2212670 0.5727360 
Mlig.2560  0.2770710 0.2770710 0.0000000 0.0000010 0.2691857 0.2928089 0.1887151 0.1887151 0.4981064 
Mlig.2561  0.2770710 0.2770710 0.0000010 0.0000000 0.2691857 0.2928089 0.1887151 0.1887151 0.4981064 
Mlig.2665  0.1783215 0.1783215 0.2691857 0.2691857 0.0000000 0.0151200 0.1766786 0.1766786 0.5155546 
Mlig.47258 0.1987424 0.1987424 0.2928089 0.2928089 0.0151200 0.0000000 0.1977693 0.1977693 0.5525019 
Mlig.46265 0.2212670 0.2212670 0.1887151 0.1887151 0.1766786 0.1977693 0.0000000 0.0000010 0.2704633 
Mlig.46266 0.2212670 0.2212670 0.1887151 0.1887151 0.1766786 0.1977693 0.0000010 0.0000000 0.2704633 
Mlig.46267 0.5727360 0.5727360 0.4981064 0.4981064 0.5155546 0.5525019 0.2704633 0.2704633 0.0000000 
