8
Mlig.44376 0.0000000 0.3784795 0.2780155 0.2735372 0.2217252 0.2265520 0.2255225 0.0000010 
Mlig.18483 0.3784795 0.0000000 0.4085926 0.4072951 0.4690006 0.4765627 0.4739405 0.3784795 
Mlig.20189 0.2780155 0.4085926 0.0000000 0.0026873 0.3648011 0.3712110 0.3692945 0.2780155 
Mlig.20191 0.2735372 0.4072951 0.0026873 0.0000000 0.3595258 0.3658818 0.3639989 0.2735372 
Mlig.15488 0.2217252 0.4690006 0.3648011 0.3595258 0.0000000 0.0026773 0.0026677 0.2217252 
Mlig.15489 0.2265520 0.4765627 0.3712110 0.3658818 0.0026773 0.0000000 0.0053673 0.2265520 
Mlig.25447 0.2255225 0.4739405 0.3692945 0.3639989 0.0026677 0.0053673 0.0000000 0.2255225 
Mlig.44375 0.0000010 0.3784795 0.2780155 0.2735372 0.2217252 0.2265520 0.2255225 0.0000000 
