7
Mlig.45101 0.0000000 1.0394841 1.0424852 1.0424852 1.0719362 1.0692163 1.0719362 
Mlig.7653  1.0394841 0.0000000 0.0082204 0.0082204 1.2741209 1.2765817 1.2741209 
Mlig.15547 1.0424852 0.0082204 0.0000000 0.0000010 1.2663542 1.2688340 1.2663542 
Mlig.37959 1.0424852 0.0082204 0.0000010 0.0000000 1.2663542 1.2688340 1.2663542 
Mlig.48593 1.0719362 1.2741209 1.2663542 1.2663542 0.0000000 0.0016142 0.0000010 
Mlig.48592 1.0692163 1.2765817 1.2688340 1.2688340 0.0016142 0.0000000 0.0016142 
Mlig.48594 1.0719362 1.2741209 1.2663542 1.2663542 0.0000010 0.0016142 0.0000000 
