41
Hdim.12549 0.0000000 0.7801547 0.7949656 0.9943712 3.8869402 0.7731240 1.0428061 1.3652764 1.1284619 1.2253425 1.1284619 1.7876114 0.8673391 1.4723989 1.1301152 1.3513732 0.9941963 7.6064427 1.4322649 1.0120941 0.9954618 1.1888716 1.4682893 1.5760684 0.8313690 0.8313690 0.9693698 0.7801547 1.3202175 1.1212965 1.1140686 1.0161601 1.6125944 1.3886935 0.8842113 0.8673391 1.0784001 1.7513968 8.9999986 1.4850442 2.0497321 
Hdim.2575  0.7801547 0.0000000 0.6029922 0.3642309 8.9604128 0.0963568 0.4979453 0.3264362 0.2102961 0.3346203 0.2102961 0.4747424 0.0983469 0.4864077 0.5757737 0.3118614 0.0961559 4.3428592 0.4062015 0.0996929 0.2188998 0.2169880 0.4309819 0.4661324 0.3591060 0.3591060 0.4741666 0.0000010 0.3366094 0.3239898 0.3200517 0.2078553 0.3527577 0.4198484 0.3341848 0.0983469 0.2037050 0.6043268 8.9999989 0.3436738 0.4445064 
Hdim.4375  0.7949656 0.6029922 0.0000000 0.8522277 3.9321042 0.7471638 0.7802317 0.9250154 0.7612946 0.8001732 0.7612946 1.1538854 0.5862312 1.2566268 0.9334338 0.8646443 0.7333425 6.4442305 1.1632824 0.7869364 0.7443828 0.5445286 1.1570597 1.1602346 0.6225372 0.6225372 0.1768725 0.6029922 0.9726390 0.9109191 0.9049335 0.9463686 1.0366998 1.1096650 0.5953231 0.5862312 0.7339310 1.3465037 9.0000000 0.9865265 1.2540678 
Hdim.13695 0.9943712 0.3642309 0.8522277 0.0000000 7.0689492 0.5022944 0.3150422 0.4412148 0.3308495 0.4808630 0.3308495 0.6511259 0.5240104 0.8598545 0.8048433 0.6367732 0.5130789 5.3662022 0.5876164 0.2050753 0.7666949 0.3434024 0.6074027 0.6007604 0.2021971 0.2021971 1.0574227 0.3642309 0.4826929 0.4593756 0.5947331 0.7105602 0.5091562 0.5542657 0.4775550 0.5240104 0.6447090 0.7522676 8.9999989 0.4922974 1.0083384 
Hdim.14086 3.8869402 8.9604128 3.9321042 7.0689492 0.0000000 8.9999986 8.9999985 8.9999987 8.9999987 8.9999989 8.9999987 8.9999990 7.9625050 8.9999988 7.1456965 8.9999987 8.9999981 3.4202221 8.8310080 8.9999985 6.1008694 7.4310472 7.7822590 8.9999987 5.4031544 5.4031544 4.5919202 8.9604128 8.9999985 8.9999987 8.9999985 8.9999988 7.3195621 8.2022363 7.3213939 7.9625050 8.4145874 8.9999984 0.2648810 8.9999987 3.6173618 
Hdim.13816 0.7731240 0.0963568 0.7471638 0.5022944 8.9999986 0.0000000 0.6415128 0.4457448 0.3239898 0.4598202 0.3239898 0.6087259 0.2025810 0.3742828 0.6369769 0.4286650 0.1982924 4.4360270 0.4577660 0.2049655 0.3383441 0.3353340 0.5694420 0.5525741 0.4929174 0.4929174 0.6083195 0.0963568 0.4206549 0.2123633 0.2093716 0.3208356 0.4840807 0.5535613 0.4572977 0.2025810 0.3136978 0.4792502 8.9999990 0.4700198 0.5937796 
Hdim.2114  1.0428061 0.4979453 0.7802317 0.3150422 8.9999985 0.6415128 0.0000000 0.3119074 0.1987752 0.3194067 0.1987752 0.4590518 0.3502700 0.6253126 0.5603587 0.4528661 0.6595677 7.5428602 0.3883122 0.3174740 0.7481050 0.3224897 0.4565324 0.4505941 0.0925871 0.0925871 0.9448710 0.4979453 0.3213544 0.3096517 0.4270691 0.8769174 0.3366431 0.4449752 0.3191527 0.3502700 0.4874448 0.5921733 6.7052288 0.3281641 0.7020858 
Hdim.12483 1.3652764 0.3264362 0.9250154 0.4412148 8.9999987 0.4457448 0.3119074 0.0000000 0.0896075 0.1885440 0.0896075 0.3010072 0.2069308 0.4238651 0.3608865 0.2991770 0.4529069 3.9122837 0.2272591 0.1884415 0.5034305 0.1912581 0.2994093 0.0920475 0.2005502 0.2005502 0.7555296 0.3264362 0.1897754 0.1848473 0.2849341 0.6156333 0.1976346 0.0916506 0.1891021 0.2069308 0.1010918 0.1945030 8.9999989 0.1938772 0.4486677 
Hdim.9655  1.1284619 0.2102961 0.7612946 0.3308495 8.9999987 0.3239898 0.1987752 0.0896075 0.0000000 0.0905050 0.0000010 0.1928250 0.0999823 0.2960998 0.2324111 0.1925647 0.3272190 4.2937361 0.1101933 0.0907586 0.3627477 0.0921653 0.1917775 0.1897754 0.0960542 0.0960542 0.6066343 0.2102961 0.0911192 0.0893000 0.1839598 0.4745012 0.0947814 0.1885505 0.0909936 0.0999823 0.2069308 0.2990932 8.9999989 0.0932452 0.2976264 
Hdim.11649 1.2253425 0.3346203 0.8001732 0.4808630 8.9999989 0.4598202 0.3194067 0.1885440 0.0905050 0.0000000 0.0905050 0.2051679 0.2106063 0.4374301 0.2375592 0.3057127 0.4679218 8.9999987 0.2319200 0.1913526 0.5234817 0.1942785 0.3060494 0.3026231 0.2040013 0.2040013 0.6320001 0.3346203 0.1927577 0.1876022 0.2906366 0.6431560 0.2009507 0.2998842 0.0920388 0.2106063 0.3285291 0.4245888 9.0000000 0.1970160 0.4665369 
Hdim.14170 1.1284619 0.2102961 0.7612946 0.3308495 8.9999987 0.3239898 0.1987752 0.0896075 0.0000010 0.0905050 0.0000000 0.1928250 0.0999823 0.2960998 0.2324111 0.1925647 0.3272190 4.2937361 0.1101933 0.0907586 0.3627477 0.0921653 0.1917775 0.1897754 0.0960542 0.0960542 0.6066343 0.2102961 0.0911192 0.0893000 0.1839598 0.4745012 0.0947814 0.1885505 0.0909936 0.0999823 0.2069308 0.2990932 8.9999989 0.0932452 0.2976264 
Hdim.9587  1.7876114 0.4747424 1.1538854 0.6511259 8.9999990 0.6087259 0.4590518 0.3010072 0.1928250 0.2051679 0.1928250 0.0000000 0.3363582 0.5921934 0.4739976 0.4337984 0.6239103 6.3421050 0.3709208 0.3061050 0.7011941 0.3107415 0.1954565 0.4314481 0.3290145 0.3290145 0.9434414 0.4747424 0.3095683 0.2989677 0.4104714 0.8213275 0.2255110 0.4264654 0.2492471 0.3363582 0.4653480 0.4312922 9.0000000 0.2901560 0.3908242 
Hdim.11320 0.8673391 0.0983469 0.5862312 0.5240104 7.9625050 0.2025810 0.3502700 0.2069308 0.0999823 0.2106063 0.0999823 0.3363582 0.0000000 0.3335105 0.4091860 0.1966471 0.2032714 4.4404094 0.2581131 0.2102961 0.2238942 0.2137184 0.3344436 0.3304708 0.2254930 0.2254930 0.4515641 0.0983469 0.2120895 0.2057646 0.2029495 0.3308619 0.2218213 0.3271484 0.2111535 0.0000010 0.0969930 0.4591394 8.9999987 0.2170300 0.2897977 
Hdim.1914  1.4723989 0.4864077 1.2566268 0.8598545 8.9999988 0.3742828 0.6253126 0.4238651 0.2960998 0.4374301 0.2960998 0.5921934 0.3335105 0.0000000 0.3220953 0.4404882 0.6485610 4.0641171 0.2030225 0.4322684 0.7347657 0.4391703 0.5892735 0.3889346 0.4707459 0.4707459 1.0358181 0.4864077 0.2618658 0.2104927 0.1026324 0.8612650 0.4618713 0.5725166 0.4352545 0.3335105 0.4759293 0.4760998 8.9999980 0.4480432 0.7688525 
Hdim.7504  1.1301152 0.5757737 0.9334338 0.8048433 7.1456965 0.6369769 0.5603587 0.3608865 0.2324111 0.2375592 0.2324111 0.4739976 0.4091860 0.3220953 0.0000000 0.5208345 0.7574691 5.0477133 0.0979944 0.3681872 0.8670094 0.3744887 0.5270728 0.3214419 0.4016197 0.4016197 0.7404621 0.5757737 0.2057859 0.2677467 0.4019798 1.0007337 0.3937065 0.5118094 0.1105552 0.4091860 0.5625146 0.5834287 9.0000000 0.3820882 0.8277410 
Hdim.7290  1.3513732 0.3118614 0.8646443 0.6367732 8.9999987 0.4286650 0.4528661 0.2991770 0.1925647 0.3057127 0.1925647 0.4337984 0.1966471 0.4404882 0.5208345 0.0000000 0.2001835 3.2829316 0.3670764 0.3041462 0.4545089 0.3086705 0.4315656 0.4264549 0.3264143 0.3264143 0.7009011 0.3118614 0.3075047 0.2971923 0.2929461 0.3263490 0.3211159 0.4216837 0.3056122 0.1966471 0.3065856 0.5549169 8.9999980 0.3136870 0.4028062 
Hdim.14249 0.9941963 0.0961559 0.7333425 0.5130789 8.9999981 0.1982924 0.6595677 0.4529069 0.3272190 0.4679218 0.3272190 0.6239103 0.2032714 0.6485610 0.7574691 0.2001835 0.0000000 3.7185465 0.5639997 0.2056947 0.3073103 0.3390143 0.5831818 0.6118196 0.5029329 0.5029329 0.5907570 0.0961559 0.4697102 0.4486679 0.4438582 0.1003970 0.4935486 0.5660712 0.4651277 0.2032714 0.3165700 0.7611367 8.9999983 0.4785390 0.6099426 
Hdim.8748  7.6064427 4.3428592 6.4442305 5.3662022 3.4202221 4.4360270 7.5428602 3.9122837 4.2937361 8.9999987 4.2937361 6.3421050 4.4404094 4.0641171 5.0477133 3.2829316 3.7185465 0.0000000 3.5757274 4.1933541 2.6912067 4.3238467 3.9215151 3.2661182 4.9851727 4.9851727 5.5300313 4.3428592 3.6147116 4.3886230 4.4543464 4.3669067 2.9687709 3.2749167 6.3656942 4.4404094 4.0639339 3.9682332 4.2931919 5.0942031 2.8247536 
Hdim.13705 1.4322649 0.4062015 1.1632824 0.5876164 8.8310080 0.4577660 0.3883122 0.2272591 0.1101933 0.2319200 0.1101933 0.3709208 0.2581131 0.2030225 0.0979944 0.3670764 0.5639997 3.5757274 0.0000000 0.2313344 0.6402801 0.2353786 0.3686736 0.2017528 0.2498490 0.2498490 0.9450887 0.4062015 0.0970554 0.1313202 0.2592198 0.7714790 0.2453631 0.3596799 0.2324111 0.2581131 0.3975242 0.4168469 8.9999988 0.2394381 0.5850340 
Hdim.14371 1.0120941 0.0996929 0.7869364 0.2050753 8.9999985 0.2049655 0.3174740 0.1884415 0.0907586 0.1913526 0.0907586 0.3061050 0.2102961 0.4322684 0.3681872 0.3041462 0.2056947 4.1933541 0.2313344 0.0000000 0.3533975 0.0930148 0.2579685 0.3011044 0.2037572 0.2037572 0.6387728 0.0996929 0.1926198 0.1875073 0.2893881 0.3342696 0.2007377 0.2526336 0.1919135 0.2102961 0.3264362 0.4202883 8.9999982 0.1968412 0.4592766 
Hdim.6242  0.9954618 0.2188998 0.7443828 0.7666949 6.1008694 0.3383441 0.7481050 0.5034305 0.3627477 0.5234817 0.3627477 0.7011941 0.2238942 0.7347657 0.8670094 0.4545089 0.3073103 2.6912067 0.6402801 0.3533975 0.0000000 0.4044277 0.4853535 0.6858329 0.5666314 0.5666314 0.6222546 0.2188998 0.5249879 0.4979275 0.4924151 0.4714208 0.5549313 0.4728186 0.5188983 0.2238942 0.3497560 0.8535508 8.9999986 0.5352956 0.6954110 
Hdim.14364 1.1888716 0.2169880 0.5445286 0.3434024 7.4310472 0.3353340 0.3224897 0.1912581 0.0921653 0.1942785 0.0921653 0.3107415 0.2137184 0.4391703 0.3744887 0.3086705 0.3390143 4.3238467 0.2353786 0.0930148 0.4044277 0.0000000 0.2803038 0.3056066 0.2070480 0.2070480 0.5447256 0.2169880 0.1955782 0.1902896 0.2934995 0.4945436 0.2039332 0.2744094 0.1948394 0.2137184 0.3315151 0.4263729 8.9999985 0.1999072 0.4678967 
Hdim.6776  1.4682893 0.4309819 1.1570597 0.6074027 7.7822590 0.5694420 0.4565324 0.2994093 0.1917775 0.3060494 0.1917775 0.1954565 0.3344436 0.5892735 0.5270728 0.4315656 0.5831818 3.9215151 0.3686736 0.2579685 0.4853535 0.2803038 0.0000000 0.4291998 0.3271183 0.3271183 0.9275164 0.4309819 0.3078700 0.2973951 0.4084427 0.7823192 0.2241216 0.1861540 0.3059441 0.3344436 0.4629009 0.4290930 8.9999987 0.2884368 0.3882537 
Hdim.8678  1.5760684 0.4661324 1.1602346 0.6007604 8.9999987 0.5525741 0.4505941 0.0920475 0.1897754 0.3026231 0.1897754 0.4314481 0.3304708 0.3889346 0.3214419 0.4264549 0.6118196 3.2661182 0.2017528 0.3011044 0.6858329 0.3056066 0.4291998 0.0000000 0.3232092 0.3232092 0.9618187 0.4661324 0.0896160 0.2571903 0.3678328 0.8032900 0.3179422 0.1948570 0.3025516 0.3304708 0.2146199 0.2723018 8.9999989 0.3105792 0.6401793 
Hdim.6897  0.8313690 0.3591060 0.6225372 0.2021971 5.4031544 0.4929174 0.0925871 0.2005502 0.0960542 0.2040013 0.0960542 0.3290145 0.2254930 0.4707459 0.4016197 0.3264143 0.5029329 4.9851727 0.2498490 0.2037572 0.5666314 0.2070480 0.3271183 0.3232092 0.0000000 0.0000010 0.7651663 0.3591060 0.2054317 0.1994514 0.3092352 0.6922234 0.2147517 0.3199792 0.2045655 0.2254930 0.3520801 0.4536855 7.4280344 0.2101991 0.5092036 
Hdim.2683  0.8313690 0.3591060 0.6225372 0.2021971 5.4031544 0.4929174 0.0925871 0.2005502 0.0960542 0.2040013 0.0960542 0.3290145 0.2254930 0.4707459 0.4016197 0.3264143 0.5029329 4.9851727 0.2498490 0.2037572 0.5666314 0.2070480 0.3271183 0.3232092 0.0000010 0.0000000 0.7651663 0.3591060 0.2054317 0.1994514 0.3092352 0.6922234 0.2147517 0.3199792 0.2045655 0.2254930 0.3520801 0.4536855 7.4280344 0.2101991 0.5092036 
Hdim.13850 0.9693698 0.4741666 0.1768725 1.0574227 4.5919202 0.6083195 0.9448710 0.7555296 0.6066343 0.6320001 0.6066343 0.9434414 0.4515641 1.0358181 0.7404621 0.7009011 0.5907570 5.5300313 0.9450887 0.6387728 0.6222546 0.5447256 0.9275164 0.9618187 0.7651663 0.7651663 0.0000000 0.4741666 0.7913104 0.7455233 0.7396861 0.7818146 0.8381925 0.8942442 0.4584661 0.4515641 0.5855374 1.1342216 9.0000000 0.8032633 1.0155391 
Hdim.15076 0.7801547 0.0000010 0.6029922 0.3642309 8.9604128 0.0963568 0.4979453 0.3264362 0.2102961 0.3346203 0.2102961 0.4747424 0.0983469 0.4864077 0.5757737 0.3118614 0.0961559 4.3428592 0.4062015 0.0996929 0.2188998 0.2169880 0.4309819 0.4661324 0.3591060 0.3591060 0.4741666 0.0000000 0.3366094 0.3239898 0.3200517 0.2078553 0.3527577 0.4198484 0.3341848 0.0983469 0.2037050 0.6043268 8.9999989 0.3436738 0.4445064 
Hdim.8420  1.3202175 0.3366094 0.9726390 0.4826929 8.9999985 0.4206549 0.3213544 0.1897754 0.0911192 0.1927577 0.0911192 0.3095683 0.2120895 0.2618658 0.2057859 0.3075047 0.4697102 3.6147116 0.0970554 0.1926198 0.5249879 0.1955782 0.3078700 0.0896160 0.2054317 0.2054317 0.7913104 0.3366094 0.0000000 0.1452478 0.2555716 0.6428448 0.2023413 0.3016443 0.1933224 0.2120895 0.3304708 0.3880461 8.9999989 0.1983524 0.4687047 
Hdim.5823  1.1212965 0.3239898 0.9109191 0.4593756 8.9999987 0.2123633 0.3096517 0.1848473 0.0893000 0.1876022 0.0893000 0.2989677 0.2057646 0.2104927 0.2677467 0.2971923 0.4486679 4.3886230 0.1313202 0.1875073 0.4979275 0.1902896 0.2973951 0.2571903 0.1994514 0.1994514 0.7455233 0.3239898 0.1452478 0.0000000 0.0899305 0.6083829 0.1965765 0.2917135 0.1881571 0.2057646 0.3184075 0.1951489 8.9999989 0.1928728 0.4436778 
Hdim.5827  1.1140686 0.3200517 0.9049335 0.5947331 8.9999985 0.2093716 0.4270691 0.2849341 0.1839598 0.2906366 0.1839598 0.4104714 0.2029495 0.1026324 0.4019798 0.2929461 0.4438582 4.4543464 0.2592198 0.2893881 0.4924151 0.2934995 0.4084427 0.3678328 0.3092352 0.3092352 0.7396861 0.3200517 0.2555716 0.0899305 0.0000000 0.6027486 0.3045154 0.3997652 0.2906714 0.2029495 0.3145811 0.3021729 8.9999989 0.2979594 0.5054587 
Hdim.264   1.0161601 0.2078553 0.9463686 0.7105602 8.9999988 0.3208356 0.8769174 0.6156333 0.4745012 0.6431560 0.4745012 0.8213275 0.3308619 0.8612650 1.0007337 0.3263490 0.1003970 4.3669067 0.7714790 0.3342696 0.4714208 0.4945436 0.7823192 0.8032900 0.6922234 0.6922234 0.7818146 0.2078553 0.6428448 0.6083829 0.6027486 0.0000000 0.6789236 0.7554826 0.6348622 0.3308619 0.4580385 0.9673157 8.9999984 0.6536563 0.8303704 
Hdim.2747  1.6125944 0.3527577 1.0366998 0.5091562 7.3195621 0.4840807 0.3366431 0.1976346 0.0947814 0.2009507 0.0947814 0.2255110 0.2218213 0.4618713 0.3937065 0.3211159 0.4935486 2.9687709 0.2453631 0.2007377 0.5549313 0.2039332 0.2241216 0.3179422 0.2147517 0.2147517 0.8381925 0.3527577 0.2023413 0.1965765 0.3045154 0.6789236 0.0000000 0.3148476 0.2015155 0.2218213 0.3459927 0.3104221 8.9999988 0.1387720 0.2330978 
Hdim.2842  1.3886935 0.4198484 1.1096650 0.5542657 8.2022363 0.5535613 0.4449752 0.0916506 0.1885505 0.2998842 0.1885505 0.4264654 0.3271484 0.5725166 0.5118094 0.4216837 0.5660712 3.2749167 0.3596799 0.2526336 0.4728186 0.2744094 0.1861540 0.1948570 0.3199792 0.3199792 0.8942442 0.4198484 0.3016443 0.2917135 0.3997652 0.7554826 0.3148476 0.0000000 0.2998389 0.3271484 0.2129589 0.3081162 8.9999987 0.3076838 0.6289773 
Hdim.9792  0.8842113 0.3341848 0.5953231 0.4775550 7.3213939 0.4572977 0.3191527 0.1891021 0.0909936 0.0920388 0.0909936 0.2492471 0.2111535 0.4352545 0.1105552 0.3056122 0.4651277 6.3656942 0.2324111 0.1919135 0.5188983 0.1948394 0.3059441 0.3025516 0.2045655 0.2045655 0.4584661 0.3341848 0.1933224 0.1881571 0.2906714 0.6348622 0.2015155 0.2998389 0.0000000 0.2111535 0.3281743 0.4228568 9.0000000 0.1975789 0.4632126 
Hdim.11122 0.8673391 0.0983469 0.5862312 0.5240104 7.9625050 0.2025810 0.3502700 0.2069308 0.0999823 0.2106063 0.0999823 0.3363582 0.0000010 0.3335105 0.4091860 0.1966471 0.2032714 4.4404094 0.2581131 0.2102961 0.2238942 0.2137184 0.3344436 0.3304708 0.2254930 0.2254930 0.4515641 0.0983469 0.2120895 0.2057646 0.2029495 0.3308619 0.2218213 0.3271484 0.2111535 0.0000000 0.0969930 0.4591394 8.9999987 0.2170300 0.2897977 
Hdim.11322 1.0784001 0.2037050 0.7339310 0.6447090 8.4145874 0.3136978 0.4874448 0.1010918 0.2069308 0.3285291 0.2069308 0.4653480 0.0969930 0.4759293 0.5625146 0.3065856 0.3165700 4.0639339 0.3975242 0.3264362 0.3497560 0.3315151 0.4629009 0.2146199 0.3520801 0.3520801 0.5855374 0.2037050 0.3304708 0.3184075 0.3145811 0.4580385 0.3459927 0.2129589 0.3281743 0.0969930 0.0000000 0.3376472 8.9999988 0.3373169 0.4346782 
Hdim.9186  1.7513968 0.6043268 1.3465037 0.7522676 8.9999984 0.4792502 0.5921733 0.1945030 0.2990932 0.4245888 0.2990932 0.4312922 0.4591394 0.4760998 0.5834287 0.5549169 0.7611367 3.9682332 0.4168469 0.4202883 0.8535508 0.4263729 0.4290930 0.2723018 0.4536855 0.4536855 1.1342216 0.6043268 0.3880461 0.1951489 0.3021729 0.9673157 0.3104221 0.3081162 0.4228568 0.4591394 0.3376472 0.0000000 8.9999982 0.4110998 0.6525802 
Hdim.1384  8.9999986 8.9999989 9.0000000 8.9999989 0.2648810 8.9999990 6.7052288 8.9999989 8.9999989 9.0000000 8.9999989 9.0000000 8.9999987 8.9999980 9.0000000 8.9999980 8.9999983 4.2931919 8.9999988 8.9999982 8.9999986 8.9999985 8.9999987 8.9999989 7.4280344 7.4280344 9.0000000 8.9999989 8.9999989 8.9999989 8.9999989 8.9999984 8.9999988 8.9999987 9.0000000 8.9999987 8.9999988 8.9999982 0.0000000 8.9999989 5.0320709 
Hdim.3040  1.4850442 0.3436738 0.9865265 0.4922974 8.9999987 0.4700198 0.3281641 0.1938772 0.0932452 0.1970160 0.0932452 0.2901560 0.2170300 0.4480432 0.3820882 0.3136870 0.4785390 5.0942031 0.2394381 0.1968412 0.5352956 0.1999072 0.2884368 0.3105792 0.2101991 0.2101991 0.8032633 0.3436738 0.1983524 0.1928728 0.2979594 0.6536563 0.1387720 0.3076838 0.1975789 0.2170300 0.3373169 0.4110998 8.9999989 0.0000000 0.2607272 
Hdim.4931  2.0497321 0.4445064 1.2540678 1.0083384 3.6173618 0.5937796 0.7020858 0.4486677 0.2976264 0.4665369 0.2976264 0.3908242 0.2897977 0.7688525 0.8277410 0.4028062 0.6099426 2.8247536 0.5850340 0.4592766 0.6954110 0.4678967 0.3882537 0.6401793 0.5092036 0.5092036 1.0155391 0.4445064 0.4687047 0.4436778 0.5054587 0.8303704 0.2330978 0.6289773 0.4632126 0.2897977 0.4346782 0.6525802 5.0320709 0.2607272 0.0000000 
