9
Mlig.4374  0.0000000 0.8905962 0.0092732 0.0155674 0.9015691 0.8968058 1.1271117 1.1177250 1.1227039 
Mlig.42060 0.8905962 0.0000000 0.8907052 0.8969968 0.0062907 0.0031319 0.7566692 0.7495645 0.7549994 
Mlig.29980 0.0092732 0.8907052 0.0000000 0.0124238 0.9016831 0.8969175 1.1181946 1.1088658 1.1005254 
Mlig.29981 0.0155674 0.8969968 0.0124238 0.0000000 0.9080230 0.9032325 1.1307279 1.1213375 1.1263400 
Mlig.35567 0.9015691 0.0062907 0.9016831 0.9080230 0.0000000 0.0031374 0.7582131 0.7510958 0.7565433 
Mlig.44120 0.8968058 0.0031319 0.8969175 0.9032325 0.0031374 0.0000000 0.7478614 0.7408164 0.7461884 
Mlig.19338 1.1271117 0.7566692 1.1181946 1.1307279 0.7582131 0.7478614 0.0000000 0.0030486 0.0249576 
Mlig.9111  1.1177250 0.7495645 1.1088658 1.1213375 0.7510958 0.7408164 0.0030486 0.0000000 0.0217919 
Mlig.9274  1.1227039 0.7549994 1.1005254 1.1263400 0.7565433 0.7461884 0.0249576 0.0217919 0.0000000 
