11
Mlig.32927 0.0000000 0.8440694 0.8440694 1.0441295 1.0452189 0.3318537 0.3354973 0.3395202 1.0708840 1.0708840 1.0708840 
Mlig.33895 0.8440694 0.0000000 0.0000010 0.3635030 0.3692027 0.7606443 0.7601724 0.7661490 0.4744937 0.4744937 0.4744937 
Mlig.33896 0.8440694 0.0000010 0.0000000 0.3635030 0.3692027 0.7606443 0.7601724 0.7661490 0.4744937 0.4744937 0.4744937 
Mlig.33598 1.0441295 0.3635030 0.3635030 0.0000000 0.0106067 0.9994222 0.9987806 0.9905038 0.3648686 0.3648686 0.3648686 
Mlig.47233 1.0452189 0.3692027 0.3692027 0.0106067 0.0000000 0.9937459 0.9931068 0.9848469 0.3681666 0.3681666 0.3681666 
Mlig.33265 0.3318537 0.7606443 0.7606443 0.9994222 0.9937459 0.0000000 0.0021062 0.0042301 0.8716222 0.8716222 0.8716222 
Mlig.33263 0.3354973 0.7601724 0.7601724 0.9987806 0.9931068 0.0021062 0.0000000 0.0021073 0.8710649 0.8710649 0.8710649 
Mlig.33264 0.3395202 0.7661490 0.7661490 0.9905038 0.9848469 0.0042301 0.0021073 0.0000000 0.8776215 0.8776215 0.8776215 
Mlig.29223 1.0708840 0.4744937 0.4744937 0.3648686 0.3681666 0.8716222 0.8710649 0.8776215 0.0000000 0.0000010 0.0000010 
Mlig.29224 1.0708840 0.4744937 0.4744937 0.3648686 0.3681666 0.8716222 0.8710649 0.8776215 0.0000010 0.0000000 0.0000010 
Mlig.29222 1.0708840 0.4744937 0.4744937 0.3648686 0.3681666 0.8716222 0.8710649 0.8776215 0.0000010 0.0000010 0.0000000 
