12
Hdim.6238  0.0000000 0.6651933 0.5872164 0.5684971 0.9022501 0.6930427 0.6649949 0.9790598 0.7016621 0.4348942 0.7951978 0.6995049 
Hdim.9139  0.6651933 0.0000000 0.8840656 0.5304644 0.9615418 0.7636336 0.8140591 1.0314045 1.0010675 0.6218026 1.0144551 0.6804089 
Hdim.14425 0.5872164 0.8840656 0.0000000 0.7361962 0.7551866 0.8061393 0.7147962 0.8510036 1.0363020 0.5898260 0.7141780 0.7227543 
Hdim.12134 0.5684971 0.5304644 0.7361962 0.0000000 0.8156088 0.5710911 0.6639162 0.7535591 0.7363993 0.4987596 0.7043497 0.6101914 
Hdim.6544  0.9022501 0.9615418 0.7551866 0.8156088 0.0000000 0.7218149 0.7137050 0.6617397 1.1421738 0.7319197 1.1149252 0.6703191 
Hdim.889   0.6930427 0.7636336 0.8061393 0.5710911 0.7218149 0.0000000 0.6473889 0.5284014 0.7439201 0.4298793 0.7407447 0.6162873 
Hdim.14964 0.6649949 0.8140591 0.7147962 0.6639162 0.7137050 0.6473889 0.0000000 0.6767827 0.7421114 0.5186015 0.7816177 0.5232772 
Hdim.7420  0.9790598 1.0314045 0.8510036 0.7535591 0.6617397 0.5284014 0.6767827 0.0000000 1.0608051 0.5979306 1.1548751 0.6307470 
Hdim.3108  0.7016621 1.0010675 1.0363020 0.7363993 1.1421738 0.7439201 0.7421114 1.0608051 0.0000000 0.6403590 0.6540319 0.7738343 
Hdim.4065  0.4348942 0.6218026 0.5898260 0.4987596 0.7319197 0.4298793 0.5186015 0.5979306 0.6403590 0.0000000 0.6264633 0.4350541 
Hdim.5474  0.7951978 1.0144551 0.7141780 0.7043497 1.1149252 0.7407447 0.7816177 1.1548751 0.6540319 0.6264633 0.0000000 0.8664672 
Hdim.15074 0.6995049 0.6804089 0.7227543 0.6101914 0.6703191 0.6162873 0.5232772 0.6307470 0.7738343 0.4350541 0.8664672 0.0000000 
