6
Mlig.15124 0.0000000 0.7255209 0.7343181 0.7263562 0.7149366 0.7283768 
Mlig.26021 0.7255209 0.0000000 0.0142066 0.0070701 0.6947921 0.6949933 
Mlig.26022 0.7343181 0.0142066 0.0000000 0.0142229 0.6961479 0.6963492 
Mlig.26023 0.7263562 0.0070701 0.0142229 0.0000000 0.6891854 0.6893872 
Mlig.48367 0.7149366 0.6947921 0.6961479 0.6891854 0.0000000 0.0108327 
Mlig.48369 0.7283768 0.6949933 0.6963492 0.6893872 0.0108327 0.0000000 
