6
Smed.19303 0.0000000 0.5691829 0.6327595 0.8353073 0.7885064 0.7664195 
Smed.8134  0.5691829 0.0000000 0.5900874 0.7537690 0.6994895 0.6266560 
Smed.12523 0.6327595 0.5900874 0.0000000 0.7303111 0.6656384 0.6169196 
Smed.12524 0.8353073 0.7537690 0.7303111 0.0000000 0.3121077 0.2783210 
Smed.10124 0.7885064 0.6994895 0.6656384 0.3121077 0.0000000 0.1994470 
Smed.12925 0.7664195 0.6266560 0.6169196 0.2783210 0.1994470 0.0000000 
