6
Hdim.5441  0.0000000 0.6686357 0.5209228 0.4493537 1.0350905 0.9251798 
Hdim.5803  0.6686357 0.0000000 0.3065752 0.4869114 0.8170481 0.6165813 
Hdim.11232 0.5209228 0.3065752 0.0000000 0.2732977 0.6646706 0.5038940 
Hdim.1723  0.4493537 0.4869114 0.2732977 0.0000000 0.7557676 0.6557252 
Hdim.9109  1.0350905 0.8170481 0.6646706 0.7557676 0.0000000 0.6944136 
Hdim.13870 0.9251798 0.6165813 0.5038940 0.6557252 0.6944136 0.0000000 
