7
Mlig.28318 0.0000000 0.0000010 0.0039453 0.5790532 0.8562815 0.8562815 0.8562815 
Mlig.28320 0.0000010 0.0000000 0.0039453 0.5790532 0.8562815 0.8562815 0.8562815 
Mlig.28319 0.0039453 0.0039453 0.0000000 0.5705553 0.8554679 0.8554679 0.8554679 
Mlig.2442  0.5790532 0.5790532 0.5705553 0.0000000 0.8372089 0.8372089 0.8372089 
Mlig.39757 0.8562815 0.8562815 0.8554679 0.8372089 0.0000000 0.0000010 0.0000010 
Mlig.39758 0.8562815 0.8562815 0.8554679 0.8372089 0.0000010 0.0000000 0.0000010 
Mlig.45343 0.8562815 0.8562815 0.8554679 0.8372089 0.0000010 0.0000010 0.0000000 
