19
Mlig.39059 0.0000000 0.0000010 0.0174009 0.0541368 0.0445821 0.0634263 0.0634263 0.8319042 0.9436276 0.9436276 0.9353154 0.9178291 0.9178291 0.5875892 0.5875892 0.9525051 0.9353154 1.1166946 1.1166946 
Mlig.39062 0.0000010 0.0000000 0.0174009 0.0541368 0.0445821 0.0634263 0.0634263 0.8319042 0.9436276 0.9436276 0.9353154 0.9178291 0.9178291 0.5875892 0.5875892 0.9525051 0.9353154 1.1166946 1.1166946 
Mlig.39060 0.0174009 0.0174009 0.0000000 0.0355522 0.0446552 0.0446244 0.0446244 0.8419123 0.9576928 0.9576928 0.9775353 0.9593990 0.9593990 0.5781322 0.5781322 0.9953178 0.9775353 1.1407182 1.1407182 
Mlig.19774 0.0541368 0.0541368 0.0355522 0.0000000 0.0086297 0.0086250 0.0086250 0.8657140 0.9840419 0.9840419 1.0244202 0.9698925 0.9698925 0.5680779 0.5680779 1.0062834 1.0244202 1.1537689 1.1537689 
Mlig.19775 0.0445821 0.0445821 0.0446552 0.0086297 0.0000000 0.0173315 0.0173315 0.8598627 0.9777062 0.9777062 0.9930926 0.9398427 0.9398427 0.5850452 0.5850452 0.9753764 0.9930926 1.1441111 1.1441111 
Mlig.19776 0.0634263 0.0634263 0.0446244 0.0086250 0.0173315 0.0000000 0.0000010 0.8606569 0.9784616 0.9784616 1.0196450 0.9643568 0.9643568 0.5698238 0.5698238 1.0015810 1.0196450 1.1483894 1.1483894 
Mlig.19777 0.0634263 0.0634263 0.0446244 0.0086250 0.0173315 0.0000010 0.0000000 0.8606569 0.9784616 0.9784616 1.0196450 0.9643568 0.9643568 0.5698238 0.5698238 1.0015810 1.0196450 1.1483894 1.1483894 
Mlig.31184 0.8319042 0.8319042 0.8419123 0.8657140 0.8598627 0.8606569 0.8606569 0.0000000 0.1207415 0.1207415 0.7130302 0.6425212 0.6425212 0.8349806 0.8349806 0.7118158 0.7130302 0.8036233 0.8036233 
Mlig.48745 0.9436276 0.9436276 0.9576928 0.9840419 0.9777062 0.9784616 0.9784616 0.1207415 0.0000000 0.0000010 0.7456823 0.6957074 0.6957074 0.8109633 0.8109633 0.7444128 0.7456823 0.7673318 0.7673318 
Mlig.48746 0.9436276 0.9436276 0.9576928 0.9840419 0.9777062 0.9784616 0.9784616 0.1207415 0.0000010 0.0000000 0.7456823 0.6957074 0.6957074 0.8109633 0.8109633 0.7444128 0.7456823 0.7673318 0.7673318 
Mlig.6507  0.9353154 0.9353154 0.9775353 1.0244202 0.9930926 1.0196450 1.0196450 0.7130302 0.7456823 0.7456823 0.0000000 0.0988181 0.0988181 0.9069484 0.9069484 0.0083503 0.0000010 0.1715807 0.1715807 
Mlig.43697 0.9178291 0.9178291 0.9593990 0.9698925 0.9398427 0.9643568 0.9643568 0.6425212 0.6957074 0.6957074 0.0988181 0.0000000 0.0000010 0.8705119 0.8705119 0.0897212 0.0988181 0.2072895 0.2072895 
Mlig.43698 0.9178291 0.9178291 0.9593990 0.9698925 0.9398427 0.9643568 0.9643568 0.6425212 0.6957074 0.6957074 0.0988181 0.0000010 0.0000000 0.8705119 0.8705119 0.0897212 0.0988181 0.2072895 0.2072895 
Mlig.12117 0.5875892 0.5875892 0.5781322 0.5680779 0.5850452 0.5698238 0.5698238 0.8349806 0.8109633 0.8109633 0.9069484 0.8705119 0.8705119 0.0000000 0.0000010 0.8905277 0.9069484 0.9086791 0.9086791 
Mlig.12118 0.5875892 0.5875892 0.5781322 0.5680779 0.5850452 0.5698238 0.5698238 0.8349806 0.8109633 0.8109633 0.9069484 0.8705119 0.8705119 0.0000010 0.0000000 0.8905277 0.9069484 0.9086791 0.9086791 
Mlig.6508  0.9525051 0.9525051 0.9953178 1.0062834 0.9753764 1.0015810 1.0015810 0.7118158 0.7444128 0.7444128 0.0083503 0.0897212 0.0897212 0.8905277 0.8905277 0.0000000 0.0083503 0.1619177 0.1619177 
Mlig.6509  0.9353154 0.9353154 0.9775353 1.0244202 0.9930926 1.0196450 1.0196450 0.7130302 0.7456823 0.7456823 0.0000010 0.0988181 0.0988181 0.9069484 0.9069484 0.0083503 0.0000000 0.1715807 0.1715807 
Mlig.10097 1.1166946 1.1166946 1.1407182 1.1537689 1.1441111 1.1483894 1.1483894 0.8036233 0.7673318 0.7673318 0.1715807 0.2072895 0.2072895 0.9086791 0.9086791 0.1619177 0.1715807 0.0000000 0.0000010 
Mlig.10098 1.1166946 1.1166946 1.1407182 1.1537689 1.1441111 1.1483894 1.1483894 0.8036233 0.7673318 0.7673318 0.1715807 0.2072895 0.2072895 0.9086791 0.9086791 0.1619177 0.1715807 0.0000010 0.0000000 
