6
Smed.24472 0.0000000 0.0508240 0.0608383 0.0853220 0.0301314 0.0508923 
Smed.1578  0.0508240 0.0000000 0.0923826 0.1186711 0.0609922 0.0824252 
Smed.14237 0.0608383 0.0923826 0.0000000 0.1186448 0.0709882 0.0712646 
Smed.22021 0.0853220 0.1186711 0.1186448 0.0000000 0.0959565 0.0966363 
Smed.3679  0.0301314 0.0609922 0.0709882 0.0959565 0.0000000 0.0610760 
Smed.12654 0.0508923 0.0824252 0.0712646 0.0966363 0.0610760 0.0000000 
