9
Mlig.48022 0.0000000 0.2167071 0.2167074 0.2167071 0.3005387 0.3005387 0.0000010 0.2442211 0.2443946 
Mlig.46294 0.2167071 0.0000000 0.0027864 0.0000010 0.2925063 0.2925063 0.2167071 0.2857544 0.2940485 
Mlig.46292 0.2167074 0.0027864 0.0000000 0.0027864 0.2924517 0.2924517 0.2167074 0.2865495 0.2948640 
Mlig.46293 0.2167071 0.0000010 0.0027864 0.0000000 0.2925063 0.2925063 0.2167071 0.2857544 0.2940485 
Mlig.6351  0.3005387 0.2925063 0.2924517 0.2925063 0.0000000 0.0000010 0.3005387 0.3288601 0.3377100 
Mlig.6352  0.3005387 0.2925063 0.2924517 0.2925063 0.0000010 0.0000000 0.3005387 0.3288601 0.3377100 
Mlig.41030 0.0000010 0.2167071 0.2167074 0.2167071 0.3005387 0.3005387 0.0000000 0.2442211 0.2443946 
Mlig.21249 0.2442211 0.2857544 0.2865495 0.2857544 0.3288601 0.3288601 0.2442211 0.0000000 0.0083606 
Mlig.21250 0.2443946 0.2940485 0.2948640 0.2940485 0.3377100 0.3377100 0.2443946 0.0083606 0.0000000 
