8
Mlig.4467  0.0000000 0.0449514 0.0597381 0.7428767 0.7296927 0.6192735 0.2150250 0.2243103 
Mlig.4468  0.0449514 0.0000000 0.0445663 0.7138959 0.7009578 0.5926461 0.2158934 0.2245416 
Mlig.31551 0.0597381 0.0445663 0.0000000 0.7116662 0.6987130 0.5902292 0.2126567 0.2399427 
Mlig.36966 0.7428767 0.7138959 0.7116662 0.0000000 0.0075350 0.0772813 0.6411035 0.6517353 
Mlig.36968 0.7296927 0.7009578 0.6987130 0.0075350 0.0000000 0.0694016 0.6284835 0.6390659 
Mlig.36967 0.6192735 0.5926461 0.5902292 0.0772813 0.0694016 0.0000000 0.5454699 0.5556468 
Mlig.8254  0.2150250 0.2158934 0.2126567 0.6411035 0.6284835 0.5454699 0.0000000 0.0307092 
Mlig.49000 0.2243103 0.2245416 0.2399427 0.6517353 0.6390659 0.5556468 0.0307092 0.0000000 
