7
Hdim.4165  0.0000000 1.0722488 1.1485487 1.0459086 0.9583861 1.4946895 1.6714315 
Hdim.4902  1.0722488 0.0000000 0.9764305 0.8457775 0.5941854 1.2139301 1.2840300 
Hdim.222   1.1485487 0.9764305 0.0000000 0.7294437 0.4888483 0.8150780 0.9995209 
Hdim.881   1.0459086 0.8457775 0.7294437 0.0000000 0.4802313 0.6947911 1.1996138 
Hdim.13365 0.9583861 0.5941854 0.4888483 0.4802313 0.0000000 0.7788445 0.9081098 
Hdim.213   1.4946895 1.2139301 0.8150780 0.6947911 0.7788445 0.0000000 1.8094478 
Hdim.10389 1.6714315 1.2840300 0.9995209 1.1996138 0.9081098 1.8094478 0.0000000 
