11
Mlig.2480  0.0000000 0.0000010 0.2124137 0.8132514 0.8132514 0.6297060 0.6297060 0.6165816 0.6382282 0.6016428 0.6382282 
Mlig.2482  0.0000010 0.0000000 0.2124137 0.8132514 0.8132514 0.6297060 0.6297060 0.6165816 0.6382282 0.6016428 0.6382282 
Mlig.8186  0.2124137 0.2124137 0.0000000 0.7937340 0.7937340 0.7343713 0.7343713 0.7205625 0.6736178 0.6380956 0.6736178 
Mlig.38172 0.8132514 0.8132514 0.7937340 0.0000000 0.0000010 0.4853315 0.4853315 0.4735018 0.4827912 0.4756414 0.4827912 
Mlig.38174 0.8132514 0.8132514 0.7937340 0.0000010 0.0000000 0.4853315 0.4853315 0.4735018 0.4827912 0.4756414 0.4827912 
Mlig.2950  0.6297060 0.6297060 0.7343713 0.4853315 0.4853315 0.0000000 0.0000010 0.0081924 0.3826248 0.3521534 0.3826248 
Mlig.2949  0.6297060 0.6297060 0.7343713 0.4853315 0.4853315 0.0000010 0.0000000 0.0081924 0.3826248 0.3521534 0.3826248 
Mlig.13624 0.6165816 0.6165816 0.7205625 0.4735018 0.4735018 0.0081924 0.0081924 0.0000000 0.3713207 0.3411281 0.3713207 
Mlig.23307 0.6382282 0.6382282 0.6736178 0.4827912 0.4827912 0.3826248 0.3826248 0.3713207 0.0000000 0.0248865 0.0000010 
Mlig.13182 0.6016428 0.6016428 0.6380956 0.4756414 0.4756414 0.3521534 0.3521534 0.3411281 0.0248865 0.0000000 0.0248865 
Mlig.23309 0.6382282 0.6382282 0.6736178 0.4827912 0.4827912 0.3826248 0.3826248 0.3713207 0.0000010 0.0248865 0.0000000 
