6
Mlig.8191  0.0000000 0.0161586 0.0368345 0.2091123 0.0202310 0.0367723 
Mlig.31538 0.0161586 0.0000000 0.0368646 0.2093137 0.0202473 0.0368023 
Mlig.46812 0.0368345 0.0368646 0.0000000 0.2255456 0.0244545 0.0080694 
Mlig.42015 0.2091123 0.2093137 0.2255456 0.0000000 0.2038967 0.2202452 
Mlig.13663 0.0202310 0.0202473 0.0244545 0.2038967 0.0000000 0.0244135 
Mlig.40573 0.0367723 0.0368023 0.0080694 0.2202452 0.0244135 0.0000000 
