8
Mlig.16881 0.0000000 0.9732034 0.9697592 0.9662683 0.0306887 0.9148522 0.9084612 0.9220334 
Mlig.10726 0.9732034 0.0000000 0.0048809 0.0032435 0.9291250 0.8285650 0.8226648 0.8351439 
Mlig.10727 0.9697592 0.0048809 0.0000000 0.0016215 0.9258586 0.8256991 0.8198208 0.8322515 
Mlig.23612 0.9662683 0.0032435 0.0016215 0.0000000 0.9224855 0.8226298 0.8167695 0.8291599 
Mlig.32764 0.0306887 0.9291250 0.9258586 0.9224855 0.0000000 0.8726246 0.8664561 0.8795325 
Mlig.4778  0.9148522 0.8285650 0.8256991 0.8226298 0.8726246 0.0000000 0.0016254 0.0048972 
Mlig.4779  0.9084612 0.8226648 0.8198208 0.8167695 0.8664561 0.0016254 0.0000000 0.0032571 
Mlig.4780  0.9220334 0.8351439 0.8322515 0.8291599 0.8795325 0.0048972 0.0032571 0.0000000 
