7
Mlig.28305 0.0000000 0.0000010 0.0000010 0.0000010 0.8543173 0.4379036 0.5352007 
Mlig.28306 0.0000010 0.0000000 0.0000010 0.0000010 0.8543173 0.4379036 0.5352007 
Mlig.28307 0.0000010 0.0000010 0.0000000 0.0000010 0.8543173 0.4379036 0.5352007 
Mlig.28308 0.0000010 0.0000010 0.0000010 0.0000000 0.8543173 0.4379036 0.5352007 
Mlig.3129  0.8543173 0.8543173 0.8543173 0.8543173 0.0000000 0.9245746 0.9378074 
Mlig.26043 0.4379036 0.4379036 0.4379036 0.4379036 0.9245746 0.0000000 0.3598646 
Mlig.34126 0.5352007 0.5352007 0.5352007 0.5352007 0.9378074 0.3598646 0.0000000 
