8
Smar.4330  0.0000000 0.0000010 0.0177076 0.0134806 0.0187498 0.0114129 0.0114126 0.0134913 
Smar.4331  0.0000010 0.0000000 0.0177076 0.0134806 0.0187498 0.0114129 0.0114126 0.0134913 
Smar.1427  0.0177076 0.0177076 0.0000000 0.0164302 0.0174999 0.0123043 0.0123040 0.0143639 
Smar.403   0.0134806 0.0134806 0.0164302 0.0000000 0.0153950 0.0102187 0.0102184 0.0122698 
Smar.652   0.0187498 0.0187498 0.0174999 0.0153950 0.0000000 0.0133321 0.0133316 0.0153926 
Smar.8389  0.0114129 0.0114129 0.0123043 0.0102187 0.0133321 0.0000000 0.0061220 0.0081677 
Smar.1244  0.0114126 0.0114126 0.0123040 0.0102184 0.0133316 0.0061220 0.0000000 0.0040757 
Smar.2642  0.0134913 0.0134913 0.0143639 0.0122698 0.0153926 0.0081677 0.0040757 0.0000000 
