6
Mlig.18422 0.0000000 0.0472849 0.0471733 0.0389053 0.0026894 0.0026812 
Mlig.17261 0.0472849 0.0000000 0.0107547 0.0189869 0.0502406 0.0500869 
Mlig.17262 0.0471733 0.0107547 0.0000000 0.0244909 0.0501219 0.0499690 
Mlig.17263 0.0389053 0.0189869 0.0244909 0.0000000 0.0360522 0.0417011 
Mlig.18423 0.0026894 0.0502406 0.0501219 0.0360522 0.0000000 0.0053806 
Mlig.18424 0.0026812 0.0500869 0.0499690 0.0417011 0.0053806 0.0000000 
