6
Mlig.4098  0.0000000 0.0109230 0.0182870 1.6279606 1.6002713 1.6650528 
Mlig.4096  0.0109230 0.0000000 0.0072561 1.6500112 1.6220679 1.6876113 
Mlig.4097  0.0182870 0.0072561 0.0000000 1.6331905 1.6055824 1.6702083 
Mlig.16602 1.6279606 1.6500112 1.6331905 0.0000000 0.0180558 0.0291025 
Mlig.16600 1.6002713 1.6220679 1.6055824 0.0180558 0.0000000 0.0327010 
Mlig.16601 1.6650528 1.6876113 1.6702083 0.0291025 0.0327010 0.0000000 
