34
Smed.11786 0.0000000 0.2544020 0.5157234 0.2986431 0.4345958 0.5109099 0.5036769 0.5092874 0.5142424 0.3363945 0.3282488 0.3013574 0.2968237 0.3161722 0.9362489 0.8555550 0.9334557 0.8114177 0.8397004 0.8774830 0.8510435 0.8318672 0.7973799 0.8099722 0.8343443 0.8968595 0.8897113 0.8821591 0.8969562 0.8935298 0.8295429 0.9084574 0.8666088 0.9167967 
Smed.9662  0.2544020 0.0000000 0.3272750 0.1777402 0.2884992 0.3639800 0.3396721 0.3410256 0.3455476 0.1749873 0.1742991 0.1457269 0.1528715 0.1629393 0.9230840 0.8473285 0.9114110 0.8212992 0.8588706 0.8680130 0.8377254 0.8513047 0.8046902 0.8071095 0.8267207 0.8755228 0.9240848 0.8926330 0.8853494 0.8848073 0.8384394 0.8994855 0.8785423 0.9048493 
Smed.27127 0.5157234 0.3272750 0.0000000 0.4081428 0.1928738 0.0594276 0.0266833 0.0222962 0.0176854 0.2954766 0.2804703 0.2612888 0.2962124 0.2863484 1.0125719 0.9136344 0.9777567 0.9012259 0.9323999 0.9197141 0.9052046 0.9382294 0.9228456 0.9193035 0.9156205 0.9409889 0.9857421 0.9649069 0.9508803 0.9526800 0.9250634 0.9655490 0.9341209 0.9717416 
Smed.2621  0.2986431 0.1777402 0.4081428 0.0000000 0.3518528 0.4498068 0.4204341 0.4227149 0.4273288 0.1668703 0.1836607 0.1546490 0.1560547 0.1451722 0.9312549 0.8561377 0.9138741 0.8421880 0.8576349 0.8622680 0.8515417 0.8466268 0.8213385 0.8183006 0.8279214 0.8988020 0.9053080 0.8939339 0.8990686 0.8823195 0.8339297 0.9226020 0.8846032 0.9057925 
Smed.4084  0.4345958 0.2884992 0.1928738 0.3518528 0.0000000 0.2093598 0.2026172 0.2106175 0.1924759 0.2937833 0.2993427 0.2646213 0.2474971 0.2530235 0.9069224 0.8330678 0.8991713 0.8195471 0.8363850 0.8363182 0.8388565 0.8411277 0.8267521 0.8065897 0.8130901 0.8654913 0.8948071 0.8781288 0.8747083 0.8415934 0.8286071 0.8885410 0.8445982 0.8811383 
Smed.23763 0.5109099 0.3639800 0.0594276 0.4498068 0.2093598 0.0000000 0.0592409 0.0642788 0.0591776 0.3339555 0.3169612 0.2971768 0.3371648 0.3287944 0.9465481 0.8822641 0.9487102 0.8564680 0.8872318 0.8750619 0.8655876 0.8929694 0.8787935 0.8754731 0.8631093 0.9126034 0.9625680 0.9202831 0.9223066 0.9240956 0.8801064 0.9367762 0.8879880 0.9427962 
Smed.27342 0.5036769 0.3396721 0.0266833 0.4204341 0.2026172 0.0592409 0.0000000 0.0312628 0.0265702 0.3065704 0.2916929 0.2724259 0.3067803 0.2987057 0.9975574 0.9144653 0.9780281 0.9074257 0.9330666 0.9204905 0.9092426 0.9388436 0.9236022 0.9200894 0.9096252 0.9415801 0.9937313 0.9495358 0.9513858 0.9531695 0.9257950 0.9659261 0.9400451 0.9720655 
Smed.23451 0.5092874 0.3410256 0.0222962 0.4227149 0.2106175 0.0642788 0.0312628 0.0000000 0.0222010 0.3088395 0.2878798 0.2685271 0.3077077 0.2995278 1.0205594 0.9211350 0.9854268 0.9088012 0.9399441 0.9272169 0.9157867 0.9457685 0.9304321 0.9268622 0.9149657 0.9485471 1.0013674 0.9725555 0.9584734 0.9602724 0.9325981 0.9731693 0.9417792 0.9793961 
Smed.26107 0.5142424 0.3455476 0.0176854 0.4273288 0.1924759 0.0591776 0.0265702 0.0222010 0.0000000 0.3133270 0.2793105 0.2729782 0.3121692 0.3039827 1.0145071 0.9156482 0.9796877 0.9032833 0.9343893 0.9217169 0.9103745 0.9402061 0.9248647 0.9031430 0.9094953 0.9443467 0.9955199 0.9668587 0.9528460 0.9546420 0.9270645 0.9674924 0.9375328 0.9736809 
Smed.20106 0.3363945 0.1749873 0.2954766 0.1668703 0.2937833 0.3339555 0.3065704 0.3088395 0.3133270 0.0000000 0.1227101 0.0869256 0.0738588 0.0886267 0.9349925 0.8616578 0.8812552 0.7940951 0.8459232 0.8406387 0.8256868 0.8349026 0.8308388 0.8277325 0.8490653 0.8474039 0.8914738 0.8685242 0.8566878 0.8505106 0.8221554 0.8706435 0.8573347 0.8630367 
Smed.6100  0.3282488 0.1742991 0.2804703 0.1836607 0.2993427 0.3169612 0.2916929 0.2878798 0.2793105 0.1227101 0.0000000 0.0487258 0.1249286 0.0989662 0.8900435 0.8008771 0.8726781 0.7918705 0.8486752 0.8297745 0.8033758 0.8378737 0.8082784 0.8053181 0.8117736 0.8410946 0.8976613 0.8778323 0.8488541 0.8505549 0.8253898 0.8624186 0.8210273 0.8521317 
Smed.14729 0.3013574 0.1457269 0.2612888 0.1546490 0.2646213 0.2971768 0.2724259 0.2685271 0.2729782 0.0869256 0.0487258 0.0000000 0.0888428 0.0834191 0.8735393 0.7942946 0.8475393 0.7555126 0.8109475 0.8055960 0.7802528 0.8004383 0.7806005 0.7817656 0.7878601 0.8154860 0.8723802 0.8392469 0.8247093 0.8260049 0.7881826 0.8380228 0.7957927 0.8301384 
Smed.11589 0.2968237 0.1528715 0.2962124 0.1560547 0.2474971 0.3371648 0.3067803 0.3077077 0.3121692 0.0738588 0.1249286 0.0888428 0.0000000 0.0667230 0.8846194 0.8257012 0.8641644 0.7773888 0.8136307 0.8200652 0.7801752 0.8110450 0.7867144 0.7837988 0.8082859 0.8309477 0.8661074 0.8365931 0.8400841 0.8330886 0.7984965 0.8614764 0.8220359 0.8462079 
Smed.27254 0.3161722 0.1629393 0.2863484 0.1451722 0.2530235 0.3287944 0.2987057 0.2995278 0.3039827 0.0886267 0.0989662 0.0834191 0.0667230 0.0000000 0.8931576 0.8356408 0.8765521 0.7930852 0.8236161 0.8299938 0.8035779 0.8129378 0.7969748 0.7940527 0.8183317 0.8434234 0.8897171 0.8523948 0.8525172 0.8464802 0.8005224 0.8661885 0.8346220 0.8587042 
Smed.7126  0.9362489 0.9230840 1.0125719 0.9312549 0.9069224 0.9465481 0.9975574 1.0205594 1.0145071 0.9349925 0.8900435 0.8735393 0.8846194 0.8931576 0.0000000 0.1626532 0.1384793 0.0999959 0.1287237 0.1391929 0.1383040 0.1334701 0.1233060 0.1339637 0.1223129 0.1265442 0.1299614 0.1270120 0.1267182 0.1270389 0.1345845 0.1406074 0.0784295 0.1230394 
Smed.27821 0.8555550 0.8473285 0.9136344 0.8561377 0.8330678 0.8822641 0.9144653 0.9211350 0.9156482 0.8616578 0.8008771 0.7942946 0.8257012 0.8356408 0.1626532 0.0000000 0.0740684 0.0922311 0.0826301 0.0523243 0.0677514 0.0872509 0.0672710 0.0770795 0.0822235 0.0643911 0.0975757 0.0913671 0.0546892 0.0635370 0.0774550 0.0758620 0.1128509 0.0616417 
Smed.1388  0.9334557 0.9114110 0.9777567 0.9138741 0.8991713 0.9487102 0.9780281 0.9854268 0.9796877 0.8812552 0.8726781 0.8475393 0.8641644 0.8765521 0.1384793 0.0740684 0.0000000 0.0901699 0.0953471 0.0842076 0.0804394 0.0999217 0.0799085 0.0897105 0.0948839 0.0454681 0.0698569 0.0738397 0.0360514 0.0361349 0.0901350 0.0562997 0.0980114 0.0418912 
Smed.24076 0.8114177 0.8212992 0.9012259 0.8421880 0.8195471 0.8564680 0.9074257 0.9088012 0.9032833 0.7940951 0.7918705 0.7555126 0.7773888 0.7930852 0.0999959 0.0922311 0.0901699 0.0000000 0.0618018 0.0818866 0.0704804 0.0663657 0.0646836 0.0694432 0.0818347 0.0801624 0.0828376 0.0593032 0.0603940 0.0799347 0.0568365 0.0821766 0.0650017 0.0800127 
Smed.14381 0.8397004 0.8588706 0.9323999 0.8576349 0.8363850 0.8872318 0.9330666 0.9399441 0.9343893 0.8459232 0.8486752 0.8109475 0.8136307 0.8236161 0.1287237 0.0826301 0.0953471 0.0618018 0.0000000 0.0552919 0.0610613 0.0221714 0.0362160 0.0408251 0.0268902 0.0846812 0.0599341 0.0635265 0.0749787 0.0850199 0.0133059 0.0867794 0.0925738 0.0845240 
Smed.25836 0.8774830 0.8680130 0.9197141 0.8622680 0.8363182 0.8750619 0.9204905 0.9272169 0.9217169 0.8406387 0.8297745 0.8055960 0.8200652 0.8299938 0.1391929 0.0523243 0.0842076 0.0818866 0.0552919 0.0000000 0.0603836 0.0597945 0.0599638 0.0694992 0.0550254 0.0643652 0.0894749 0.0942044 0.0644755 0.0741667 0.0602668 0.0758279 0.0915588 0.0642468 
Smed.20391 0.8510435 0.8377254 0.9052046 0.8515417 0.8388565 0.8655876 0.9092426 0.9157867 0.9103745 0.8256868 0.8033758 0.7802528 0.7801752 0.8035779 0.1383040 0.0677514 0.0804394 0.0704804 0.0610613 0.0603836 0.0000000 0.0656361 0.0510641 0.0558174 0.0691831 0.0705244 0.0860174 0.0703700 0.0509633 0.0703315 0.0560949 0.0666082 0.0805376 0.0703923 
Smed.302   0.8318672 0.8513047 0.9382294 0.8466268 0.8411277 0.8929694 0.9388436 0.9457685 0.9402061 0.8349026 0.8378737 0.8004383 0.8110450 0.8129378 0.1334701 0.0872509 0.0999217 0.0663657 0.0221714 0.0597945 0.0656361 0.0000000 0.0406763 0.0452869 0.0405717 0.0892186 0.0644335 0.0680293 0.0795156 0.0895715 0.0177791 0.0914007 0.0971906 0.0890537 
Smed.9087  0.7973799 0.8046902 0.9228456 0.8213385 0.8267521 0.8787935 0.9236022 0.9304321 0.9248647 0.8308388 0.8082784 0.7806005 0.7867144 0.7969748 0.1233060 0.0672710 0.0799085 0.0646836 0.0362160 0.0599638 0.0510641 0.0406763 0.0000000 0.0133068 0.0406798 0.0797271 0.0694036 0.0637738 0.0648474 0.0698654 0.0315404 0.0867147 0.0925061 0.0795790 
Smed.4361  0.8099722 0.8071095 0.9193035 0.8183006 0.8065897 0.8754731 0.9200894 0.9268622 0.9031430 0.8277325 0.8053181 0.7817656 0.7837988 0.7940527 0.1339637 0.0770795 0.0897105 0.0694432 0.0408251 0.0694992 0.0558174 0.0452869 0.0133068 0.0000000 0.0499413 0.0895069 0.0741881 0.0685531 0.0696193 0.0795288 0.0361178 0.0917029 0.0975157 0.0893409 
Smed.4847  0.8343443 0.8267207 0.9156205 0.8279214 0.8130901 0.8631093 0.9096252 0.9149657 0.9094953 0.8490653 0.8117736 0.7878601 0.8082859 0.8183317 0.1223129 0.0822235 0.0948839 0.0818347 0.0268902 0.0550254 0.0691831 0.0405717 0.0406798 0.0499413 0.0000000 0.0842722 0.0692140 0.0833347 0.0844063 0.0846081 0.0315640 0.0964395 0.1022526 0.0841164 
Smed.13912 0.8968595 0.8755228 0.9409889 0.8988020 0.8654913 0.9126034 0.9415801 0.9485471 0.9443467 0.8474039 0.8410946 0.8154860 0.8309477 0.8434234 0.1265442 0.0643911 0.0454681 0.0801624 0.0846812 0.0643652 0.0705244 0.0892186 0.0797271 0.0895069 0.0842722 0.0000000 0.0597458 0.0640532 0.0268635 0.0360544 0.0899296 0.0369260 0.0700703 0.0267624 
Smed.2301  0.8897113 0.9240848 0.9857421 0.9053080 0.8948071 0.9625680 0.9937313 1.0013674 0.9955199 0.8914738 0.8976613 0.8723802 0.8661074 0.8897171 0.1299614 0.0975757 0.0698569 0.0828376 0.0599341 0.0894749 0.0860174 0.0644335 0.0694036 0.0741881 0.0692140 0.0597458 0.0000000 0.0586877 0.0503592 0.0599915 0.0649423 0.0612906 0.0933749 0.0596357 
Smed.26805 0.8821591 0.8926330 0.9649069 0.8939339 0.8781288 0.9202831 0.9495358 0.9725555 0.9668587 0.8685242 0.8778323 0.8392469 0.8365931 0.8523948 0.1270120 0.0913671 0.0738397 0.0593032 0.0635265 0.0942044 0.0703700 0.0680293 0.0637738 0.0685531 0.0833347 0.0640532 0.0586877 0.0000000 0.0446843 0.0591792 0.0586161 0.0657119 0.0904341 0.0639338 
Smed.689   0.8969562 0.8853494 0.9508803 0.8990686 0.8747083 0.9223066 0.9513858 0.9584734 0.9528460 0.8566878 0.8488541 0.8247093 0.8400841 0.8525172 0.1267182 0.0546892 0.0360514 0.0603940 0.0749787 0.0644755 0.0509633 0.0795156 0.0648474 0.0696193 0.0844063 0.0268635 0.0503592 0.0446843 0.0000000 0.0268052 0.0699557 0.0276117 0.0702497 0.0268146 
Smed.899   0.8935298 0.8848073 0.9526800 0.8823195 0.8415934 0.9240956 0.9531695 0.9602724 0.9546420 0.8505106 0.8505549 0.8260049 0.8330886 0.8464802 0.1270389 0.0635370 0.0361349 0.0799347 0.0850199 0.0741667 0.0703315 0.0895715 0.0698654 0.0795288 0.0846081 0.0360544 0.0599915 0.0591792 0.0268052 0.0000000 0.0799088 0.0465229 0.0900963 0.0359886 
Smed.11445 0.8295429 0.8384394 0.9250634 0.8339297 0.8286071 0.8801064 0.9257950 0.9325981 0.9270645 0.8221554 0.8253898 0.7881826 0.7984965 0.8005224 0.1345845 0.0774550 0.0901350 0.0568365 0.0133059 0.0602668 0.0560949 0.0177791 0.0315404 0.0361178 0.0315640 0.0899296 0.0649423 0.0586161 0.0699557 0.0799088 0.0000000 0.0921425 0.0979787 0.0897623 
Smed.14613 0.9084574 0.8994855 0.9655490 0.9226020 0.8885410 0.9367762 0.9659261 0.9731693 0.9674924 0.8706435 0.8624186 0.8380228 0.8614764 0.8661885 0.1406074 0.0758620 0.0562997 0.0821766 0.0867794 0.0758279 0.0666082 0.0914007 0.0867147 0.0917029 0.0964395 0.0369260 0.0612906 0.0657119 0.0276117 0.0465229 0.0921425 0.0000000 0.0819543 0.0368572 
Smed.19739 0.8666088 0.8785423 0.9341209 0.8846032 0.8445982 0.8879880 0.9400451 0.9417792 0.9375328 0.8573347 0.8210273 0.7957927 0.8220359 0.8346220 0.0784295 0.1128509 0.0980114 0.0650017 0.0925738 0.0915588 0.0805376 0.0971906 0.0925061 0.0975157 0.1022526 0.0700703 0.0933749 0.0904341 0.0702497 0.0900963 0.0979787 0.0819543 0.0000000 0.0719109 
Smed.21842 0.9167967 0.9048493 0.9717416 0.9057925 0.8811383 0.9427962 0.9720655 0.9793961 0.9736809 0.8630367 0.8521317 0.8301384 0.8462079 0.8587042 0.1230394 0.0616417 0.0418912 0.0800127 0.0845240 0.0642468 0.0703923 0.0890537 0.0795790 0.0893409 0.0841164 0.0267624 0.0596357 0.0639338 0.0268146 0.0359886 0.0897623 0.0368572 0.0719109 0.0000000 
