7
Mlig.14847 0.0000000 1.0672112 1.0700994 0.7964566 0.7964566 0.7954144 1.0700994 
Mlig.31821 1.0672112 0.0000000 0.0080622 0.5857206 0.5857206 0.5857763 0.0080622 
Mlig.42486 1.0700994 0.0080622 0.0000000 0.5867516 0.5867516 0.5868079 0.0000010 
Mlig.2877  0.7964566 0.5857206 0.5867516 0.0000000 0.0000010 0.0080600 0.5867516 
Mlig.2878  0.7964566 0.5857206 0.5867516 0.0000010 0.0000000 0.0080600 0.5867516 
Mlig.40794 0.7954144 0.5857763 0.5868079 0.0080600 0.0080600 0.0000000 0.5868079 
Mlig.42487 1.0700994 0.0080622 0.0000010 0.5867516 0.5867516 0.5868079 0.0000000 
