6
Mlig.20445 0.0000000 0.0000010 0.0029256 1.5869976 1.5776422 1.5902611 
Mlig.25243 0.0000010 0.0000000 0.0029256 1.5869976 1.5776422 1.5902611 
Mlig.31067 0.0029256 0.0029256 0.0000000 1.5824418 1.5730438 1.5856719 
Mlig.273   1.5869976 1.5869976 1.5824418 0.0000000 0.0116915 0.0116540 
Mlig.20487 1.5776422 1.5776422 1.5730438 0.0116915 0.0000000 0.0116998 
Mlig.34203 1.5902611 1.5902611 1.5856719 0.0116540 0.0116998 0.0000000 
