8
Shae.2019  0.0000000 0.0858863 0.0701381 0.0701381 0.0142800 0.0751675 0.0751675 0.0804269 
Shae.6732  0.0858863 0.0000000 0.1109692 0.1109692 0.0751417 0.0939086 0.0939086 0.0992138 
Shae.1064  0.0701381 0.1109692 0.0000000 0.0000010 0.0653075 0.0637577 0.0637577 0.0689041 
Shae.1065  0.0701381 0.1109692 0.0000010 0.0000000 0.0653075 0.0637577 0.0637577 0.0689041 
Shae.4133  0.0142800 0.0751417 0.0653075 0.0653075 0.0000000 0.0595281 0.0595281 0.0646819 
Shae.1975  0.0751675 0.0939086 0.0637577 0.0637577 0.0595281 0.0000000 0.0000010 0.0047264 
Shae.1976  0.0751675 0.0939086 0.0637577 0.0637577 0.0595281 0.0000010 0.0000000 0.0047264 
Shae.1977  0.0804269 0.0992138 0.0689041 0.0689041 0.0646819 0.0047264 0.0047264 0.0000000 
