6
Hmic.7047  0.0000000 1.0380764 1.1804628 1.0873908 1.2370853 1.3665643 
Hmic.5844  1.0380764 0.0000000 0.2497571 0.7287086 0.8261970 0.6595217 
Hmic.6752  1.1804628 0.2497571 0.0000000 0.7435465 0.9374428 0.7527893 
Hmic.6677  1.0873908 0.7287086 0.7435465 0.0000000 0.3905824 0.4251731 
Hmic.5845  1.2370853 0.8261970 0.9374428 0.3905824 0.0000000 0.3890310 
Hmic.5848  1.3665643 0.6595217 0.7527893 0.4251731 0.3890310 0.0000000 
