8
Mlig.12459 0.0000000 0.0038306 0.0038306 0.3945672 0.3931906 0.3349891 0.3411483 0.3349891 
Mlig.12460 0.0038306 0.0000000 0.0000010 0.3946156 0.3932389 0.3360727 0.3422515 0.3360727 
Mlig.12461 0.0038306 0.0000010 0.0000000 0.3946156 0.3932389 0.3360727 0.3422515 0.3360727 
Mlig.2315  0.3945672 0.3946156 0.3946156 0.0000000 0.0119253 0.5099235 0.5173964 0.5099235 
Mlig.2312  0.3931906 0.3932389 0.3932389 0.0119253 0.0000000 0.4989768 0.5064150 0.4989768 
Mlig.35121 0.3349891 0.3360727 0.3360727 0.5099235 0.4989768 0.0000000 0.0038572 0.0000010 
Mlig.35123 0.3411483 0.3422515 0.3422515 0.5173964 0.5064150 0.0038572 0.0000000 0.0038572 
Mlig.35122 0.3349891 0.3360727 0.3360727 0.5099235 0.4989768 0.0000010 0.0038572 0.0000000 
