8
Mlig.5517  0.0000000 0.0000010 0.0081649 0.6234106 0.6294531 0.6966928 0.6881826 0.6905064 
Mlig.5518  0.0000010 0.0000000 0.0081649 0.6234106 0.6294531 0.6966928 0.6881826 0.6905064 
Mlig.28223 0.0081649 0.0081649 0.0000000 0.6160989 0.6221109 0.6875816 0.6791076 0.6814499 
Mlig.18972 0.6234106 0.6234106 0.6160989 0.0000000 0.0026775 0.2533483 0.2534259 0.2463817 
Mlig.23282 0.6294531 0.6294531 0.6221109 0.0026775 0.0000000 0.2572556 0.2573338 0.2502547 
Mlig.15024 0.6966928 0.6966928 0.6875816 0.2533483 0.2572556 0.0000000 0.0106797 0.0106574 
Mlig.33163 0.6881826 0.6881826 0.6791076 0.2534259 0.2573338 0.0106797 0.0000000 0.0106619 
Mlig.33165 0.6905064 0.6905064 0.6814499 0.2463817 0.2502547 0.0106574 0.0106619 0.0000000 
