6
Mlig.3992  0.0000000 0.0036436 0.0036398 0.6376068 0.6376068 0.6257892 
Mlig.14520 0.0036436 0.0000000 0.0072936 0.6390379 0.6390379 0.6271924 
Mlig.22051 0.0036398 0.0072936 0.0000000 0.6430577 0.6430577 0.6302786 
Mlig.9671  0.6376068 0.6390379 0.6430577 0.0000000 0.0000010 0.0300639 
Mlig.29676 0.6376068 0.6390379 0.6430577 0.0000010 0.0000000 0.0300639 
Mlig.39263 0.6257892 0.6271924 0.6302786 0.0300639 0.0300639 0.0000000 
