10
Hdim.12165 0.0000000 0.6501577 0.6066902 0.6257372 0.7086492 0.5485708 0.4162537 0.5722090 0.7885051 0.6883811 
Hdim.1509  0.6501577 0.0000000 0.0204261 0.3955469 0.4156084 0.4476717 0.4018442 0.4196385 0.5684167 0.4066915 
Hdim.1517  0.6066902 0.0204261 0.0000000 0.3650881 0.3840991 0.4158171 0.3702576 0.3872615 0.5706248 0.3734911 
Hdim.12869 0.6257372 0.3955469 0.3650881 0.0000000 0.2696971 0.3332185 0.2897880 0.3198544 0.3518618 0.3577227 
Hdim.1900  0.7086492 0.4156084 0.3840991 0.2696971 0.0000000 0.4100753 0.3115226 0.3947719 0.4463937 0.3320717 
Hdim.3726  0.5485708 0.4476717 0.4158171 0.3332185 0.4100753 0.0000000 0.2113509 0.2293385 0.4158299 0.3264274 
Hdim.5770  0.4162537 0.4018442 0.3702576 0.2897880 0.3115226 0.2113509 0.0000000 0.2146200 0.3298793 0.3006884 
Hdim.11671 0.5722090 0.4196385 0.3872615 0.3198544 0.3947719 0.2293385 0.2146200 0.0000000 0.3636180 0.3937170 
Hdim.12853 0.7885051 0.5684167 0.5706248 0.3518618 0.4463937 0.4158299 0.3298793 0.3636180 0.0000000 0.4180670 
Hdim.13723 0.6883811 0.4066915 0.3734911 0.3577227 0.3320717 0.3264274 0.3006884 0.3937170 0.4180670 0.0000000 
