20
Smed.22628 0.0000000 0.0000010 0.0095886 0.0194713 0.0095886 0.0095886 1.1645266 1.2614461 1.2293710 1.2665881 1.2293710 1.2231943 1.2543080 1.3187540 1.4124773 1.3990519 2.5417314 1.1573704 1.1701651 1.1610158 
Smed.22626 0.0000010 0.0000000 0.0095886 0.0194713 0.0095886 0.0095886 1.1645266 1.2614461 1.2293710 1.2665881 1.2293710 1.2231943 1.2543080 1.3187540 1.4124773 1.3990519 2.5417314 1.1573704 1.1701651 1.1610158 
Smed.23046 0.0095886 0.0095886 0.0000000 0.0095698 0.0000010 0.0000010 1.1327439 1.2375093 1.2059308 1.2425969 1.2059308 1.2393785 1.2707690 1.2936097 1.3854413 1.3719496 2.4772167 1.1254513 1.1379065 1.1290090 
Smed.27827 0.0194713 0.0194713 0.0095698 0.0000000 0.0095698 0.0095698 1.1530446 1.2601607 1.2280958 1.2653023 1.2280958 1.2618812 1.2939354 1.3174291 1.4110808 1.3976491 2.5217393 1.1460742 1.1587492 1.1496888 
Smed.12886 0.0095886 0.0095886 0.0000010 0.0095698 0.0000000 0.0000010 1.1327439 1.2375093 1.2059308 1.2425969 1.2059308 1.2393785 1.2707690 1.2936097 1.3854413 1.3719496 2.4772167 1.1254513 1.1379065 1.1290090 
Smed.19999 0.0095886 0.0095886 0.0000010 0.0095698 0.0000010 0.0000000 1.1327439 1.2375093 1.2059308 1.2425969 1.2059308 1.2393785 1.2707690 1.2936097 1.3854413 1.3719496 2.4772167 1.1254513 1.1379065 1.1290090 
Smed.20869 1.1645266 1.1645266 1.1327439 1.1530446 1.1327439 1.1327439 0.0000000 0.4942328 0.4765497 0.4567475 0.4765497 0.5117194 0.5056395 0.4928252 0.5169806 0.5406730 1.9371826 0.5212227 0.5329286 0.5428129 
Smed.17545 1.2614461 1.2614461 1.2375093 1.2601607 1.2375093 1.2375093 0.4942328 0.0000000 0.0095286 0.0193495 0.0095286 0.1562422 0.1401712 0.1163808 0.1764723 0.1635505 1.7530390 0.4230502 0.4388250 0.4341304 
Smed.19659 1.2293710 1.2293710 1.2059308 1.2280958 1.2059308 1.2059308 0.4765497 0.0095286 0.0000000 0.0096015 0.0000010 0.1439895 0.1284244 0.1050164 0.1642298 0.1514682 1.7702486 0.4070785 0.4226277 0.4178108 
Smed.20045 1.2665881 1.2665881 1.2425969 1.2653023 1.2425969 1.2425969 0.4567475 0.0193495 0.0096015 0.0000000 0.0096015 0.1574552 0.1412385 0.1172695 0.1778011 0.1647892 1.8337461 0.4261455 0.4420323 0.4373414 
Smed.24220 1.2293710 1.2293710 1.2059308 1.2280958 1.2059308 1.2059308 0.4765497 0.0095286 0.0000010 0.0096015 0.0000000 0.1439895 0.1284244 0.1050164 0.1642298 0.1514682 1.7702486 0.4070785 0.4226277 0.4178108 
Smed.25640 1.2231943 1.2231943 1.2393785 1.2618812 1.2393785 1.2393785 0.5117194 0.1562422 0.1439895 0.1574552 0.1439895 0.0000000 0.0196089 0.0616897 0.1165942 0.1060903 1.9200815 0.4350792 0.4517237 0.4545572 
Smed.3317  1.2543080 1.2543080 1.2707690 1.2939354 1.2707690 1.2707690 0.5056395 0.1401712 0.1284244 0.1412385 0.1284244 0.0196089 0.0000000 0.0496821 0.1024122 0.0922334 1.8489377 0.4179288 0.4341540 0.4368221 
Smed.2878  1.3187540 1.3187540 1.2936097 1.3174291 1.2936097 1.2936097 0.4928252 0.1163808 0.1050164 0.1172695 0.1050164 0.0616897 0.0496821 0.0000000 0.0590064 0.0391755 1.9308949 0.4514357 0.4678817 0.4707658 
Smed.13866 1.4124773 1.4124773 1.3854413 1.4110808 1.3854413 1.3854413 0.5169806 0.1764723 0.1642298 0.1778011 0.1642298 0.1165942 0.1024122 0.0590064 0.0000000 0.0391772 2.0270800 0.4619059 0.4787435 0.4817546 
Smed.13867 1.3990519 1.3990519 1.3719496 1.3976491 1.3719496 1.3719496 0.5406730 0.1635505 0.1514682 0.1647892 0.1514682 0.1060903 0.0922334 0.0391755 0.0391772 0.0000000 1.9369264 0.4865907 0.5040243 0.5072782 
Smed.4581  2.5417314 2.5417314 2.4772167 2.5217393 2.4772167 2.4772167 1.9371826 1.7530390 1.7702486 1.8337461 1.7702486 1.9200815 1.8489377 1.9308949 2.0270800 1.9369264 0.0000000 1.1072869 1.0892542 1.0937588 
Smed.14291 1.1573704 1.1573704 1.1254513 1.1460742 1.1254513 1.1254513 0.5212227 0.4230502 0.4070785 0.4261455 0.4070785 0.4350792 0.4179288 0.4514357 0.4619059 0.4865907 1.1072869 0.0000000 0.0096070 0.0096432 
Smed.14560 1.1701651 1.1701651 1.1379065 1.1587492 1.1379065 1.1379065 0.5329286 0.4388250 0.4226277 0.4420323 0.4226277 0.4517237 0.4341540 0.4678817 0.4787435 0.5040243 1.0892542 0.0096070 0.0000000 0.0194152 
Smed.15162 1.1610158 1.1610158 1.1290090 1.1496888 1.1290090 1.1290090 0.5428129 0.4341304 0.4178108 0.4373414 0.4178108 0.4545572 0.4368221 0.4707658 0.4817546 0.5072782 1.0937588 0.0096432 0.0194152 0.0000000 
