8
Smed.28606 0.0000000 0.2576056 0.0032220 0.0064775 0.0163088 0.0130127 0.0230164 0.0196287 
Smed.7980  0.2576056 0.0000000 0.2524575 0.2576151 0.2580488 0.2534350 0.2680296 0.2559043 
Smed.21547 0.0032220 0.2524575 0.0000000 0.0032223 0.0129795 0.0097098 0.0196268 0.0162733 
Smed.24542 0.0064775 0.2576151 0.0032223 0.0000000 0.0163098 0.0130136 0.0230177 0.0196299 
Smed.11403 0.0163088 0.2580488 0.0129795 0.0163098 0.0000000 0.0032331 0.0065040 0.0097528 
Smed.12248 0.0130127 0.2534350 0.0097098 0.0130136 0.0032331 0.0000000 0.0097769 0.0064851 
Smed.25449 0.0230164 0.2680296 0.0196268 0.0230177 0.0065040 0.0097769 0.0000000 0.0163856 
Smed.13434 0.0196287 0.2559043 0.0162733 0.0196299 0.0097528 0.0064851 0.0163856 0.0000000 
