8
Mlig.19975 0.0000000 0.0020274 0.2515536 0.2512967 0.2515536 0.4382943 0.4352972 0.4371523 
Mlig.19976 0.0020274 0.0000000 0.2485663 0.2483128 0.2485663 0.4343680 0.4313772 0.4332337 
Mlig.16457 0.2515536 0.2485663 0.0000000 0.0020275 0.0000010 0.2891449 0.2906122 0.2883322 
Mlig.16458 0.2512967 0.2483128 0.0020275 0.0000000 0.0020275 0.2927603 0.2942199 0.2919400 
Mlig.16459 0.2515536 0.2485663 0.0000010 0.0020275 0.0000000 0.2891449 0.2906122 0.2883322 
Mlig.17950 0.4382943 0.4343680 0.2891449 0.2927603 0.2891449 0.0000000 0.0080654 0.0020106 
Mlig.17949 0.4352972 0.4313772 0.2906122 0.2942199 0.2906122 0.0080654 0.0000000 0.0101293 
Mlig.39483 0.4371523 0.4332337 0.2883322 0.2919400 0.2883322 0.0020106 0.0101293 0.0000000 
