6
Mlig.33    0.0000000 0.1394846 0.1544497 0.1468409 0.0000010 0.0000010 
Mlig.5018  0.1394846 0.0000000 0.0132099 0.0065784 0.1394846 0.1394846 
Mlig.44257 0.1544497 0.0132099 0.0000000 0.0198642 0.1544497 0.1544497 
Mlig.46306 0.1468409 0.0065784 0.0198642 0.0000000 0.1468409 0.1468409 
Mlig.34    0.0000010 0.1394846 0.1544497 0.1468409 0.0000000 0.0000010 
Mlig.5447  0.0000010 0.1394846 0.1544497 0.1468409 0.0000010 0.0000000 
