7
Emul.119   0.0000000 0.0000010 0.0000010 0.1142955 0.1147093 0.1142955 0.1411610 
Emul.2495  0.0000010 0.0000000 0.0000010 0.1142955 0.1147093 0.1142955 0.1411610 
Emul.10411 0.0000010 0.0000010 0.0000000 0.1142955 0.1147093 0.1142955 0.1411610 
Emul.219   0.1142955 0.1142955 0.1142955 0.0000000 0.0076745 0.0000010 0.0390160 
Emul.2183  0.1147093 0.1147093 0.1147093 0.0076745 0.0000000 0.0076745 0.0470528 
Emul.4421  0.1142955 0.1142955 0.1142955 0.0000010 0.0076745 0.0000000 0.0390160 
Emul.2193  0.1411610 0.1411610 0.1411610 0.0390160 0.0470528 0.0390160 0.0000000 
