9
Treg.7456  0.0000000 1.4240076 0.7589465 0.6849319 1.4348133 0.5870220 0.6854197 0.6530612 0.7356993 
Treg.8876  1.4240076 0.0000000 1.4046307 1.3844953 1.6669145 1.4326664 1.5140630 1.4731766 1.5285211 
Treg.2941  0.7589465 1.4046307 0.0000000 0.1718150 1.3808003 0.6367525 0.3893077 0.4028486 0.4204291 
Treg.3180  0.6849319 1.3844953 0.1718150 0.0000000 1.3361398 0.5954305 0.3897060 0.4617561 0.4320413 
Treg.2976  1.4348133 1.6669145 1.3808003 1.3361398 0.0000000 1.5116981 1.4536972 1.4189103 1.4373662 
Treg.3038  0.5870220 1.4326664 0.6367525 0.5954305 1.5116981 0.0000000 0.6007129 0.6948813 0.5928251 
Treg.3205  0.6854197 1.5140630 0.3893077 0.3897060 1.4536972 0.6007129 0.0000000 0.2089273 0.2040230 
Treg.3178  0.6530612 1.4731766 0.4028486 0.4617561 1.4189103 0.6948813 0.2089273 0.0000000 0.1713243 
Treg.4283  0.7356993 1.5285211 0.4204291 0.4320413 1.4373662 0.5928251 0.2040230 0.1713243 0.0000000 
