7
Treg.8960  0.0000000 0.0086078 0.0260585 0.0129354 0.0129354 0.0086109 0.0086109 
Treg.10186 0.0086078 0.0000000 0.0260605 0.0043011 0.0043011 0.0086122 0.0086122 
Treg.5033  0.0260585 0.0260605 0.0000000 0.0304608 0.0304608 0.0348534 0.0348534 
Treg.3868  0.0129354 0.0043011 0.0304608 0.0000000 0.0000010 0.0043008 0.0043008 
Treg.8576  0.0129354 0.0043011 0.0304608 0.0000010 0.0000000 0.0043008 0.0043008 
Treg.6510  0.0086109 0.0086122 0.0348534 0.0043008 0.0043008 0.0000000 0.0000010 
Treg.7243  0.0086109 0.0086122 0.0348534 0.0043008 0.0043008 0.0000010 0.0000000 
