9
Mlig.22704 0.0000000 0.0213137 0.0292042 1.1976246 1.2076074 1.2082147 1.1525626 1.1965598 1.1490218 
Mlig.22705 0.0213137 0.0000000 0.0198327 1.2100885 1.2202110 1.2208305 1.1547842 1.1989799 1.1512295 
Mlig.22706 0.0292042 0.0198327 0.0000000 1.2083795 1.2184919 1.2191105 1.1469354 1.1908274 1.1433995 
Mlig.28926 1.1976246 1.2100885 1.2083795 0.0000000 0.0133640 0.0178939 1.0640928 1.1078556 1.0621084 
Mlig.21519 1.2076074 1.2202110 1.2184919 0.0133640 0.0000000 0.0044396 1.0580623 1.1016644 1.0560808 
Mlig.28925 1.2082147 1.2208305 1.2191105 0.0178939 0.0044396 0.0000000 1.0656553 1.1096023 1.0636639 
Mlig.6449  1.1525626 1.1547842 1.1469354 1.0640928 1.0580623 1.0656553 0.0000000 0.0179960 0.0029533 
Mlig.6447  1.1965598 1.1989799 1.1908274 1.1078556 1.1016644 1.1096023 0.0179960 0.0000000 0.0149727 
Mlig.6448  1.1490218 1.1512295 1.1433995 1.0621084 1.0560808 1.0636639 0.0029533 0.0149727 0.0000000 
