6
Smed.4541  0.0000000 0.0855504 0.1345675 0.0854568 0.1093297 0.1849739 
Smed.24265 0.0855504 0.0000000 0.1320399 0.1285064 0.0209029 0.1813284 
Smed.18649 0.1345675 0.1320399 0.0000000 0.0429538 0.1574420 0.1855098 
Smed.23118 0.0854568 0.1285064 0.0429538 0.0000000 0.1532569 0.1805685 
Smed.17222 0.1093297 0.0209029 0.1574420 0.1532569 0.0000000 0.2088729 
Smed.27103 0.1849739 0.1813284 0.1855098 0.1805685 0.2088729 0.0000000 
