12
Smed.5371  0.0000000 0.6864503 0.5158877 0.6230913 0.7746807 0.8617512 0.7701337 0.5158877 0.7434653 0.6097333 0.6410141 0.7196676 
Smed.5987  0.6864503 0.0000000 0.2825767 0.2773291 0.4380322 0.4467553 0.4058619 0.2825767 0.2417635 0.2440043 0.3071157 0.4252642 
Smed.28562 0.5158877 0.2825767 0.0000000 0.1567172 0.3059680 0.3083194 0.3430366 0.0000010 0.2549639 0.1610218 0.1766788 0.2402554 
Smed.19397 0.6230913 0.2773291 0.1567172 0.0000000 0.3585449 0.2511737 0.3245006 0.1567172 0.2193326 0.1521771 0.1804051 0.2284393 
Smed.10315 0.7746807 0.4380322 0.3059680 0.3585449 0.0000000 0.1217083 0.5102717 0.3059680 0.4850680 0.3452724 0.3186663 0.3780398 
Smed.21849 0.8617512 0.4467553 0.3083194 0.2511737 0.1217083 0.0000000 0.5424202 0.3083194 0.3876584 0.3040437 0.2858444 0.3778361 
Smed.20901 0.7701337 0.4058619 0.3430366 0.3245006 0.5102717 0.5424202 0.0000000 0.3430366 0.4200673 0.3631404 0.3488591 0.3630352 
Smed.13640 0.5158877 0.2825767 0.0000010 0.1567172 0.3059680 0.3083194 0.3430366 0.0000000 0.2549639 0.1610218 0.1766788 0.2402554 
Smed.10546 0.7434653 0.2417635 0.2549639 0.2193326 0.4850680 0.3876584 0.4200673 0.2549639 0.0000000 0.2085343 0.2479383 0.3595352 
Smed.18743 0.6097333 0.2440043 0.1610218 0.1521771 0.3452724 0.3040437 0.3631404 0.1610218 0.2085343 0.0000000 0.1422480 0.2499015 
Smed.8763  0.6410141 0.3071157 0.1766788 0.1804051 0.3186663 0.2858444 0.3488591 0.1766788 0.2479383 0.1422480 0.0000000 0.1831128 
Smed.8765  0.7196676 0.4252642 0.2402554 0.2284393 0.3780398 0.3778361 0.3630352 0.2402554 0.3595352 0.2499015 0.1831128 0.0000000 
