9
Mcor.2190  0.0000000 0.6063449 0.6144816 0.6607359 0.7847613 0.5462666 0.6708770 0.4202587 0.5150926 
Mcor.13438 0.6063449 0.0000000 0.0550015 1.0094759 1.0350195 0.6475478 0.9161166 0.6315583 0.6157287 
Mcor.14353 0.6144816 0.0550015 0.0000000 1.0272898 1.0526717 0.6565327 0.9905384 0.6397146 0.7143615 
Mcor.13060 0.6607359 1.0094759 1.0272898 0.0000000 0.7375861 0.6305803 1.0340225 0.7223906 0.8320044 
Mcor.13264 0.7847613 1.0350195 1.0526717 0.7375861 0.0000000 0.7147210 0.7994720 0.7760921 0.7917384 
Mcor.10294 0.5462666 0.6475478 0.6565327 0.6305803 0.7147210 0.0000000 0.7719696 0.5843128 0.7400073 
Mcor.14641 0.6708770 0.9161166 0.9905384 1.0340225 0.7994720 0.7719696 0.0000000 0.7289020 0.7396175 
Mcor.3451  0.4202587 0.6315583 0.6397146 0.7223906 0.7760921 0.5843128 0.7289020 0.0000000 0.5304585 
Mcor.13730 0.5150926 0.6157287 0.7143615 0.8320044 0.7917384 0.7400073 0.7396175 0.5304585 0.0000000 
