6
Mlig.23554 0.0000000 0.0038731 0.0077554 0.5286785 0.5330078 0.5293490 
Mlig.18412 0.0038731 0.0000000 0.0038602 0.5213767 0.5256417 0.5220029 
Mlig.37531 0.0077554 0.0038602 0.0000000 0.5252708 0.5295711 0.5259208 
Mlig.19760 0.5286785 0.5213767 0.5252708 0.0000000 0.0154682 0.0193778 
Mlig.8206  0.5330078 0.5256417 0.5295711 0.0154682 0.0000000 0.0038388 
Mlig.26171 0.5293490 0.5220029 0.5259208 0.0193778 0.0038388 0.0000000 
