6
Mlig.16688 0.0000000 0.0064458 0.0064458 0.9950287 0.9913789 0.9913789 
Mlig.16689 0.0064458 0.0000000 0.0000010 0.9965777 0.9929194 0.9929194 
Mlig.16690 0.0064458 0.0000010 0.0000000 0.9965777 0.9929194 0.9929194 
Mlig.33536 0.9950287 0.9965777 0.9965777 0.0000000 0.0032706 0.0032706 
Mlig.33535 0.9913789 0.9929194 0.9929194 0.0032706 0.0000000 0.0000010 
Mlig.33537 0.9913789 0.9929194 0.9929194 0.0032706 0.0000010 0.0000000 
