6
Smed.18574 0.0000000 0.1301738 1.4580474 1.4580474 1.3217823 1.4018489 
Smed.26573 0.1301738 0.0000000 1.4425153 1.4425153 1.2010375 1.3026083 
Smed.21129 1.4580474 1.4425153 0.0000000 0.0000010 1.0194457 1.1345624 
Smed.26893 1.4580474 1.4425153 0.0000010 0.0000000 1.0194457 1.1345624 
Smed.18573 1.3217823 1.2010375 1.0194457 1.0194457 0.0000000 0.0997192 
Smed.26574 1.4018489 1.3026083 1.1345624 1.1345624 0.0997192 0.0000000 
