6
Mlig.21142 0.0000000 0.0037657 0.6654852 0.0025076 0.6644070 0.6620523 
Mlig.41913 0.0037657 0.0000000 0.6687843 0.0012520 0.6677012 0.6653388 
Mlig.7831  0.6654852 0.6687843 0.0000000 0.6681338 0.0051630 0.0051632 
Mlig.41915 0.0025076 0.0012520 0.6681338 0.0000000 0.6670523 0.6646926 
Mlig.1439  0.6644070 0.6677012 0.0051630 0.6670523 0.0000000 0.0025791 
Mlig.13593 0.6620523 0.6653388 0.0051632 0.6646926 0.0025791 0.0000000 
