10
Treg.11138 0.0000000 0.1567210 0.1567210 0.1673335 0.1567900 0.2196570 0.2313165 0.1966941 0.1719500 0.1462828 
Treg.876   0.1567210 0.0000000 0.0000010 0.0089637 0.0179472 0.0482404 0.0581767 0.0358839 0.0282787 0.0089289 
Treg.9468  0.1567210 0.0000010 0.0000000 0.0089637 0.0179472 0.0482404 0.0581767 0.0358839 0.0282787 0.0089289 
Treg.78    0.1673335 0.0089637 0.0089637 0.0000000 0.0089444 0.0581291 0.0681610 0.0450824 0.0188354 0.0179472 
Treg.11741 0.1567900 0.0179472 0.0179472 0.0089444 0.0000000 0.0678190 0.0779041 0.0541607 0.0282158 0.0089323 
Treg.2509  0.2196570 0.0482404 0.0482404 0.0581291 0.0678190 0.0000000 0.0180046 0.0869812 0.0807137 0.0578848 
Treg.13548 0.2313165 0.0581767 0.0581767 0.0681610 0.0779041 0.0180046 0.0000000 0.0971479 0.0911388 0.0678730 
Treg.6884  0.1966941 0.0358839 0.0358839 0.0450824 0.0541607 0.0869812 0.0971479 0.0000000 0.0658731 0.0449053 
Treg.5583  0.1719500 0.0282787 0.0282787 0.0188354 0.0282158 0.0807137 0.0911388 0.0658731 0.0000000 0.0376650 
Treg.8165  0.1462828 0.0089289 0.0089289 0.0179472 0.0089323 0.0578848 0.0678730 0.0449053 0.0376650 0.0000000 
