14
Mlig.18996 0.0000000 1.1043625 1.1042490 1.1042490 1.0971132 1.1080883 1.1034312 1.1034312 1.1030884 1.1025338 1.1034312 1.2437416 1.1042490 1.1034312 
Mlig.6976  1.1043625 0.0000000 0.0034503 0.0034503 0.0051912 0.0069188 0.0051786 0.0051786 0.0069146 0.0104088 0.0051786 1.2597710 0.0034503 0.0051786 
Mlig.6990  1.1042490 0.0034503 0.0000000 0.0000010 0.0017244 0.0034474 0.0017202 0.0017202 0.0034453 0.0069151 0.0017202 1.2468590 0.0000010 0.0017202 
Mlig.6981  1.1042490 0.0034503 0.0000010 0.0000000 0.0017244 0.0034474 0.0017202 0.0017202 0.0034453 0.0069151 0.0017202 1.2468590 0.0000010 0.0017202 
Mlig.6980  1.0971132 0.0051912 0.0017244 0.0017244 0.0000000 0.0051869 0.0034509 0.0034509 0.0051838 0.0086704 0.0034509 1.2461390 0.0017244 0.0034509 
Mlig.6982  1.1080883 0.0069188 0.0034474 0.0034474 0.0051869 0.0000000 0.0017225 0.0017225 0.0034498 0.0069241 0.0017225 1.2425230 0.0034474 0.0017225 
Mlig.6988  1.1034312 0.0051786 0.0017202 0.0017202 0.0034509 0.0017225 0.0000000 0.0000010 0.0017214 0.0051826 0.0000010 1.2422374 0.0017202 0.0000010 
Mlig.6992  1.1034312 0.0051786 0.0017202 0.0017202 0.0034509 0.0017225 0.0000010 0.0000000 0.0017214 0.0051826 0.0000010 1.2422374 0.0017202 0.0000010 
Mlig.6974  1.1030884 0.0069146 0.0034453 0.0034453 0.0051838 0.0034498 0.0017214 0.0017214 0.0000000 0.0069199 0.0017214 1.2420498 0.0034453 0.0017214 
Mlig.6975  1.1025338 0.0104088 0.0069151 0.0069151 0.0086704 0.0069241 0.0051826 0.0051826 0.0069199 0.0000000 0.0051826 1.2516189 0.0069151 0.0051826 
Mlig.36583 1.1034312 0.0051786 0.0017202 0.0017202 0.0034509 0.0017225 0.0000010 0.0000010 0.0017214 0.0051826 0.0000000 1.2422374 0.0017202 0.0000010 
Mlig.33369 1.2437416 1.2597710 1.2468590 1.2468590 1.2461390 1.2425230 1.2422374 1.2422374 1.2420498 1.2516189 1.2422374 0.0000000 1.2468590 1.2422374 
Mlig.6977  1.1042490 0.0034503 0.0000010 0.0000010 0.0017244 0.0034474 0.0017202 0.0017202 0.0034453 0.0069151 0.0017202 1.2468590 0.0000000 0.0017202 
Mlig.6984  1.1034312 0.0051786 0.0017202 0.0017202 0.0034509 0.0017225 0.0000010 0.0000010 0.0017214 0.0051826 0.0000010 1.2422374 0.0017202 0.0000000 
