8
Shae.7194  0.0000000 0.4878271 0.5176934 0.4836562 0.4506902 0.3511579 0.3338806 0.3338806 
Shae.1246  0.4878271 0.0000000 0.1244435 0.0962764 0.2536525 0.1856180 0.2013112 0.2013112 
Shae.4784  0.5176934 0.1244435 0.0000000 0.0533597 0.2552234 0.2311918 0.2151735 0.2151735 
Shae.7913  0.4836562 0.0962764 0.0533597 0.0000000 0.2681458 0.2018034 0.1859785 0.1859785 
Shae.77    0.4506902 0.2536525 0.2552234 0.2681458 0.0000000 0.2530156 0.2372649 0.2372649 
Shae.7185  0.3511579 0.1856180 0.2311918 0.2018034 0.2530156 0.0000000 0.0129891 0.0129891 
Shae.7186  0.3338806 0.2013112 0.2151735 0.1859785 0.2372649 0.0129891 0.0000000 0.0000010 
Shae.7187  0.3338806 0.2013112 0.2151735 0.1859785 0.2372649 0.0129891 0.0000010 0.0000000 
