7
Mlig.15155 0.0000000 0.0022769 0.0022769 0.4665787 0.4649722 0.4617415 0.4617415 
Mlig.15154 0.0022769 0.0000000 0.0000010 0.4666930 0.4650863 0.4618552 0.4618552 
Mlig.15156 0.0022769 0.0000010 0.0000000 0.4666930 0.4650863 0.4618552 0.4618552 
Mlig.15182 0.4665787 0.4666930 0.4666930 0.0000000 0.0022523 0.0067698 0.0067698 
Mlig.15184 0.4649722 0.4650863 0.4650863 0.0022523 0.0000000 0.0045109 0.0045109 
Mlig.15183 0.4617415 0.4618552 0.4618552 0.0067698 0.0045109 0.0000000 0.0000010 
Mlig.15185 0.4617415 0.4618552 0.4618552 0.0067698 0.0045109 0.0000010 0.0000000 
