8
Mlig.30019 0.0000000 0.0010187 0.0040859 1.0226935 1.0268891 0.7797590 0.7748344 0.7699066 
Mlig.30017 0.0010187 0.0000000 0.0030628 1.0255486 1.0297538 0.7800079 0.7750831 0.7701549 
Mlig.30018 0.0040859 0.0030628 0.0000000 1.0260791 1.0302880 0.7807440 0.7758144 0.7708807 
Mlig.22561 1.0226935 1.0255486 1.0260791 0.0000000 0.0030794 0.8095797 0.8193108 0.8127707 
Mlig.22562 1.0268891 1.0297538 1.0302880 0.0030794 0.0000000 0.8063880 0.8161111 0.8095793 
Mlig.40367 0.7797590 0.7800079 0.7807440 0.8095797 0.8063880 0.0000000 0.0113852 0.0072128 
Mlig.30010 0.7748344 0.7750831 0.7758144 0.8193108 0.8161111 0.0113852 0.0000000 0.0041091 
Mlig.30011 0.7699066 0.7701549 0.7708807 0.8127707 0.8095793 0.0072128 0.0041091 0.0000000 
