7
Mlig.11708 0.0000000 0.0046947 0.8898796 0.8920073 0.9021084 0.7319818 0.7372565 
Mlig.11709 0.0046947 0.0000000 0.8871413 0.8892564 0.8993284 0.7297510 0.7350197 
Mlig.7861  0.8898796 0.8871413 0.0000000 0.0137879 0.0091721 0.8469291 0.8668485 
Mlig.7862  0.8920073 0.8892564 0.0137879 0.0000000 0.0137565 0.8388661 0.8587461 
Mlig.7863  0.9021084 0.8993284 0.0091721 0.0137565 0.0000000 0.8495726 0.8574982 
Mlig.40202 0.7319818 0.7297510 0.8469291 0.8388661 0.8495726 0.0000000 0.0243744 
Mlig.47704 0.7372565 0.7350197 0.8668485 0.8587461 0.8574982 0.0243744 0.0000000 
