6
Mlig.42605 0.0000000 0.1506116 0.1954388 0.1741282 0.0283766 0.0992504 
Mlig.43725 0.1506116 0.0000000 0.0776210 0.1074628 0.1389755 0.1531069 
Mlig.43726 0.1954388 0.0776210 0.0000000 0.1069938 0.1829894 0.1742055 
Mlig.18847 0.1741282 0.1074628 0.1069938 0.0000000 0.1417579 0.1530163 
Mlig.42606 0.0283766 0.1389755 0.1829894 0.1417579 0.0000000 0.0883222 
Mlig.42607 0.0992504 0.1531069 0.1742055 0.1530163 0.0883222 0.0000000 
