6
Mlig.28120 0.0000000 0.0000010 0.0029035 1.5382740 1.5774174 1.5611356 
Mlig.28121 0.0000010 0.0000000 0.0029035 1.5382740 1.5774174 1.5611356 
Mlig.28122 0.0029035 0.0029035 0.0000000 1.5378227 1.5770418 1.5607316 
Mlig.30697 1.5382740 1.5382740 1.5378227 0.0000000 0.0616478 0.0519611 
Mlig.47214 1.5774174 1.5774174 1.5770418 0.0616478 0.0000000 0.0102516 
Mlig.47215 1.5611356 1.5611356 1.5607316 0.0519611 0.0102516 0.0000000 
