6
Smed.14001 0.0000000 1.0488719 1.2632470 1.5104882 0.7280198 1.0480181 
Smed.21275 1.0488719 0.0000000 0.5032719 0.7826155 0.4793137 0.5328900 
Smed.6602  1.2632470 0.5032719 0.0000000 0.7892166 0.6713658 0.6418246 
Smed.19969 1.5104882 0.7826155 0.7892166 0.0000000 0.6851781 0.7200369 
Smed.8173  0.7280198 0.4793137 0.6713658 0.6851781 0.0000000 0.5368106 
Smed.28147 1.0480181 0.5328900 0.6418246 0.7200369 0.5368106 0.0000000 
