8
Smed.3747  0.0000000 0.2091571 0.1849785 0.1823985 0.2863169 0.3024094 0.1851936 0.1852780 
Smed.20634 0.2091571 0.0000000 0.2086244 0.1577322 0.2589065 0.2738290 0.1600850 0.1602280 
Smed.26454 0.1849785 0.2086244 0.0000000 0.1819506 0.2347905 0.2651689 0.1847303 0.1848158 
Smed.8092  0.1823985 0.1577322 0.1819506 0.0000000 0.1615719 0.1726440 0.1346602 0.0888866 
Smed.16350 0.2863169 0.2589065 0.2347905 0.1615719 0.0000000 0.1944288 0.2346880 0.1738013 
Smed.20360 0.3024094 0.2738290 0.2651689 0.1726440 0.1944288 0.0000000 0.2487962 0.1976876 
Smed.3585  0.1851936 0.1600850 0.1847303 0.1346602 0.2346880 0.2487962 0.0000000 0.1368195 
Smed.25361 0.1852780 0.1602280 0.1848158 0.0888866 0.1738013 0.1976876 0.1368195 0.0000000 
