11
Mlig.42935 0.0000000 0.0050002 0.0050002 0.8691579 0.8681481 0.0363601 0.0100316 0.0100588 0.0050002 0.0050002 0.0050002 
Mlig.42930 0.0050002 0.0000000 0.0000010 0.8624082 0.8614068 0.0310640 0.0049991 0.0050127 0.0000010 0.0000010 0.0000010 
Mlig.42931 0.0050002 0.0000010 0.0000000 0.8624082 0.8614068 0.0310640 0.0049991 0.0050127 0.0000010 0.0000010 0.0000010 
Mlig.4831  0.8691579 0.8624082 0.8624082 0.0000000 0.0024067 0.9022446 0.8638992 0.8666359 0.8624082 0.8624082 0.8624082 
Mlig.4832  0.8681481 0.8614068 0.8614068 0.0024067 0.0000000 0.9011835 0.8628957 0.8656270 0.8614068 0.8614068 0.8614068 
Mlig.24004 0.0363601 0.0310640 0.0310640 0.9022446 0.9011835 0.0000000 0.0363531 0.0311174 0.0310640 0.0310640 0.0310640 
Mlig.24003 0.0100316 0.0049991 0.0049991 0.8638992 0.8628957 0.0363531 0.0000000 0.0100567 0.0049991 0.0049991 0.0049991 
Mlig.24005 0.0100588 0.0050127 0.0050127 0.8666359 0.8656270 0.0311174 0.0100567 0.0000000 0.0050127 0.0050127 0.0050127 
Mlig.42934 0.0050002 0.0000010 0.0000010 0.8624082 0.8614068 0.0310640 0.0049991 0.0050127 0.0000000 0.0000010 0.0000010 
Mlig.17830 0.0050002 0.0000010 0.0000010 0.8624082 0.8614068 0.0310640 0.0049991 0.0050127 0.0000010 0.0000000 0.0000010 
Mlig.42932 0.0050002 0.0000010 0.0000010 0.8624082 0.8614068 0.0310640 0.0049991 0.0050127 0.0000010 0.0000010 0.0000000 
