7
Mlig.36729 0.0000000 0.0000010 0.0000010 0.3567677 0.3573183 0.3535516 0.3535516 
Mlig.6034  0.0000010 0.0000000 0.0000010 0.3567677 0.3573183 0.3535516 0.3535516 
Mlig.36730 0.0000010 0.0000010 0.0000000 0.3567677 0.3573183 0.3535516 0.3535516 
Mlig.1271  0.3567677 0.3567677 0.3567677 0.0000000 0.0062057 0.0082876 0.0082876 
Mlig.17512 0.3573183 0.3573183 0.3573183 0.0062057 0.0000000 0.0020607 0.0020607 
Mlig.31007 0.3535516 0.3535516 0.3535516 0.0082876 0.0020607 0.0000000 0.0000010 
Mlig.32200 0.3535516 0.3535516 0.3535516 0.0082876 0.0020607 0.0000010 0.0000000 
