8
Oviv.1253  0.0000000 0.0305118 0.0000010 0.0000010 0.1204797 0.2696588 0.2203222 0.1329430 
Oviv.266   0.0305118 0.0000000 0.0305118 0.0305118 0.1559869 0.3104757 0.2577887 0.1710347 
Oviv.3373  0.0000010 0.0305118 0.0000000 0.0000010 0.1204797 0.2696588 0.2203222 0.1329430 
Oviv.7857  0.0000010 0.0305118 0.0000010 0.0000000 0.1204797 0.2696588 0.2203222 0.1329430 
Oviv.7571  0.1204797 0.1559869 0.1204797 0.1204797 0.0000000 0.4349506 0.3699173 0.1779311 
Oviv.8528  0.2696588 0.3104757 0.2696588 0.2696588 0.4349506 0.0000000 0.2285563 0.3819556 
Oviv.4381  0.2203222 0.2577887 0.2203222 0.2203222 0.3699173 0.2285563 0.0000000 0.3190563 
Oviv.9313  0.1329430 0.1710347 0.1329430 0.1329430 0.1779311 0.3819556 0.3190563 0.0000000 
