7
Mlig.11377 0.0000000 0.0704158 0.0126163 0.7249142 0.7306223 0.7236745 0.7236745 
Mlig.11378 0.0704158 0.0000000 0.0592009 0.8033537 0.8080403 0.8019320 0.8019320 
Mlig.42080 0.0126163 0.0592009 0.0000000 0.7226280 0.7275143 0.7213911 0.7213911 
Mlig.20371 0.7249142 0.8033537 0.7226280 0.0000000 0.0053327 0.0064019 0.0064019 
Mlig.20370 0.7306223 0.8080403 0.7275143 0.0053327 0.0000000 0.0117580 0.0117580 
Mlig.20369 0.7236745 0.8019320 0.7213911 0.0064019 0.0117580 0.0000000 0.0000010 
Mlig.20372 0.7236745 0.8019320 0.7213911 0.0064019 0.0117580 0.0000010 0.0000000 
