6
Mlig.24504 0.0000000 0.0021115 1.2109501 0.7265618 0.7248214 0.7153249 
Mlig.37673 0.0021115 0.0000000 1.2114894 0.7238149 0.7220746 0.7125812 
Mlig.29456 1.2109501 1.2114894 0.0000000 0.7342021 0.7321422 0.7307761 
Mlig.17250 0.7265618 0.7238149 0.7342021 0.0000000 0.0108125 0.0064600 
Mlig.17249 0.7248214 0.7220746 0.7321422 0.0108125 0.0000000 0.0043005 
Mlig.17251 0.7153249 0.7125812 0.7307761 0.0064600 0.0043005 0.0000000 
