6
Mlig.31281 0.0000000 1.0722682 1.0722682 1.1540274 1.1540274 0.0000010 
Mlig.33476 1.0722682 0.0000000 0.0000010 0.7352755 0.7352755 1.0722682 
Mlig.47547 1.0722682 0.0000010 0.0000000 0.7352755 0.7352755 1.0722682 
Mlig.15068 1.1540274 0.7352755 0.7352755 0.0000000 0.0000010 1.1540274 
Mlig.43448 1.1540274 0.7352755 0.7352755 0.0000010 0.0000000 1.1540274 
Mlig.31280 0.0000010 1.0722682 1.0722682 1.1540274 1.1540274 0.0000000 
