7
Mlig.1454  0.0000000 0.0000010 0.0000010 1.5573248 1.0482619 1.0482619 1.0371229 
Mlig.1348  0.0000010 0.0000000 0.0000010 1.5573248 1.0482619 1.0482619 1.0371229 
Mlig.34335 0.0000010 0.0000010 0.0000000 1.5573248 1.0482619 1.0482619 1.0371229 
Mlig.10293 1.5573248 1.5573248 1.5573248 0.0000000 1.4006482 1.4006482 1.4055223 
Mlig.35260 1.0482619 1.0482619 1.0482619 1.4006482 0.0000000 0.0000010 0.0059746 
Mlig.35261 1.0482619 1.0482619 1.0482619 1.4006482 0.0000010 0.0000000 0.0059746 
Mlig.35262 1.0371229 1.0371229 1.0371229 1.4055223 0.0059746 0.0059746 0.0000000 
