8
Mlig.16873 0.0000000 0.0397181 0.0397181 0.0000010 0.0226109 0.0226109 0.0169313 0.0169313 
Mlig.17705 0.0397181 0.0000000 0.0000010 0.0397181 0.0226108 0.0226108 0.0283336 0.0283336 
Mlig.17706 0.0397181 0.0000010 0.0000000 0.0397181 0.0226108 0.0226108 0.0283336 0.0283336 
Mlig.16872 0.0000010 0.0397181 0.0397181 0.0000000 0.0226109 0.0226109 0.0169313 0.0169313 
Mlig.10499 0.0226109 0.0226108 0.0226108 0.0226109 0.0000000 0.0000010 0.0056005 0.0056005 
Mlig.10500 0.0226109 0.0226108 0.0226108 0.0226109 0.0000010 0.0000000 0.0056005 0.0056005 
Mlig.14280 0.0169313 0.0283336 0.0283336 0.0169313 0.0056005 0.0056005 0.0000000 0.0000010 
Mlig.14281 0.0169313 0.0283336 0.0283336 0.0169313 0.0056005 0.0056005 0.0000010 0.0000000 
