6
Mlig.20458 0.0000000 0.0000010 0.0102121 0.1088065 0.1088065 0.1143387 
Mlig.26428 0.0000010 0.0000000 0.0102121 0.1088065 0.1088065 0.1143387 
Mlig.20459 0.0102121 0.0102121 0.0000000 0.1139727 0.1139727 0.1194978 
Mlig.38099 0.1088065 0.1088065 0.1139727 0.0000000 0.0000010 0.0050451 
Mlig.38100 0.1088065 0.1088065 0.1139727 0.0000010 0.0000000 0.0050451 
Mlig.38101 0.1143387 0.1143387 0.1194978 0.0050451 0.0050451 0.0000000 
