7
Mlig.2451  0.0000000 0.0127949 0.4356452 0.4356452 0.3863355 0.3906898 0.4496668 
Mlig.2452  0.0127949 0.0000000 0.4351847 0.4351847 0.3899984 0.3943515 0.4491891 
Mlig.17162 0.4356452 0.4351847 0.0000000 0.0000010 0.2261005 0.2299284 0.0224178 
Mlig.17164 0.4356452 0.4351847 0.0000010 0.0000000 0.2261005 0.2299284 0.0224178 
Mlig.35767 0.3863355 0.3899984 0.2261005 0.2261005 0.0000000 0.0031394 0.2357879 
Mlig.35768 0.3906898 0.3943515 0.2299284 0.2299284 0.0031394 0.0000000 0.2396117 
Mlig.17163 0.4496668 0.4491891 0.0224178 0.0224178 0.2357879 0.2396117 0.0000000 
