9
Mlig.32814 0.0000000 0.0016553 0.0016543 0.6768973 0.7265441 0.6506498 0.5288748 0.5288748 0.5302229 
Mlig.32816 0.0016553 0.0000000 0.0033132 0.6752542 0.7248685 0.6490357 0.5307691 0.5307691 0.5321182 
Mlig.32815 0.0016543 0.0033132 0.0000000 0.6744181 0.7273511 0.6482349 0.5259965 0.5259965 0.5273484 
Mlig.1822  0.6768973 0.6752542 0.6744181 0.0000000 0.5869819 0.0190114 0.5705695 0.5705695 0.5762247 
Mlig.11485 0.7265441 0.7248685 0.7273511 0.5869819 0.0000000 0.5637288 0.5715227 0.5715227 0.5766559 
Mlig.1821  0.6506498 0.6490357 0.6482349 0.0190114 0.5637288 0.0000000 0.5394093 0.5394093 0.5448624 
Mlig.30352 0.5288748 0.5307691 0.5259965 0.5705695 0.5715227 0.5394093 0.0000000 0.0000010 0.0033044 
Mlig.30353 0.5288748 0.5307691 0.5259965 0.5705695 0.5715227 0.5394093 0.0000010 0.0000000 0.0033044 
Mlig.30354 0.5302229 0.5321182 0.5273484 0.5762247 0.5766559 0.5448624 0.0033044 0.0033044 0.0000000 
