10
Mlig.46768 0.0000000 0.0022847 0.5653597 0.9593300 0.9593300 0.7737575 0.5093393 0.5093393 0.4605725 0.4620838 
Mlig.46769 0.0022847 0.0000000 0.5704219 0.9669437 0.9669437 0.7800498 0.5140901 0.5140901 0.4651452 0.4666818 
Mlig.1462  0.5653597 0.5704219 0.0000000 0.6852385 0.6852385 0.5129777 0.2691625 0.2691625 0.3306092 0.3314429 
Mlig.15743 0.9593300 0.9669437 0.6852385 0.0000000 0.0000010 0.3221641 0.6265915 0.6265915 0.6885892 0.6836241 
Mlig.15745 0.9593300 0.9669437 0.6852385 0.0000010 0.0000000 0.3221641 0.6265915 0.6265915 0.6885892 0.6836241 
Mlig.32986 0.7737575 0.7800498 0.5129777 0.3221641 0.3221641 0.0000000 0.5042484 0.5042484 0.5394988 0.5414961 
Mlig.34473 0.5093393 0.5140901 0.2691625 0.6265915 0.6265915 0.5042484 0.0000000 0.0000010 0.2590458 0.2632459 
Mlig.45825 0.5093393 0.5140901 0.2691625 0.6265915 0.6265915 0.5042484 0.0000010 0.0000000 0.2590458 0.2632459 
Mlig.42804 0.4605725 0.4651452 0.3306092 0.6885892 0.6885892 0.5394988 0.2590458 0.2590458 0.0000000 0.0022932 
Mlig.43198 0.4620838 0.4666818 0.3314429 0.6836241 0.6836241 0.5414961 0.2632459 0.2632459 0.0022932 0.0000000 
