9
Mlig.41318 0.0000000 0.0000010 0.0095316 0.7310256 0.7310256 0.7310256 0.8299048 0.8273490 0.8327052 
Mlig.41316 0.0000010 0.0000000 0.0095316 0.7310256 0.7310256 0.7310256 0.8299048 0.8273490 0.8327052 
Mlig.41317 0.0095316 0.0095316 0.0000000 0.7252924 0.7252924 0.7252924 0.8236488 0.8211137 0.8264482 
Mlig.42659 0.7310256 0.7310256 0.7252924 0.0000000 0.0000010 0.0000010 0.4055429 0.4071425 0.4188446 
Mlig.34812 0.7310256 0.7310256 0.7252924 0.0000010 0.0000000 0.0000010 0.4055429 0.4071425 0.4188446 
Mlig.42660 0.7310256 0.7310256 0.7252924 0.0000010 0.0000010 0.0000000 0.4055429 0.4071425 0.4188446 
Mlig.45986 0.8299048 0.8299048 0.8236488 0.4055429 0.4055429 0.4055429 0.0000000 0.0098487 0.0164965 
Mlig.26110 0.8273490 0.8273490 0.8211137 0.4071425 0.4071425 0.4071425 0.0098487 0.0000000 0.0131450 
Mlig.45987 0.8327052 0.8327052 0.8264482 0.4188446 0.4188446 0.4188446 0.0164965 0.0131450 0.0000000 
