7
Smed.19231 0.0000000 0.0385820 1.4094463 1.3662115 1.3662115 1.3196630 1.3945443 
Smed.16459 0.0385820 0.0000000 1.3040408 1.2632630 1.2632630 1.2195834 1.3927768 
Smed.16458 1.4094463 1.3040408 0.0000000 0.0727841 0.0727841 0.0545243 0.0623251 
Smed.17870 1.3662115 1.2632630 0.0727841 0.0000000 0.0000010 0.0550934 0.0630389 
Smed.19232 1.3662115 1.2632630 0.0727841 0.0000010 0.0000000 0.0550934 0.0630389 
Smed.22920 1.3196630 1.2195834 0.0545243 0.0550934 0.0550934 0.0000000 0.0426377 
Smed.29184 1.3945443 1.3927768 0.0623251 0.0630389 0.0630389 0.0426377 0.0000000 
