14
Hdim.9908  0.0000000 0.8100776 0.7279171 0.6763327 0.7897000 0.8158185 0.5446049 1.1327914 0.8360187 0.6712167 0.8043980 0.7087469 0.8162567 0.7995809 
Hdim.1423  0.8100776 0.0000000 0.1097825 0.2355173 0.3618500 0.2943515 0.2960352 0.5117386 0.2965032 0.4945421 0.1124330 0.0541304 0.3078631 0.1097825 
Hdim.14199 0.7279171 0.1097825 0.0000000 0.2320603 0.2208284 0.2901901 0.1624377 0.5090128 0.1626627 0.5049016 0.1108005 0.0533566 0.3032918 0.1082194 
Hdim.3866  0.6763327 0.2355173 0.2320603 0.0000000 0.3701886 0.4397821 0.3022044 0.6094371 0.4458354 0.5093893 0.2371737 0.1710259 0.3146554 0.2320603 
Hdim.14559 0.7897000 0.3618500 0.2208284 0.3701886 0.0000000 0.5765528 0.2869050 0.7153674 0.2148669 0.6922652 0.3633470 0.2922813 0.4370048 0.3567294 
Hdim.5794  0.8158185 0.2943515 0.2901901 0.4397821 0.5765528 0.0000000 0.2846091 0.7542805 0.5046287 0.7307320 0.1634907 0.2287594 0.4327713 0.2901901 
Hdim.10384 0.5446049 0.2960352 0.1624377 0.3022044 0.2869050 0.2846091 0.0000000 0.7754475 0.3540833 0.6049950 0.2976974 0.2295257 0.2246069 0.2917872 
Hdim.13023 1.1327914 0.5117386 0.5090128 0.6094371 0.7153674 0.7542805 0.7754475 0.0000000 0.6589696 1.1163786 0.5165667 0.4360765 0.6999813 0.5090128 
Hdim.10249 0.8360187 0.2965032 0.1626627 0.4458354 0.2148669 0.5046287 0.3540833 0.6589696 0.0000000 0.8026593 0.2981685 0.2298725 0.5111299 0.2922434 
Hdim.7741  0.6712167 0.4945421 0.5049016 0.5093893 0.6922652 0.7307320 0.6049950 1.1163786 0.8026593 0.0000000 0.4820268 0.4925214 0.7099123 0.5732162 
Hdim.1269  0.8043980 0.1124330 0.1108005 0.2371737 0.3633470 0.1634907 0.2976974 0.5165667 0.2981685 0.4820268 0.0000000 0.0546907 0.3095734 0.1108005 
Hdim.14865 0.7087469 0.0541304 0.0533566 0.1710259 0.2922813 0.2287594 0.2295257 0.4360765 0.2298725 0.4925214 0.0546907 0.0000000 0.2383690 0.0533566 
Hdim.1072  0.8162567 0.3078631 0.3032918 0.3146554 0.4370048 0.4327713 0.2246069 0.6999813 0.5111299 0.7099123 0.3095734 0.2383690 0.0000000 0.3032918 
Hdim.7510  0.7995809 0.1097825 0.1082194 0.2320603 0.3567294 0.2901901 0.2917872 0.5090128 0.2922434 0.5732162 0.1108005 0.0533566 0.3032918 0.0000000 
