8
Smed.15578 0.0000000 0.9583947 0.9481168 0.8159085 0.8767128 1.0033601 1.0113308 1.0172297 
Smed.28143 0.9583947 0.0000000 0.0069345 0.5577629 0.1428443 0.0914427 0.0954102 0.0960112 
Smed.28870 0.9481168 0.0069345 0.0000000 0.5706045 0.1473090 0.0830812 0.1036969 0.1043582 
Smed.7301  0.8159085 0.5577629 0.5706045 0.0000000 0.5697749 0.6159962 0.6168678 0.5842188 
Smed.7304  0.8767128 0.1428443 0.1473090 0.5697749 0.0000000 0.1935811 0.1739189 0.1927142 
Smed.26766 1.0033601 0.0914427 0.0830812 0.6159962 0.1935811 0.0000000 0.0394436 0.0397900 
Smed.7305  1.0113308 0.0954102 0.1036969 0.6168678 0.1739189 0.0394436 0.0000000 0.0434071 
Smed.23142 1.0172297 0.0960112 0.1043582 0.5842188 0.1927142 0.0397900 0.0434071 0.0000000 
