9
Mlig.103   0.0000000 0.0083653 0.0083601 0.0126277 0.0126277 0.0041702 1.2358901 1.2738008 1.2979740 
Mlig.102   0.0083653 0.0000000 0.0083423 0.0126015 0.0126015 0.0041617 1.2151741 1.2527807 1.2766585 
Mlig.101   0.0083601 0.0083423 0.0000000 0.0125935 0.0125935 0.0041589 1.2249224 1.2626307 1.2866213 
Mlig.104   0.0126277 0.0126015 0.0125935 0.0000000 0.0000010 0.0083759 1.2290791 1.2669115 1.2910016 
Mlig.105   0.0126277 0.0126015 0.0125935 0.0000010 0.0000000 0.0083759 1.2290791 1.2669115 1.2910016 
Mlig.100   0.0041702 0.0041617 0.0041589 0.0083759 0.0083759 0.0000000 1.2214603 1.2591641 1.2831357 
Mlig.31836 1.2358901 1.2151741 1.2249224 1.2290791 1.2290791 1.2214603 0.0000000 0.0592353 0.0642677 
Mlig.42224 1.2738008 1.2527807 1.2626307 1.2669115 1.2669115 1.2591641 0.0592353 0.0000000 0.0041606 
Mlig.42225 1.2979740 1.2766585 1.2866213 1.2910016 1.2910016 1.2831357 0.0642677 0.0041606 0.0000000 
