6
Mlig.39134 0.0000000 0.0107663 0.0071569 0.0107817 0.0216252 0.0143425 
Mlig.39136 0.0107663 0.0000000 0.0107098 0.0143410 0.0251713 0.0178856 
Mlig.39138 0.0071569 0.0107098 0.0000000 0.0107251 0.0215137 0.0142678 
Mlig.39139 0.0107817 0.0143410 0.0107251 0.0000000 0.0179110 0.0179110 
Mlig.39132 0.0216252 0.0251713 0.0215137 0.0179110 0.0000000 0.0071112 
Mlig.39135 0.0143425 0.0178856 0.0142678 0.0179110 0.0071112 0.0000000 
