7
Smed.2175  0.0000000 0.0112382 0.0830491 0.1172790 0.0827624 0.0704020 0.0704020 
Smed.21596 0.0112382 0.0000000 0.0953129 0.1295388 0.0949881 0.0824771 0.0824771 
Smed.25371 0.0830491 0.0953129 0.0000000 0.1063856 0.0231249 0.0114784 0.0114784 
Smed.14776 0.1172790 0.1295388 0.1063856 0.0000000 0.1060305 0.0935198 0.0935198 
Smed.20040 0.0827624 0.0949881 0.0231249 0.1060305 0.0000000 0.0114368 0.0114368 
Smed.26550 0.0704020 0.0824771 0.0114784 0.0935198 0.0114368 0.0000000 0.0000010 
Smed.11823 0.0704020 0.0824771 0.0114784 0.0935198 0.0114368 0.0000010 0.0000000 
