8
Smed.10452 0.0000000 0.3316491 0.2983379 0.1740355 0.3461212 0.3461212 0.3773524 0.3456288 
Smed.8795  0.3316491 0.0000000 0.4071568 0.2462550 0.5991754 0.5991754 0.6387972 0.5985795 
Smed.16258 0.2983379 0.4071568 0.0000000 0.3018781 0.5554244 0.5554244 0.5502445 0.5548214 
Smed.1940  0.1740355 0.2462550 0.3018781 0.0000000 0.3127456 0.3127456 0.3726888 0.3413449 
Smed.4457  0.3461212 0.5991754 0.5554244 0.3127456 0.0000000 0.0000010 0.0981411 0.0480229 
Smed.2042  0.3461212 0.5991754 0.5554244 0.3127456 0.0000010 0.0000000 0.0981411 0.0480229 
Smed.12647 0.3773524 0.6387972 0.5502445 0.3726888 0.0981411 0.0981411 0.0000000 0.0483079 
Smed.20795 0.3456288 0.5985795 0.5548214 0.3413449 0.0480229 0.0480229 0.0483079 0.0000000 
