12
Mlig.9176  0.0000000 0.0161156 1.1912969 1.2053923 1.1298851 1.2515011 1.1081046 1.1735335 1.1030487 1.2571910 1.2600701 1.2600701 
Mlig.9177  0.0161156 0.0000000 1.1860211 1.2000441 1.1185388 1.2244430 1.0969134 1.1503601 1.0723505 1.2447946 1.2476008 1.2476008 
Mlig.25489 1.1912969 1.1860211 0.0000000 0.0203997 0.8039905 0.0454138 0.7795826 0.8748946 1.3120417 0.7596506 0.7427288 0.7427288 
Mlig.34629 1.2053923 1.2000441 0.0203997 0.0000000 0.8441529 0.0416663 0.8189089 0.9170809 1.3169720 0.7586740 0.7418862 0.7418862 
Mlig.19544 1.1298851 1.1185388 0.8039905 0.8441529 0.0000000 0.8115573 0.1103687 0.2039561 1.1803823 0.8357001 0.8175693 0.8175693 
Mlig.27822 1.2515011 1.2244430 0.0454138 0.0416663 0.8115573 0.0000000 0.7977646 0.8969278 1.3142595 0.7498022 0.7329852 0.7329852 
Mlig.29018 1.1081046 1.0969134 0.7795826 0.8189089 0.1103687 0.7977646 0.0000000 0.1938368 1.1983331 0.8014851 0.7904534 0.7904534 
Mlig.37483 1.1735335 1.1503601 0.8748946 0.9170809 0.2039561 0.8969278 0.1938368 0.0000000 0.9908033 0.8134523 0.8090768 0.8090768 
Mlig.26724 1.1030487 1.0723505 1.3120417 1.3169720 1.1803823 1.3142595 1.1983331 0.9908033 0.0000000 1.1088752 1.0988689 1.0988689 
Mlig.33587 1.2571910 1.2447946 0.7596506 0.7586740 0.8357001 0.7498022 0.8014851 0.8134523 1.1088752 0.0000000 0.0157273 0.0157273 
Mlig.33586 1.2600701 1.2476008 0.7427288 0.7418862 0.8175693 0.7329852 0.7904534 0.8090768 1.0988689 0.0157273 0.0000000 0.0000010 
Mlig.33588 1.2600701 1.2476008 0.7427288 0.7418862 0.8175693 0.7329852 0.7904534 0.8090768 1.0988689 0.0157273 0.0000010 0.0000000 
