6
Mlig.28687 0.0000000 0.0080062 0.0026663 0.3137936 0.3137936 0.3137936 
Mlig.7039  0.0080062 0.0000000 0.0053327 0.3100582 0.3100582 0.3100582 
Mlig.28686 0.0026663 0.0053327 0.0000000 0.3102758 0.3102758 0.3102758 
Mlig.6292  0.3137936 0.3100582 0.3102758 0.0000000 0.0000010 0.0000010 
Mlig.6293  0.3137936 0.3100582 0.3102758 0.0000010 0.0000000 0.0000010 
Mlig.6294  0.3137936 0.3100582 0.3102758 0.0000010 0.0000010 0.0000000 
