28
Mlig.22276 0.0000000 0.0000010 0.0000010 0.0000010 1.0652942 1.0652942 1.0652942 0.9504755 0.9504755 1.0462830 1.0462830 1.0462830 1.0797632 1.0994807 1.1995444 1.1995444 1.1995444 1.0267311 1.0136954 1.0315217 0.8847806 0.8847806 1.1544630 1.1544630 1.1544630 0.9674403 0.9674403 0.9674403 
Mlig.22277 0.0000010 0.0000000 0.0000010 0.0000010 1.0652942 1.0652942 1.0652942 0.9504755 0.9504755 1.0462830 1.0462830 1.0462830 1.0797632 1.0994807 1.1995444 1.1995444 1.1995444 1.0267311 1.0136954 1.0315217 0.8847806 0.8847806 1.1544630 1.1544630 1.1544630 0.9674403 0.9674403 0.9674403 
Mlig.22278 0.0000010 0.0000010 0.0000000 0.0000010 1.0652942 1.0652942 1.0652942 0.9504755 0.9504755 1.0462830 1.0462830 1.0462830 1.0797632 1.0994807 1.1995444 1.1995444 1.1995444 1.0267311 1.0136954 1.0315217 0.8847806 0.8847806 1.1544630 1.1544630 1.1544630 0.9674403 0.9674403 0.9674403 
Mlig.22279 0.0000010 0.0000010 0.0000010 0.0000000 1.0652942 1.0652942 1.0652942 0.9504755 0.9504755 1.0462830 1.0462830 1.0462830 1.0797632 1.0994807 1.1995444 1.1995444 1.1995444 1.0267311 1.0136954 1.0315217 0.8847806 0.8847806 1.1544630 1.1544630 1.1544630 0.9674403 0.9674403 0.9674403 
Mlig.16389 1.0652942 1.0652942 1.0652942 1.0652942 0.0000000 0.0000010 0.0000010 0.6296428 0.6296428 0.5358381 0.5358381 0.5358381 0.8207052 0.8332870 0.6513020 0.6513020 0.6513020 0.7084820 0.6999770 0.7105083 0.5375489 0.5375489 0.7815069 0.7815069 0.7815069 0.5910961 0.5910961 0.5910961 
Mlig.16390 1.0652942 1.0652942 1.0652942 1.0652942 0.0000010 0.0000000 0.0000010 0.6296428 0.6296428 0.5358381 0.5358381 0.5358381 0.8207052 0.8332870 0.6513020 0.6513020 0.6513020 0.7084820 0.6999770 0.7105083 0.5375489 0.5375489 0.7815069 0.7815069 0.7815069 0.5910961 0.5910961 0.5910961 
Mlig.16391 1.0652942 1.0652942 1.0652942 1.0652942 0.0000010 0.0000010 0.0000000 0.6296428 0.6296428 0.5358381 0.5358381 0.5358381 0.8207052 0.8332870 0.6513020 0.6513020 0.6513020 0.7084820 0.6999770 0.7105083 0.5375489 0.5375489 0.7815069 0.7815069 0.7815069 0.5910961 0.5910961 0.5910961 
Mlig.47994 0.9504755 0.9504755 0.9504755 0.9504755 0.6296428 0.6296428 0.6296428 0.0000000 0.0000010 0.2965757 0.2965757 0.2965757 0.9290833 0.9499933 0.5771131 0.5771131 0.5771131 0.6729072 0.6743522 0.6896465 0.4141742 0.4141742 0.8084850 0.8084850 0.8084850 0.6487523 0.6487523 0.6487523 
Mlig.47995 0.9504755 0.9504755 0.9504755 0.9504755 0.6296428 0.6296428 0.6296428 0.0000010 0.0000000 0.2965757 0.2965757 0.2965757 0.9290833 0.9499933 0.5771131 0.5771131 0.5771131 0.6729072 0.6743522 0.6896465 0.4141742 0.4141742 0.8084850 0.8084850 0.8084850 0.6487523 0.6487523 0.6487523 
Mlig.26825 1.0462830 1.0462830 1.0462830 1.0462830 0.5358381 0.5358381 0.5358381 0.2965757 0.2965757 0.0000000 0.0000010 0.0000010 0.6454275 0.6605339 0.3227602 0.3227602 0.3227602 0.4863370 0.4799869 0.4910997 0.2704076 0.2704076 0.5256311 0.5256311 0.5256311 0.4488526 0.4488526 0.4488526 
Mlig.26826 1.0462830 1.0462830 1.0462830 1.0462830 0.5358381 0.5358381 0.5358381 0.2965757 0.2965757 0.0000010 0.0000000 0.0000010 0.6454275 0.6605339 0.3227602 0.3227602 0.3227602 0.4863370 0.4799869 0.4910997 0.2704076 0.2704076 0.5256311 0.5256311 0.5256311 0.4488526 0.4488526 0.4488526 
Mlig.26827 1.0462830 1.0462830 1.0462830 1.0462830 0.5358381 0.5358381 0.5358381 0.2965757 0.2965757 0.0000010 0.0000010 0.0000000 0.6454275 0.6605339 0.3227602 0.3227602 0.3227602 0.4863370 0.4799869 0.4910997 0.2704076 0.2704076 0.5256311 0.5256311 0.5256311 0.4488526 0.4488526 0.4488526 
Mlig.30092 1.0797632 1.0797632 1.0797632 1.0797632 0.8207052 0.8207052 0.8207052 0.9290833 0.9290833 0.6454275 0.6454275 0.6454275 0.0000000 0.0110581 0.3396207 0.3396207 0.3396207 0.4287164 0.4086282 0.4333040 0.6999516 0.6999516 0.3769905 0.3769905 0.3769905 0.5108379 0.5108379 0.5108379 
Mlig.30093 1.0994807 1.0994807 1.0994807 1.0994807 0.8332870 0.8332870 0.8332870 0.9499933 0.9499933 0.6605339 0.6605339 0.6605339 0.0110581 0.0000000 0.3233317 0.3233317 0.3233317 0.4099578 0.4333040 0.4144409 0.7163492 0.7163492 0.3813700 0.3813700 0.3813700 0.5387250 0.5387250 0.5387250 
Mlig.23750 1.1995444 1.1995444 1.1995444 1.1995444 0.6513020 0.6513020 0.6513020 0.5771131 0.5771131 0.3227602 0.3227602 0.3227602 0.3396207 0.3233317 0.0000000 0.0000010 0.0000010 0.3296307 0.3500665 0.3333860 0.5125561 0.5125561 0.3222048 0.3222048 0.3222048 0.3677533 0.3677533 0.3677533 
Mlig.23751 1.1995444 1.1995444 1.1995444 1.1995444 0.6513020 0.6513020 0.6513020 0.5771131 0.5771131 0.3227602 0.3227602 0.3227602 0.3396207 0.3233317 0.0000010 0.0000000 0.0000010 0.3296307 0.3500665 0.3333860 0.5125561 0.5125561 0.3222048 0.3222048 0.3222048 0.3677533 0.3677533 0.3677533 
Mlig.23752 1.1995444 1.1995444 1.1995444 1.1995444 0.6513020 0.6513020 0.6513020 0.5771131 0.5771131 0.3227602 0.3227602 0.3227602 0.3396207 0.3233317 0.0000010 0.0000010 0.0000000 0.3296307 0.3500665 0.3333860 0.5125561 0.5125561 0.3222048 0.3222048 0.3222048 0.3677533 0.3677533 0.3677533 
Mlig.17041 1.0267311 1.0267311 1.0267311 1.0267311 0.7084820 0.7084820 0.7084820 0.6729072 0.6729072 0.4863370 0.4863370 0.4863370 0.4287164 0.4099578 0.3296307 0.3296307 0.3296307 0.0000000 0.0348887 0.0231368 0.6947491 0.6947491 0.4737367 0.4737367 0.4737367 0.4210053 0.4210053 0.4210053 
Mlig.17561 1.0136954 1.0136954 1.0136954 1.0136954 0.6999770 0.6999770 0.6999770 0.6743522 0.6743522 0.4799869 0.4799869 0.4799869 0.4086282 0.4333040 0.3500665 0.3500665 0.3500665 0.0348887 0.0000000 0.0112256 0.6501283 0.6501283 0.4573445 0.4573445 0.4573445 0.4011670 0.4011670 0.4011670 
Mlig.26929 1.0315217 1.0315217 1.0315217 1.0315217 0.7105083 0.7105083 0.7105083 0.6896465 0.6896465 0.4910997 0.4910997 0.4910997 0.4333040 0.4144409 0.3333860 0.3333860 0.3333860 0.0231368 0.0112256 0.0000000 0.6654243 0.6654243 0.4626827 0.4626827 0.4626827 0.4255262 0.4255262 0.4255262 
Mlig.2976  0.8847806 0.8847806 0.8847806 0.8847806 0.5375489 0.5375489 0.5375489 0.4141742 0.4141742 0.2704076 0.2704076 0.2704076 0.6999516 0.7163492 0.5125561 0.5125561 0.5125561 0.6947491 0.6501283 0.6654243 0.0000000 0.0000010 0.6132373 0.6132373 0.6132373 0.5220281 0.5220281 0.5220281 
Mlig.2977  0.8847806 0.8847806 0.8847806 0.8847806 0.5375489 0.5375489 0.5375489 0.4141742 0.4141742 0.2704076 0.2704076 0.2704076 0.6999516 0.7163492 0.5125561 0.5125561 0.5125561 0.6947491 0.6501283 0.6654243 0.0000010 0.0000000 0.6132373 0.6132373 0.6132373 0.5220281 0.5220281 0.5220281 
Mlig.9068  1.1544630 1.1544630 1.1544630 1.1544630 0.7815069 0.7815069 0.7815069 0.8084850 0.8084850 0.5256311 0.5256311 0.5256311 0.3769905 0.3813700 0.3222048 0.3222048 0.3222048 0.4737367 0.4573445 0.4626827 0.6132373 0.6132373 0.0000000 0.0000010 0.0000010 0.4373836 0.4373836 0.4373836 
Mlig.9069  1.1544630 1.1544630 1.1544630 1.1544630 0.7815069 0.7815069 0.7815069 0.8084850 0.8084850 0.5256311 0.5256311 0.5256311 0.3769905 0.3813700 0.3222048 0.3222048 0.3222048 0.4737367 0.4573445 0.4626827 0.6132373 0.6132373 0.0000010 0.0000000 0.0000010 0.4373836 0.4373836 0.4373836 
Mlig.9789  1.1544630 1.1544630 1.1544630 1.1544630 0.7815069 0.7815069 0.7815069 0.8084850 0.8084850 0.5256311 0.5256311 0.5256311 0.3769905 0.3813700 0.3222048 0.3222048 0.3222048 0.4737367 0.4573445 0.4626827 0.6132373 0.6132373 0.0000010 0.0000010 0.0000000 0.4373836 0.4373836 0.4373836 
Mlig.46976 0.9674403 0.9674403 0.9674403 0.9674403 0.5910961 0.5910961 0.5910961 0.6487523 0.6487523 0.4488526 0.4488526 0.4488526 0.5108379 0.5387250 0.3677533 0.3677533 0.3677533 0.4210053 0.4011670 0.4255262 0.5220281 0.5220281 0.4373836 0.4373836 0.4373836 0.0000000 0.0000010 0.0000010 
Mlig.46977 0.9674403 0.9674403 0.9674403 0.9674403 0.5910961 0.5910961 0.5910961 0.6487523 0.6487523 0.4488526 0.4488526 0.4488526 0.5108379 0.5387250 0.3677533 0.3677533 0.3677533 0.4210053 0.4011670 0.4255262 0.5220281 0.5220281 0.4373836 0.4373836 0.4373836 0.0000010 0.0000000 0.0000010 
Mlig.46978 0.9674403 0.9674403 0.9674403 0.9674403 0.5910961 0.5910961 0.5910961 0.6487523 0.6487523 0.4488526 0.4488526 0.4488526 0.5108379 0.5387250 0.3677533 0.3677533 0.3677533 0.4210053 0.4011670 0.4255262 0.5220281 0.5220281 0.4373836 0.4373836 0.4373836 0.0000010 0.0000010 0.0000000 
