8
Mlig.38124 0.0000000 0.0452274 0.0358075 1.5012494 1.5012494 1.1580234 1.1800534 1.1854115 
Mlig.38125 0.0452274 0.0000000 0.0265061 1.5200481 1.5200481 1.1534312 1.1918955 1.1974928 
Mlig.38126 0.0358075 0.0265061 0.0000000 1.4797950 1.4797950 1.1175076 1.1404364 1.1453737 
Mlig.35402 1.5012494 1.5200481 1.4797950 0.0000000 0.0000010 1.0053152 1.0254463 1.0269286 
Mlig.35403 1.5012494 1.5200481 1.4797950 0.0000010 0.0000000 1.0053152 1.0254463 1.0269286 
Mlig.19840 1.1580234 1.1534312 1.1175076 1.0053152 1.0053152 0.0000000 0.0265442 0.0265466 
Mlig.19839 1.1800534 1.1918955 1.1404364 1.0254463 1.0254463 0.0265442 0.0000000 0.0173961 
Mlig.19841 1.1854115 1.1974928 1.1453737 1.0269286 1.0269286 0.0265466 0.0173961 0.0000000 
