6
Mlig.35688 0.0000000 0.0025015 0.0025004 1.2867295 1.2283012 1.2236435 
Mlig.35690 0.0025015 0.0000000 0.0050099 1.2776221 1.2294302 1.2247644 
Mlig.35689 0.0025004 0.0050099 0.0000000 1.2855498 1.2271625 1.2225138 
Mlig.12659 1.2867295 1.2776221 1.2855498 0.0000000 0.0576168 0.0613494 
Mlig.12658 1.2283012 1.2294302 1.2271625 0.0576168 0.0000000 0.0286068 
Mlig.12660 1.2236435 1.2247644 1.2225138 0.0613494 0.0286068 0.0000000 
