6
Mlig.10959 0.0000000 0.0099395 0.0199364 1.4143930 1.4063630 1.4143930 
Mlig.10960 0.0099395 0.0000000 0.0099504 1.4207320 1.4125499 1.4207320 
Mlig.10961 0.0199364 0.0099504 0.0000000 1.4428853 1.4342707 1.4428853 
Mlig.36126 1.4143930 1.4207320 1.4428853 0.0000000 0.0202773 0.0000010 
Mlig.36127 1.4063630 1.4125499 1.4342707 0.0202773 0.0000000 0.0202773 
Mlig.36128 1.4143930 1.4207320 1.4428853 0.0000010 0.0202773 0.0000000 
