15
Mlig.5560  0.0000000 0.0146965 0.0444914 0.0637675 1.0347477 1.0347477 1.5140172 1.5214203 1.5152611 1.4369684 1.4369684 1.4387201 1.4690044 1.4690044 1.4951445 
Mlig.5562  0.0146965 0.0000000 0.0614633 0.0815182 1.0734732 1.0734732 1.5718977 1.5795904 1.5731826 1.5013640 1.5013640 1.5031772 1.5304018 1.5304018 1.5575381 
Mlig.5561  0.0444914 0.0614633 0.0000000 0.0483956 1.0318615 1.0318615 1.5343710 1.5418504 1.5356248 1.4427838 1.4427838 1.4445407 1.4280129 1.4280129 1.4533839 
Mlig.37874 0.0637675 0.0815182 0.0483956 0.0000000 1.0561735 1.0561735 1.5697655 1.5774539 1.5710500 1.4726983 1.4726983 1.4744880 1.4966519 1.4966519 1.5130684 
Mlig.21870 1.0347477 1.0734732 1.0318615 1.0561735 0.0000000 0.0000010 1.4525275 1.4606155 1.4542593 1.2222146 1.2222146 1.2374520 1.4278883 1.4278883 1.4362586 
Mlig.21871 1.0347477 1.0734732 1.0318615 1.0561735 0.0000010 0.0000000 1.4525275 1.4606155 1.4542593 1.2222146 1.2222146 1.2374520 1.4278883 1.4278883 1.4362586 
Mlig.16893 1.5140172 1.5718977 1.5343710 1.5697655 1.4525275 1.4525275 0.0000000 0.0017819 0.0035556 0.9973187 0.9973187 1.0012531 1.0290992 1.0290992 1.0591519 
Mlig.16892 1.5214203 1.5795904 1.5418504 1.5774539 1.4606155 1.4606155 0.0017819 0.0000000 0.0053541 1.0019209 1.0019209 1.0058825 1.0381030 1.0381030 1.0684272 
Mlig.31573 1.5152611 1.5731826 1.5356248 1.5710500 1.4542593 1.4542593 0.0035556 0.0053541 0.0000000 1.0050079 1.0050079 1.0089765 1.0330399 1.0330399 1.0631770 
Mlig.28888 1.4369684 1.5013640 1.4427838 1.4726983 1.2222146 1.2222146 0.9973187 1.0019209 1.0050079 0.0000000 0.0000010 0.0089830 0.6661414 0.6661414 0.6773783 
Mlig.28887 1.4369684 1.5013640 1.4427838 1.4726983 1.2222146 1.2222146 0.9973187 1.0019209 1.0050079 0.0000010 0.0000000 0.0089830 0.6661414 0.6661414 0.6773783 
Mlig.28889 1.4387201 1.5031772 1.4445407 1.4744880 1.2374520 1.2374520 1.0012531 1.0058825 1.0089765 0.0089830 0.0089830 0.0000000 0.6683778 0.6683778 0.6796620 
Mlig.303   1.4690044 1.5304018 1.4280129 1.4966519 1.4278883 1.4278883 1.0290992 1.0381030 1.0330399 0.6661414 0.6661414 0.6683778 0.0000000 0.0000010 0.0161681 
Mlig.30973 1.4690044 1.5304018 1.4280129 1.4966519 1.4278883 1.4278883 1.0290992 1.0381030 1.0330399 0.6661414 0.6661414 0.6683778 0.0000010 0.0000000 0.0161681 
Mlig.37686 1.4951445 1.5575381 1.4533839 1.5130684 1.4362586 1.4362586 1.0591519 1.0684272 1.0631770 0.6773783 0.6773783 0.6796620 0.0161681 0.0161681 0.0000000 
