6
Mlig.28662 0.0000000 0.0000010 0.0090535 0.1370681 0.1289507 0.1289507 
Mlig.28664 0.0000010 0.0000000 0.0090535 0.1370681 0.1289507 0.1289507 
Mlig.28665 0.0090535 0.0090535 0.0000000 0.1473502 0.1393167 0.1393167 
Mlig.7787  0.1370681 0.1370681 0.1473502 0.0000000 0.0183818 0.0183818 
Mlig.8511  0.1289507 0.1289507 0.1393167 0.0183818 0.0000000 0.0000010 
Mlig.8512  0.1289507 0.1289507 0.1393167 0.0183818 0.0000010 0.0000000 
