9
Hdim.13650 0.0000000 0.0495976 0.6404291 0.4835103 0.2074983 0.2150660 0.2118322 0.2485238 0.2592943 
Hdim.13651 0.0495976 0.0000000 0.7429098 0.5641348 0.2663136 0.2508206 0.2722324 0.3189290 0.3328427 
Hdim.3629  0.6404291 0.7429098 0.0000000 0.8688941 0.7678366 0.6522670 0.6429556 0.9686648 1.0185037 
Hdim.8093  0.4835103 0.5641348 0.8688941 0.0000000 0.5067938 0.4890601 0.4896598 0.6238433 0.6528554 
Hdim.9397  0.2074983 0.2663136 0.7678366 0.5067938 0.0000000 0.3223024 0.3175592 0.4101002 0.4264144 
Hdim.771   0.2150660 0.2508206 0.6522670 0.4890601 0.3223024 0.0000000 0.2132319 0.2947527 0.3072299 
Hdim.8514  0.2118322 0.2722324 0.6429556 0.4896598 0.3175592 0.2132319 0.0000000 0.2898547 0.3019317 
Hdim.3283  0.2485238 0.3189290 0.9686648 0.6238433 0.4101002 0.2947527 0.2898547 0.0000000 0.0000010 
Hdim.14955 0.2592943 0.3328427 1.0185037 0.6528554 0.4264144 0.3072299 0.3019317 0.0000010 0.0000000 
