6
Mlig.15970 0.0000000 0.0000010 0.0048689 0.4164905 0.4164905 0.4162609 
Mlig.15971 0.0000010 0.0000000 0.0048689 0.4164905 0.4164905 0.4162609 
Mlig.15972 0.0048689 0.0048689 0.0000000 0.4094774 0.4094774 0.4092529 
Mlig.2887  0.4164905 0.4164905 0.4094774 0.0000000 0.0000010 0.0049069 
Mlig.2890  0.4164905 0.4164905 0.4094774 0.0000010 0.0000000 0.0049069 
Mlig.16046 0.4162609 0.4162609 0.4092529 0.0049069 0.0049069 0.0000000 
