6
Mlig.35480 0.0000000 0.6795183 0.6739695 0.6739695 0.0159256 0.0052359 
Mlig.32930 0.6795183 0.0000000 0.0052131 0.0052131 0.6973739 0.6816708 
Mlig.32931 0.6739695 0.0052131 0.0000000 0.0000010 0.6915959 0.6760854 
Mlig.32932 0.6739695 0.0052131 0.0000010 0.0000000 0.6915959 0.6760854 
Mlig.35481 0.0159256 0.6973739 0.6915959 0.6915959 0.0000000 0.0106005 
Mlig.35482 0.0052359 0.6816708 0.6760854 0.6760854 0.0106005 0.0000000 
