7
Smed.28822 0.0000000 0.0567135 0.0567135 0.1236492 0.1484523 0.1889785 0.5883478 
Smed.24296 0.0567135 0.0000000 0.0000010 0.0511405 0.0583190 0.0659166 0.1722739 
Smed.25934 0.0567135 0.0000010 0.0000000 0.0511405 0.0583190 0.0659166 0.1722739 
Smed.26020 0.1236492 0.0511405 0.0511405 0.0000000 0.1255297 0.1478837 0.2926758 
Smed.26496 0.1484523 0.0583190 0.0583190 0.1255297 0.0000000 0.0523384 0.2067014 
Smed.27478 0.1889785 0.0659166 0.0659166 0.1478837 0.0523384 0.0000000 0.0979799 
Smed.28593 0.5883478 0.1722739 0.1722739 0.2926758 0.2067014 0.0979799 0.0000000 
