6
Mlig.8020  0.0000000 0.1884808 0.0000010 0.1071748 0.1129684 0.1071748 
Mlig.8022  0.1884808 0.0000000 0.1884808 0.3328654 0.3400581 0.3328654 
Mlig.8021  0.0000010 0.1884808 0.0000000 0.1071748 0.1129684 0.1071748 
Mlig.15273 0.1071748 0.3328654 0.1071748 0.0000000 0.0052952 0.0000010 
Mlig.15274 0.1129684 0.3400581 0.1129684 0.0052952 0.0000000 0.0052952 
Mlig.33548 0.1071748 0.3328654 0.1071748 0.0000010 0.0052952 0.0000000 
