6
Mlig.13333 0.0000000 0.0122890 0.0040827 1.6556186 1.6908243 1.6729503 
Mlig.13332 0.0122890 0.0000000 0.0081689 1.6115148 1.6454712 1.6283108 
Mlig.13334 0.0040827 0.0081689 0.0000000 1.6367219 1.6714588 1.6538570 
Mlig.30458 1.6556186 1.6115148 1.6367219 0.0000000 0.0376579 0.0417734 
Mlig.11071 1.6908243 1.6454712 1.6714588 0.0376579 0.0000000 0.0165579 
Mlig.23358 1.6729503 1.6283108 1.6538570 0.0417734 0.0165579 0.0000000 
