16
Smed.16476 0.0000000 0.8200073 0.5612878 0.6109648 0.5549449 0.8647089 0.8021740 0.7746565 0.6212118 0.6305518 0.7247067 0.8075807 1.0148538 0.9961574 0.6939121 0.7679971 
Smed.21482 0.8200073 0.0000000 0.5842902 0.5460865 0.9357062 0.6970469 0.6485456 0.9018426 0.7006482 0.7431225 0.7105933 0.4478290 0.7544661 0.7319731 0.5424806 0.8309450 
Smed.20155 0.5612878 0.5842902 0.0000000 0.0273327 0.8159567 0.5803913 0.5316007 0.5604076 0.3728272 0.4088708 0.3798874 0.6198003 0.6496922 0.6669608 0.3044167 0.4519612 
Smed.25862 0.6109648 0.5460865 0.0273327 0.0000000 0.7703841 0.5423020 0.4948167 0.5258495 0.3413407 0.3767134 0.3473233 0.5800865 0.6109594 0.6269540 0.2736812 0.4190499 
Smed.24275 0.5549449 0.9357062 0.8159567 0.7703841 0.0000000 0.9324265 0.8649562 0.8431955 0.7113580 0.7390813 0.8755806 0.9912399 1.1627878 1.0239436 0.8176106 0.7364048 
Smed.23885 0.8647089 0.6970469 0.5803913 0.5423020 0.9324265 0.0000000 0.0268616 0.7166643 0.6130018 0.7303654 0.6275985 0.6383633 0.6752444 0.6941780 0.5875709 0.3416168 
Smed.26249 0.8021740 0.6485456 0.5316007 0.4948167 0.8649562 0.0268616 0.0000000 0.7142555 0.5636688 0.6748728 0.5767652 0.6095865 0.6730796 0.6918193 0.5384812 0.3804041 
Smed.12644 0.7746565 0.9018426 0.5604076 0.5258495 0.8431955 0.7166643 0.7142555 0.0000000 0.2774961 0.3542931 0.5433306 0.8418493 0.7188303 0.8371983 0.5192445 0.4496424 
Smed.24057 0.6212118 0.7006482 0.3728272 0.3413407 0.7113580 0.6130018 0.5636688 0.2774961 0.0000000 0.0574334 0.4621032 0.6326466 0.5708543 0.6748967 0.3515781 0.4882617 
Smed.26785 0.6305518 0.7431225 0.4088708 0.3767134 0.7390813 0.7303654 0.6748728 0.3542931 0.0574334 0.0000000 0.5030229 0.6797869 0.6461346 0.7594869 0.4407122 0.5873937 
Smed.8494  0.7247067 0.7105933 0.3798874 0.3473233 0.8755806 0.6275985 0.5767652 0.5433306 0.4621032 0.5030229 0.0000000 0.5953033 0.7271666 0.7482678 0.3499511 0.4278537 
Smed.17515 0.8075807 0.4478290 0.6198003 0.5800865 0.9912399 0.6383633 0.6095865 0.8418493 0.6326466 0.6797869 0.5953033 0.0000000 0.7088310 0.7282824 0.5883000 0.6818807 
Smed.17887 1.0148538 0.7544661 0.6496922 0.6109594 1.1627878 0.6752444 0.6730796 0.7188303 0.5708543 0.6461346 0.7271666 0.7088310 0.0000000 0.0539097 0.5716834 0.4806531 
Smed.24466 0.9961574 0.7319731 0.6669608 0.6269540 1.0239436 0.6941780 0.6918193 0.8371983 0.6748967 0.7594869 0.7482678 0.7282824 0.0539097 0.0000000 0.5864770 0.4919767 
Smed.5098  0.6939121 0.5424806 0.3044167 0.2736812 0.8176106 0.5875709 0.5384812 0.5192445 0.3515781 0.4407122 0.3499511 0.5883000 0.5716834 0.5864770 0.0000000 0.3853051 
Smed.7600  0.7679971 0.8309450 0.4519612 0.4190499 0.7364048 0.3416168 0.3804041 0.4496424 0.4882617 0.5873937 0.4278537 0.6818807 0.4806531 0.4919767 0.3853051 0.0000000 
