7
Mlig.3625  0.0000000 0.0153766 0.0050956 0.6767082 0.8582818 0.6814286 0.8533281 
Mlig.27924 0.0153766 0.0000000 0.0143896 0.6584484 0.8489432 0.6667747 0.8440311 
Mlig.3626  0.0050956 0.0143896 0.0000000 0.6748530 0.8564543 0.6795701 0.8515014 
Mlig.389   0.6767082 0.6584484 0.6748530 0.0000000 0.5847518 0.0040494 0.5806060 
Mlig.26298 0.8582818 0.8489432 0.8564543 0.5847518 0.0000000 0.5878035 0.0030080 
Mlig.388   0.6814286 0.6667747 0.6795701 0.0040494 0.5878035 0.0000000 0.5836360 
Mlig.26299 0.8533281 0.8440311 0.8515014 0.5806060 0.0030080 0.5836360 0.0000000 
