44
Mlig.6045  0.0000000 0.0000010 0.0083861 0.0041769 0.8059494 1.0815112 1.0041427 0.8692117 1.0680757 0.6943257 0.8604683 0.9055149 0.9123976 0.6970835 0.6270833 0.6191947 0.9575463 1.0489110 0.9073974 0.9098747 0.9289588 1.1043167 1.0271797 0.7230934 0.7370967 0.7082954 0.6642808 0.6699265 0.8999882 0.9079396 0.9252140 0.6029370 0.6870435 0.6449976 0.7144915 0.8326712 0.6442161 0.7314130 0.6366148 0.6339067 0.7405486 0.7154373 0.6874176 0.7630239 
Mlig.6046  0.0000010 0.0000000 0.0083861 0.0041769 0.8059494 1.0815112 1.0041427 0.8692117 1.0680757 0.6943257 0.8604683 0.9055149 0.9123976 0.6970835 0.6270833 0.6191947 0.9575463 1.0489110 0.9073974 0.9098747 0.9289588 1.1043167 1.0271797 0.7230934 0.7370967 0.7082954 0.6642808 0.6699265 0.8999882 0.9079396 0.9252140 0.6029370 0.6870435 0.6449976 0.7144915 0.8326712 0.6442161 0.7314130 0.6366148 0.6339067 0.7405486 0.7154373 0.6874176 0.7630239 
Mlig.6043  0.0083861 0.0083861 0.0000000 0.0126188 0.8103880 1.0870878 0.9744411 0.8737769 1.0736238 0.6984144 0.8650266 0.9102917 0.9172554 0.7010636 0.6306753 0.6227474 0.9710062 1.0176939 0.9121193 0.9146107 0.9337379 1.1100040 1.0324578 0.7271227 0.7411896 0.7122046 0.6680451 0.6737094 0.9047686 0.9127195 0.9300677 0.6069072 0.6911214 0.6486366 0.7185872 0.8372148 0.6479299 0.7355856 0.6403793 0.6375675 0.7447692 0.7195151 0.6912911 0.7672748 
Mlig.6044  0.0041769 0.0041769 0.0126188 0.0000000 0.7971779 1.0701810 1.0022335 0.8675498 1.0568276 0.7034225 0.8704813 0.9037818 0.9106359 0.6890468 0.6195507 0.6117023 0.9473885 1.0469118 0.9056843 0.9081567 0.9194578 1.0927247 1.0391066 0.7150147 0.7289204 0.7004199 0.6727504 0.6684694 0.9105390 0.9185013 0.9359679 0.6106173 0.6961384 0.6532614 0.7235514 0.8426313 0.6526544 0.7406091 0.6452050 0.6422729 0.7498358 0.7244548 0.6960539 0.7723502 
Mlig.45160 0.8059494 0.8059494 0.8103880 0.7971779 0.0000000 0.8361801 0.6846187 0.6677874 0.8252309 0.7678862 0.7161784 0.5176230 0.5209351 0.6369280 0.6756181 0.6674538 0.7449834 0.6979122 0.6884389 0.6900724 0.6984360 0.8198577 0.6420647 0.5400172 0.5473551 0.5315735 0.7102477 0.7056799 0.6099921 0.6046841 0.6154008 0.5995732 0.7280290 0.5481321 0.5749404 0.5099746 0.6425792 0.7142979 0.7361124 0.7188088 0.7178518 0.6990645 0.5656869 0.5382805 
Mlig.4320  1.0815112 1.0815112 1.0870878 1.0701810 0.8361801 0.0000000 0.9157738 0.9713577 0.0040901 1.0278420 1.0326113 0.9078382 0.9248063 0.8889616 1.0177395 1.0070314 0.9245118 0.9986481 0.9498612 0.9591668 1.0450750 0.9895206 0.9407704 0.8601861 0.8556051 0.8417425 1.0111216 1.0033681 0.9469776 0.9749936 0.9742705 0.9596337 1.0578624 0.8885247 0.9519747 0.9978397 0.9420872 1.0651236 1.0994064 0.9910592 1.0899914 1.0109353 0.8607810 0.9002580 
Mlig.27116 1.0041427 1.0041427 0.9744411 1.0022335 0.6846187 0.9157738 0.0000000 0.6495785 0.9042427 0.8853475 0.8733323 0.6424539 0.6425699 0.6047983 0.9212910 0.9230873 0.8328438 0.0528452 0.6787129 0.6859907 0.7916112 0.8932677 0.7661232 0.6894951 0.6927322 0.6860146 0.8787139 0.8565367 0.7814815 0.7580883 0.7937446 0.8084301 0.8516433 0.8204055 0.8522296 0.7428528 0.8827191 0.8857077 0.9072730 0.8444535 0.8887491 0.8385119 0.7967082 0.8232099 
Mlig.40161 0.8692117 0.8692117 0.8737769 0.8675498 0.6677874 0.9713577 0.6495785 0.0000000 0.9588705 0.7996057 0.6651978 0.6448199 0.6633857 0.7968981 0.7025552 0.7040902 0.7480032 0.6768000 0.0497369 0.0448229 0.7793479 0.8421722 0.7482881 0.6339405 0.6378491 0.6070476 0.7441974 0.7114706 0.6264573 0.6092918 0.6331690 0.6122980 0.7982082 0.7217496 0.7053187 0.6413205 0.7909704 0.8541631 0.8207025 0.7695928 0.8493715 0.8184763 0.6857431 0.6977320 
Mlig.4319  1.0680757 1.0680757 1.0736238 1.0568276 0.8252309 0.0040901 0.9042427 0.9588705 0.0000000 1.0145847 1.0200595 0.8963718 0.9130734 0.8773422 1.0049437 0.9943315 0.9128183 0.9863850 0.9379007 0.9470644 1.0323786 0.9778327 0.9290486 0.8659935 0.8653787 0.8474329 0.9982494 0.9906349 0.9344565 0.9624724 0.9616826 0.9479055 1.0442214 0.8771348 0.9396933 0.9856012 0.9299614 1.0518318 1.0855544 0.9784247 1.0765126 0.9981253 0.8494654 0.8888985 
Mlig.42734 0.6943257 0.6943257 0.6984144 0.7034225 0.7678862 1.0278420 0.8853475 0.7996057 1.0145847 0.0000000 0.9233883 0.7301709 0.7174514 0.6890838 0.4389643 0.4319347 0.9808418 0.9044147 0.7844751 0.7678703 0.7884975 0.9060583 0.8996234 0.8056484 0.7995639 0.7973469 0.2932122 0.3052361 0.7963883 0.7522945 0.7700598 0.6624703 0.0563573 0.6341149 0.6714092 0.6714347 0.3026423 0.3314575 0.0867627 0.3126212 0.3465432 0.3252551 0.6195312 0.6585332 
Mlig.12923 0.8604683 0.8604683 0.8650266 0.8704813 0.7161784 1.0326113 0.8733323 0.6651978 1.0200595 0.9233883 0.0000000 0.7480717 0.7603208 0.7148790 0.8319096 0.8227665 0.7423748 0.8991430 0.7120665 0.6975642 0.7641353 0.8719480 0.8472216 0.6747499 0.6850114 0.6517133 0.8765458 0.8826224 0.7158313 0.6915706 0.7273710 0.7075193 0.8924309 0.6812710 0.7466246 0.7066307 0.8908139 0.9507316 0.8894498 0.8695073 0.9602082 0.9328575 0.7033769 0.7246002 
Mlig.15727 0.9055149 0.9055149 0.9102917 0.9037818 0.5176230 0.9078382 0.6424539 0.6448199 0.8963718 0.7301709 0.7480717 0.0000000 0.0167359 0.5853448 0.7642701 0.7557400 0.7427604 0.6640076 0.6274075 0.6370540 0.5913882 0.6859277 0.5703622 0.5600893 0.5621544 0.5494581 0.6337540 0.6338805 0.6153918 0.6391150 0.6299912 0.6389439 0.7003988 0.6486797 0.7109791 0.5411177 0.6689097 0.7561877 0.6853476 0.6720351 0.7586705 0.7122163 0.6337217 0.6498663 
Mlig.15728 0.9123976 0.9123976 0.9172554 0.9106359 0.5209351 0.9248063 0.6425699 0.6633857 0.9130734 0.7174514 0.7603208 0.0167359 0.0000000 0.5881658 0.7517431 0.7432313 0.7385538 0.6643321 0.6454822 0.6553209 0.5927504 0.6996756 0.5714757 0.5627595 0.5648494 0.5520500 0.6265301 0.6266706 0.6055289 0.6291756 0.6201005 0.6421386 0.6876633 0.6521071 0.7151594 0.5435344 0.6711576 0.7597809 0.6726556 0.6744083 0.7622738 0.7151032 0.6369638 0.6532817 
Mlig.12572 0.6970835 0.6970835 0.7010636 0.6890468 0.6369280 0.8889616 0.6047983 0.7968981 0.8773422 0.6890838 0.7148790 0.5853448 0.5881658 0.0000000 0.7159418 0.7072586 0.6133514 0.6910773 0.8167862 0.8252828 0.6859221 0.7411181 0.7010089 0.5763381 0.5798300 0.5458530 0.6668848 0.6777554 0.7547301 0.7530664 0.7641847 0.5457732 0.6849313 0.6086613 0.6645585 0.6367402 0.7244270 0.7653497 0.7240836 0.7361912 0.7748600 0.7308140 0.6074725 0.6676194 
Mlig.13630 0.6270833 0.6270833 0.6306753 0.6195507 0.6756181 1.0177395 0.9212910 0.7025552 1.0049437 0.4389643 0.8319096 0.7642701 0.7517431 0.7159418 0.0000000 0.0042384 0.8224322 0.9152515 0.7216295 0.7118761 0.7951871 0.8670520 0.8172462 0.7884242 0.7655815 0.7838590 0.4488388 0.4457863 0.7471713 0.7064382 0.7360489 0.6503697 0.4204236 0.6872570 0.6687124 0.6903688 0.4626283 0.5222678 0.4065273 0.4502851 0.5397079 0.5054697 0.7065228 0.7426130 
Mlig.13632 0.6191947 0.6191947 0.6227474 0.6117023 0.6674538 1.0070314 0.9230873 0.7040902 0.9943315 0.4319347 0.8227665 0.7557400 0.7432313 0.7072586 0.0042384 0.0000000 0.8131234 0.9170608 0.7232049 0.7134338 0.7864798 0.8695355 0.8083532 0.7797685 0.7570491 0.7752764 0.4416550 0.4386005 0.7385831 0.6981655 0.7275564 0.6424614 0.4133888 0.6789335 0.6605990 0.6822059 0.4554774 0.5148275 0.3995591 0.4432164 0.5321544 0.4980516 0.6982599 0.7340355 
Mlig.6895  0.9575463 0.9575463 0.9710062 0.9473885 0.7449834 0.9245118 0.8328438 0.7480032 0.9128183 0.9808418 0.7423748 0.7427604 0.7385538 0.6133514 0.8224322 0.8131234 0.0000000 0.8520200 0.7502980 0.7404122 0.7839734 0.8825633 0.7216460 0.5906347 0.5780694 0.5608980 0.7739677 0.7753792 0.8048491 0.7910937 0.8085778 0.7114439 0.9671212 0.7753150 0.8014686 0.7933078 0.8376586 0.9493817 0.9024556 0.8743617 0.9652411 0.8879625 0.7886665 0.7717457 
Mlig.27118 1.0489110 1.0489110 1.0176939 1.0469118 0.6979122 0.9986481 0.0528452 0.6768000 0.9863850 0.9044147 0.8991430 0.6640076 0.6643321 0.6910773 0.9152515 0.9170608 0.8520200 0.0000000 0.6898404 0.6972978 0.8081789 0.9129534 0.7797059 0.7571716 0.7607452 0.7528183 0.8715579 0.8495495 0.8244224 0.7998055 0.8369963 0.8149189 0.8360964 0.8143976 0.8695409 0.7855337 0.8752084 0.8866561 0.8906512 0.8702535 0.8896857 0.8395566 0.8140046 0.8019405 
Mlig.15219 0.9073974 0.9073974 0.9121193 0.9056843 0.6884389 0.9498612 0.6787129 0.0497369 0.9379007 0.7844751 0.7120665 0.6274075 0.6454822 0.8167862 0.7216295 0.7232049 0.7502980 0.6898404 0.0000000 0.0040994 0.7713998 0.8115339 0.7335133 0.6185317 0.6391785 0.6080456 0.6998637 0.6682831 0.6624514 0.6533580 0.6693055 0.5989292 0.7988480 0.6919589 0.6863090 0.5856304 0.7579017 0.8092244 0.8211905 0.7132992 0.8051075 0.7759094 0.6422788 0.6653207 
Mlig.40160 0.9098747 0.9098747 0.9146107 0.9081567 0.6900724 0.9591668 0.6859907 0.0448229 0.9470644 0.7678703 0.6975642 0.6370540 0.6553209 0.8252828 0.7118761 0.7134338 0.7404122 0.6972978 0.0040994 0.0000000 0.7713079 0.8113251 0.7475872 0.6286301 0.6494001 0.6179448 0.7152988 0.6833607 0.6626905 0.6446579 0.6695218 0.6125029 0.7820348 0.6976843 0.6920133 0.5985804 0.7745955 0.8269781 0.8041916 0.7215992 0.8226288 0.7929657 0.6472602 0.6707029 
Mlig.22547 0.9289588 0.9289588 0.9337379 0.9194578 0.6984360 1.0450750 0.7916112 0.7793479 1.0323786 0.7884975 0.7641353 0.5913882 0.5927504 0.6859221 0.7951871 0.7864798 0.7839734 0.8081789 0.7713998 0.7713079 0.0000000 0.7961704 0.8909686 0.5624646 0.6001040 0.5880143 0.7977841 0.7925857 0.7136381 0.7279256 0.7169800 0.6624891 0.7837064 0.6982811 0.7586064 0.6970970 0.8599901 0.8762152 0.7665207 0.8019137 0.8539016 0.8649374 0.6976481 0.8018545 
Mlig.18364 1.1043167 1.1043167 1.1100040 1.0927247 0.8198577 0.9895206 0.8932677 0.8421722 0.9778327 0.9060583 0.8719480 0.6859277 0.6996756 0.7411181 0.8670520 0.8695355 0.8825633 0.9129534 0.8115339 0.8113251 0.7961704 0.0000000 0.7964374 0.6978117 0.7179015 0.6922446 0.9307331 0.9341407 0.8233250 0.8443774 0.8335536 0.8239635 0.9566334 0.7122554 0.8546761 0.7978913 0.9381622 1.0087997 0.9305349 0.9679111 1.0187718 0.9839774 0.7004486 0.8179507 
Mlig.34097 1.0271797 1.0271797 1.0324578 1.0391066 0.6420647 0.9407704 0.7661232 0.7482881 0.9290486 0.8996234 0.8472216 0.5703622 0.5714757 0.7010089 0.8172462 0.8083532 0.7216460 0.7797059 0.7335133 0.7475872 0.8909686 0.7964374 0.0000000 0.7185316 0.7197288 0.6953338 0.7450816 0.7431752 0.9089291 0.9153007 0.9120966 0.8132002 0.9015714 0.7285524 0.8000185 0.7171433 0.7646374 0.8216190 0.8886998 0.7942026 0.8281012 0.7852817 0.7175141 0.7650049 
Mlig.31379 0.7230934 0.7230934 0.7271227 0.7150147 0.5400172 0.8601861 0.6894951 0.6339405 0.8659935 0.8056484 0.6747499 0.5600893 0.5627595 0.5763381 0.7884242 0.7797685 0.5906347 0.7571716 0.6185317 0.6286301 0.5624646 0.6978117 0.7185316 0.0000000 0.0209186 0.0166901 0.6625048 0.6583520 0.6989637 0.7262090 0.7157392 0.6511845 0.8275103 0.6519248 0.7245271 0.6404391 0.6840637 0.7971548 0.8460403 0.7521336 0.8010564 0.7802380 0.6298904 0.6546957 
Mlig.31380 0.7370967 0.7370967 0.7411896 0.7289204 0.5473551 0.8556051 0.6927322 0.6378491 0.8653787 0.7995639 0.6850114 0.5621544 0.5648494 0.5798300 0.7655815 0.7570491 0.5780694 0.7607452 0.6391785 0.6494001 0.6001040 0.7179015 0.7197288 0.0209186 0.0000000 0.0209499 0.6583699 0.6542326 0.6971775 0.7245042 0.7140072 0.6644526 0.8029082 0.6643757 0.7380682 0.6598562 0.6705879 0.7737204 0.8209190 0.7379813 0.7864803 0.7658725 0.6418736 0.6670669 
Mlig.31381 0.7082954 0.7082954 0.7122046 0.7004199 0.5315735 0.8417425 0.6860146 0.6070476 0.8474329 0.7973469 0.6517133 0.5494581 0.5520500 0.5458530 0.7838590 0.7752764 0.5608980 0.7528183 0.6080456 0.6179448 0.5880143 0.6922446 0.6953338 0.0166901 0.0209499 0.0000000 0.6499182 0.6458710 0.7021767 0.7293097 0.7188788 0.6339071 0.8006661 0.6191123 0.6884726 0.6332001 0.6662404 0.7623651 0.8185055 0.7279133 0.7661523 0.7460453 0.5985046 0.6255653 
Mlig.42712 0.6642808 0.6642808 0.6680451 0.6727504 0.7102477 1.0111216 0.8787139 0.7441974 0.9982494 0.2932122 0.8765458 0.6337540 0.6265301 0.6668848 0.4488388 0.4416550 0.7739677 0.8715579 0.6998637 0.7152988 0.7977841 0.9307331 0.7450816 0.6625048 0.6583699 0.6499182 0.0000000 0.0166674 0.7870959 0.7851116 0.7924332 0.6394102 0.2855632 0.5539722 0.5948193 0.6199002 0.1536755 0.2139273 0.2593007 0.1769370 0.2109794 0.1872014 0.5721676 0.5912991 
Mlig.42713 0.6699265 0.6699265 0.6737094 0.6684694 0.7056799 1.0033681 0.8565367 0.7114706 0.9906349 0.3052361 0.8826224 0.6338805 0.6266706 0.6777554 0.4457863 0.4386005 0.7753792 0.8495495 0.6682831 0.6833607 0.7925857 0.9341407 0.7431752 0.6583520 0.6542326 0.6458710 0.0166674 0.0000000 0.7868894 0.7849104 0.7922118 0.6374814 0.2978696 0.5591805 0.6001408 0.6180230 0.1531701 0.2197259 0.2709636 0.1876875 0.2286238 0.2002924 0.5772772 0.5964741 
Mlig.42254 0.8999882 0.8999882 0.9047686 0.9105390 0.6099921 0.9469776 0.7814815 0.6264573 0.9344565 0.7963883 0.7158313 0.6153918 0.6055289 0.7547301 0.7471713 0.7385831 0.8048491 0.8244224 0.6624514 0.6626905 0.7136381 0.8233250 0.9089291 0.6989637 0.6971775 0.7021767 0.7870959 0.7868894 0.0000000 0.0337681 0.0295945 0.5629002 0.7256834 0.6587200 0.7198158 0.5325606 0.7861564 0.8642695 0.7178915 0.8355146 0.8777825 0.8412471 0.6458621 0.6892851 
Mlig.39917 0.9079396 0.9079396 0.9127195 0.9185013 0.6046841 0.9749936 0.7580883 0.6092918 0.9624724 0.7522945 0.6915706 0.6391150 0.6291756 0.7530664 0.7064382 0.6981655 0.7910937 0.7998055 0.6533580 0.6446579 0.7279256 0.8443774 0.9153007 0.7262090 0.7245042 0.7293097 0.7851116 0.7849104 0.0337681 0.0000000 0.0167045 0.5641629 0.6845629 0.6616963 0.7328888 0.5178662 0.7781853 0.8551693 0.6768877 0.8301132 0.8758382 0.8355803 0.6721130 0.7049628 
Mlig.39918 0.9252140 0.9252140 0.9300677 0.9359679 0.6154008 0.9742705 0.7937446 0.6331690 0.9616826 0.7700598 0.7273710 0.6299912 0.6201005 0.7641847 0.7360489 0.7275564 0.8085778 0.8369963 0.6693055 0.6695218 0.7169800 0.8335536 0.9120966 0.7157392 0.7140072 0.7188788 0.7924332 0.7922118 0.0295945 0.0167045 0.0000000 0.5699482 0.7012724 0.6574105 0.7286074 0.5316903 0.7854518 0.8625303 0.6935572 0.8409421 0.8832192 0.8428956 0.6606571 0.7007505 
Mlig.11155 0.6029370 0.6029370 0.6069072 0.6106173 0.5995732 0.9596337 0.8084301 0.6122980 0.9479055 0.6624703 0.7075193 0.6389439 0.6421386 0.5457732 0.6503697 0.6424614 0.7114439 0.8149189 0.5989292 0.6125029 0.6624891 0.8239635 0.8132002 0.6511845 0.6644526 0.6339071 0.6394102 0.6374814 0.5629002 0.5641629 0.5699482 0.0000000 0.6682109 0.4336375 0.4936082 0.4362949 0.6305722 0.7067716 0.6524525 0.6344189 0.7144550 0.6879148 0.4517455 0.4996850 
Mlig.31844 0.6870435 0.6870435 0.6911214 0.6961384 0.7280290 1.0578624 0.8516433 0.7982082 1.0442214 0.0563573 0.8924309 0.7003988 0.6876633 0.6849313 0.4204236 0.4133888 0.9671212 0.8360964 0.7988480 0.7820348 0.7837064 0.9566334 0.9015714 0.8275103 0.8029082 0.8006661 0.2855632 0.2978696 0.7256834 0.6845629 0.7012724 0.6682109 0.0000000 0.5830837 0.6355467 0.6196450 0.2594849 0.3141570 0.0339759 0.2614964 0.3291069 0.3081008 0.5987297 0.6452688 
Mlig.8080  0.6449976 0.6449976 0.6486366 0.6532614 0.5481321 0.8885247 0.8204055 0.7217496 0.8771348 0.6341149 0.6812710 0.6486797 0.6521071 0.6086613 0.6872570 0.6789335 0.7753150 0.8143976 0.6919589 0.6976843 0.6982811 0.7122554 0.7285524 0.6519248 0.6643757 0.6191123 0.5539722 0.5591805 0.6587200 0.6616963 0.6574105 0.4336375 0.5830837 0.0000000 0.1091199 0.3755064 0.4830680 0.5627752 0.5793743 0.5110501 0.5688732 0.5500788 0.0870476 0.1119536 
Mlig.47774 0.7144915 0.7144915 0.7185872 0.7235514 0.5749404 0.9519747 0.8522296 0.7053187 0.9396933 0.6714092 0.7466246 0.7109791 0.7151594 0.6645585 0.6687124 0.6605990 0.8014686 0.8695409 0.6863090 0.6920133 0.7586064 0.8546761 0.8000185 0.7245271 0.7380682 0.6884726 0.5948193 0.6001408 0.7198158 0.7328888 0.7286074 0.4936082 0.6355467 0.1091199 0.0000000 0.4112177 0.5308309 0.6116456 0.6047975 0.5440936 0.6180796 0.5981221 0.1239584 0.1292999 
Mlig.23715 0.8326712 0.8326712 0.8372148 0.8426313 0.5099746 0.9978397 0.7428528 0.6413205 0.9856012 0.6714347 0.7066307 0.5411177 0.5435344 0.6367402 0.6903688 0.6822059 0.7933078 0.7855337 0.5856304 0.5985804 0.6970970 0.7978913 0.7171433 0.6404391 0.6598562 0.6332001 0.6199002 0.6180230 0.5325606 0.5178662 0.5316903 0.4362949 0.6196450 0.3755064 0.4112177 0.0000000 0.5383488 0.6655452 0.6306264 0.5667526 0.6721174 0.6408144 0.3545369 0.3861185 
Mlig.4171  0.6442161 0.6442161 0.6479299 0.6526544 0.6425792 0.9420872 0.8827191 0.7909704 0.9299614 0.3026423 0.8908139 0.6689097 0.6711576 0.7244270 0.4626283 0.4554774 0.8376586 0.8752084 0.7579017 0.7745955 0.8599901 0.9381622 0.7646374 0.6840637 0.6705879 0.6662404 0.1536755 0.1531701 0.7861564 0.7781853 0.7854518 0.6305722 0.2594849 0.4830680 0.5308309 0.5383488 0.0000000 0.1539214 0.2660202 0.1206797 0.1563553 0.1429614 0.5049320 0.5218871 
Mlig.16309 0.7314130 0.7314130 0.7355856 0.7406091 0.7142979 1.0651236 0.8857077 0.8541631 1.0518318 0.3314575 0.9507316 0.7561877 0.7597809 0.7653497 0.5222678 0.5148275 0.9493817 0.8866561 0.8092244 0.8269781 0.8762152 1.0087997 0.8216190 0.7971548 0.7737204 0.7623651 0.2139273 0.2197259 0.8642695 0.8551693 0.8625303 0.7067716 0.3141570 0.5627752 0.6116456 0.6655452 0.1539214 0.0000000 0.3420615 0.1698663 0.0267531 0.0257028 0.5933437 0.5994584 
Mlig.48387 0.6366148 0.6366148 0.6403793 0.6452050 0.7361124 1.0994064 0.9072730 0.8207025 1.0855544 0.0867627 0.8894498 0.6853476 0.6726556 0.7240836 0.4065273 0.3995591 0.9024556 0.8906512 0.8211905 0.8041916 0.7665207 0.9305349 0.8886998 0.8460403 0.8209190 0.8185055 0.2593007 0.2709636 0.7178915 0.6768877 0.6935572 0.6524525 0.0339759 0.5793743 0.6047975 0.6306264 0.2660202 0.3420615 0.0000000 0.2530504 0.3577960 0.3355301 0.6175357 0.6454226 
Mlig.48429 0.6339067 0.6339067 0.6375675 0.6422729 0.7188088 0.9910592 0.8444535 0.7695928 0.9784247 0.3126212 0.8695073 0.6720351 0.6744083 0.7361912 0.4502851 0.4432164 0.8743617 0.8702535 0.7132992 0.7215992 0.8019137 0.9679111 0.7942026 0.7521336 0.7379813 0.7279133 0.1769370 0.1876875 0.8355146 0.8301132 0.8409421 0.6344189 0.2614964 0.5110501 0.5440936 0.5667526 0.1206797 0.1698663 0.2530504 0.0000000 0.1666247 0.1521842 0.5545006 0.5731891 
Mlig.33327 0.7405486 0.7405486 0.7447692 0.7498358 0.7178518 1.0899914 0.8887491 0.8493715 1.0765126 0.3465432 0.9602082 0.7586705 0.7622738 0.7748600 0.5397079 0.5321544 0.9652411 0.8896857 0.8051075 0.8226288 0.8539016 1.0187718 0.8281012 0.8010564 0.7864803 0.7661523 0.2109794 0.2286238 0.8777825 0.8758382 0.8832192 0.7144550 0.3291069 0.5688732 0.6180796 0.6721174 0.1563553 0.0267531 0.3577960 0.1666247 0.0000000 0.0304464 0.5994939 0.6056663 
Mlig.44163 0.7154373 0.7154373 0.7195151 0.7244548 0.6990645 1.0109353 0.8385119 0.8184763 0.9981253 0.3252551 0.9328575 0.7122163 0.7151032 0.7308140 0.5054697 0.4980516 0.8879625 0.8395566 0.7759094 0.7929657 0.8649374 0.9839774 0.7852817 0.7802380 0.7658725 0.7460453 0.1872014 0.2002924 0.8412471 0.8355803 0.8428956 0.6879148 0.3081008 0.5500788 0.5981221 0.6408144 0.1429614 0.0257028 0.3355301 0.1521842 0.0304464 0.0000000 0.5804652 0.5864462 
Mlig.16026 0.6874176 0.6874176 0.6912911 0.6960539 0.5656869 0.8607810 0.7967082 0.6857431 0.8494654 0.6195312 0.7033769 0.6337217 0.6369638 0.6074725 0.7065228 0.6982599 0.7886665 0.8140046 0.6422788 0.6472602 0.6976481 0.7004486 0.7175141 0.6298904 0.6418736 0.5985046 0.5721676 0.5772772 0.6458621 0.6721130 0.6606571 0.4517455 0.5987297 0.0870476 0.1239584 0.3545369 0.5049320 0.5933437 0.6175357 0.5545006 0.5994939 0.5804652 0.0000000 0.1026517 
Mlig.23992 0.7630239 0.7630239 0.7672748 0.7723502 0.5382805 0.9002580 0.8232099 0.6977320 0.8888985 0.6585332 0.7246002 0.6498663 0.6532817 0.6676194 0.7426130 0.7340355 0.7717457 0.8019405 0.6653207 0.6707029 0.8018545 0.8179507 0.7650049 0.6546957 0.6670669 0.6255653 0.5912991 0.5964741 0.6892851 0.7049628 0.7007505 0.4996850 0.6452688 0.1119536 0.1292999 0.3861185 0.5218871 0.5994584 0.6454226 0.5731891 0.6056663 0.5864462 0.1026517 0.0000000 
