7
Smed.9934  0.0000000 0.1819319 0.1862044 0.1655156 0.1170442 0.1501576 0.1501788 
Smed.5950  0.1819319 0.0000000 0.1189179 0.1090435 0.0912755 0.0903040 0.0907294 
Smed.1306  0.1862044 0.1189179 0.0000000 0.1115391 0.0933189 0.0917356 0.0927471 
Smed.4611  0.1655156 0.1090435 0.1115391 0.0000000 0.0790363 0.0781642 0.0785512 
Smed.17190 0.1170442 0.0912755 0.0933189 0.0790363 0.0000000 0.0499430 0.0605966 
Smed.20474 0.1501576 0.0903040 0.0917356 0.0781642 0.0499430 0.0000000 0.0606988 
Smed.24030 0.1501788 0.0907294 0.0927471 0.0785512 0.0605966 0.0606988 0.0000000 
