9
Smed.15214 0.0000000 1.4843423 1.2346335 1.2950860 1.2113763 0.7929255 1.2037203 1.3430097 0.7921700 
Smed.6657  1.4843423 0.0000000 0.7958928 0.8475882 0.7186388 0.7932155 0.7328945 0.7767232 0.7118393 
Smed.7381  1.2346335 0.7958928 0.0000000 0.1571639 0.0935177 0.6956803 0.0829350 0.6664835 0.6307382 
Smed.25903 1.2950860 0.8475882 0.1571639 0.0000000 0.0624126 0.6653112 0.0731366 0.7226647 0.6503427 
Smed.25904 1.2113763 0.7186388 0.0935177 0.0624126 0.0000000 0.6296343 0.0191233 0.6063675 0.6142361 
Smed.10401 0.7929255 0.7932155 0.6956803 0.6653112 0.6296343 0.0000000 0.6165730 0.6861603 0.2664638 
Smed.23025 1.2037203 0.7328945 0.0829350 0.0731366 0.0191233 0.6165730 0.0000000 0.6208410 0.6059886 
Smed.8949  1.3430097 0.7767232 0.6664835 0.7226647 0.6063675 0.6861603 0.6208410 0.0000000 0.6314821 
Smed.8950  0.7921700 0.7118393 0.6307382 0.6503427 0.6142361 0.2664638 0.6059886 0.6314821 0.0000000 
