6
Mlig.31879 0.0000000 0.0000010 0.0000010 0.3968899 0.4028046 0.3914279 
Mlig.4766  0.0000010 0.0000000 0.0000010 0.3968899 0.4028046 0.3914279 
Mlig.31880 0.0000010 0.0000010 0.0000000 0.3968899 0.4028046 0.3914279 
Mlig.31932 0.3968899 0.3968899 0.3968899 0.0000000 0.0038490 0.0038460 
Mlig.31933 0.4028046 0.4028046 0.4028046 0.0038490 0.0000000 0.0077088 
Mlig.40861 0.3914279 0.3914279 0.3914279 0.0038460 0.0077088 0.0000000 
