7
Mlig.3288  0.0000000 0.0122499 0.2672938 0.2632452 0.5763662 0.5697467 0.5697467 
Mlig.6365  0.0122499 0.0000000 0.2627262 0.2586969 0.5650833 0.5584921 0.5584921 
Mlig.43044 0.2672938 0.2627262 0.0000000 0.0024405 0.4069498 0.4123983 0.4123983 
Mlig.45090 0.2632452 0.2586969 0.0024405 0.0000000 0.4020823 0.4074900 0.4074900 
Mlig.18101 0.5763662 0.5650833 0.4069498 0.4020823 0.0000000 0.0097199 0.0097199 
Mlig.32056 0.5697467 0.5584921 0.4123983 0.4074900 0.0097199 0.0000000 0.0000010 
Mlig.40105 0.5697467 0.5584921 0.4123983 0.4074900 0.0097199 0.0000010 0.0000000 
