18
Treg.6559  0.0000000 0.0074251 0.0130202 0.0474672 0.0111820 0.0018516 0.0000010 0.0092802 0.0055627 0.0074210 0.0055622 0.0055622 0.0170605 0.0281638 0.0208910 0.0167678 0.0018516 0.0018516 
Treg.14447 0.0074251 0.0000000 0.0092891 0.0436229 0.0111811 0.0055669 0.0074251 0.0055622 0.0055685 0.0037065 0.0018520 0.0018520 0.0132611 0.0243806 0.0170817 0.0130271 0.0055661 0.0055661 
Treg.2046  0.0130202 0.0092891 0.0000000 0.0415754 0.0168048 0.0111561 0.0130202 0.0074141 0.0074148 0.0055582 0.0074224 0.0074224 0.0075479 0.0224737 0.0113417 0.0074089 0.0111544 0.0111544 
Treg.13902 0.0474672 0.0436229 0.0415754 0.0000000 0.0433909 0.0455522 0.0474672 0.0416257 0.0416307 0.0397147 0.0416735 0.0416735 0.0460930 0.0612598 0.0500377 0.0454307 0.0455461 0.0455461 
Treg.4994  0.0111820 0.0111811 0.0168048 0.0433909 0.0000000 0.0130543 0.0111820 0.0130433 0.0130581 0.0111749 0.0093055 0.0093055 0.0209232 0.0320428 0.0247747 0.0205730 0.0093128 0.0093128 
Treg.3617  0.0018516 0.0055669 0.0111561 0.0455522 0.0130543 0.0000000 0.0018516 0.0074217 0.0037072 0.0055639 0.0037068 0.0037068 0.0151631 0.0262765 0.0189893 0.0148992 0.0037055 0.0037055 
Treg.9822  0.0000010 0.0074251 0.0130202 0.0474672 0.0111820 0.0018516 0.0000000 0.0092802 0.0055627 0.0074210 0.0055622 0.0055622 0.0170605 0.0281638 0.0208910 0.0167678 0.0018516 0.0018516 
Treg.5726  0.0092802 0.0055622 0.0074141 0.0416257 0.0130433 0.0074217 0.0092802 0.0000000 0.0074238 0.0018490 0.0037037 0.0037037 0.0113419 0.0224523 0.0151513 0.0111399 0.0074205 0.0074205 
Treg.13129 0.0055627 0.0055685 0.0074148 0.0416307 0.0130581 0.0037072 0.0055627 0.0074238 0.0000000 0.0055655 0.0037079 0.0037079 0.0113430 0.0262844 0.0151528 0.0111409 0.0037066 0.0037066 
Treg.3108  0.0074210 0.0037065 0.0055582 0.0397147 0.0111749 0.0055639 0.0074210 0.0018490 0.0055655 0.0000000 0.0018510 0.0018510 0.0094501 0.0205719 0.0132547 0.0092782 0.0055630 0.0055630 
Treg.3701  0.0055622 0.0018520 0.0074224 0.0416735 0.0093055 0.0037068 0.0055622 0.0037037 0.0037079 0.0018510 0.0000000 0.0000010 0.0113549 0.0224778 0.0151687 0.0111524 0.0037062 0.0037062 
Treg.9717  0.0055622 0.0018520 0.0074224 0.0416735 0.0093055 0.0037068 0.0055622 0.0037037 0.0037079 0.0018510 0.0000010 0.0000000 0.0113549 0.0224778 0.0151687 0.0111524 0.0037062 0.0037062 
Treg.3575  0.0170605 0.0132611 0.0075479 0.0460930 0.0209232 0.0151631 0.0170605 0.0113419 0.0113430 0.0094501 0.0113549 0.0113549 0.0000000 0.0266924 0.0037045 0.0037663 0.0151607 0.0151607 
Treg.838   0.0281638 0.0243806 0.0224737 0.0612598 0.0320428 0.0262765 0.0281638 0.0224523 0.0262844 0.0205719 0.0224778 0.0224778 0.0266924 0.0000000 0.0305667 0.0262631 0.0262726 0.0262726 
Treg.94    0.0208910 0.0170817 0.0113417 0.0500377 0.0247747 0.0189893 0.0208910 0.0151513 0.0151528 0.0132547 0.0151687 0.0151687 0.0037045 0.0305667 0.0000000 0.0037710 0.0189864 0.0189864 
Treg.8909  0.0167678 0.0130271 0.0074089 0.0454307 0.0205730 0.0148992 0.0167678 0.0111399 0.0111409 0.0092782 0.0111524 0.0111524 0.0037663 0.0262631 0.0037710 0.0000000 0.0148969 0.0148969 
Treg.2889  0.0018516 0.0055661 0.0111544 0.0455461 0.0093128 0.0037055 0.0018516 0.0074205 0.0037066 0.0055630 0.0037062 0.0037062 0.0151607 0.0262726 0.0189864 0.0148969 0.0000000 0.0000010 
Treg.12969 0.0018516 0.0055661 0.0111544 0.0455461 0.0093128 0.0037055 0.0018516 0.0074205 0.0037066 0.0055630 0.0037062 0.0037062 0.0151607 0.0262726 0.0189864 0.0148969 0.0000010 0.0000000 
