6
Mlig.38966 0.0000000 0.0034387 0.0034392 0.1898479 0.1912463 0.1912463 
Mlig.33744 0.0034387 0.0000000 0.0022918 0.1899877 0.1913869 0.1913869 
Mlig.34961 0.0034392 0.0022918 0.0000000 0.1893653 0.1907645 0.1907645 
Mlig.9823  0.1898479 0.1899877 0.1893653 0.0000000 0.0017131 0.0017131 
Mlig.9824  0.1912463 0.1913869 0.1907645 0.0017131 0.0000000 0.0000010 
Mlig.9825  0.1912463 0.1913869 0.1907645 0.0017131 0.0000010 0.0000000 
