6
Mlig.31987 0.0000000 0.0022974 0.0034480 0.4529411 0.4546371 0.4546371 
Mlig.31988 0.0022974 0.0000000 0.0034481 0.4494978 0.4511907 0.4511907 
Mlig.31989 0.0034480 0.0034481 0.0000000 0.4505789 0.4522712 0.4522712 
Mlig.41714 0.4529411 0.4494978 0.4505789 0.0000000 0.0011566 0.0011566 
Mlig.41715 0.4546371 0.4511907 0.4522712 0.0011566 0.0000000 0.0000010 
Mlig.41716 0.4546371 0.4511907 0.4522712 0.0011566 0.0000010 0.0000000 
