6
Mlig.46014 0.0000000 0.0139440 0.4124960 0.2924127 0.2911175 0.2911175 
Mlig.14480 0.0139440 0.0000000 0.4166409 0.2969607 0.2956683 0.2956683 
Mlig.20992 0.4124960 0.4166409 0.0000000 0.2727604 0.2772850 0.2772850 
Mlig.44043 0.2924127 0.2969607 0.2727604 0.0000000 0.0039906 0.0039906 
Mlig.36675 0.2911175 0.2956683 0.2772850 0.0039906 0.0000000 0.0000010 
Mlig.44042 0.2911175 0.2956683 0.2772850 0.0039906 0.0000010 0.0000000 
