8
Mlig.2507  0.0000000 0.0063189 0.9282991 0.9282991 0.9282991 0.9335737 0.9335737 0.9335737 
Mlig.2508  0.0063189 0.0000000 0.9494532 0.9494532 0.9494532 0.9548733 0.9548733 0.9548733 
Mlig.5634  0.9282991 0.9494532 0.0000000 0.0000010 0.0000010 0.3186178 0.3186178 0.3186178 
Mlig.46100 0.9282991 0.9494532 0.0000010 0.0000000 0.0000010 0.3186178 0.3186178 0.3186178 
Mlig.48090 0.9282991 0.9494532 0.0000010 0.0000010 0.0000000 0.3186178 0.3186178 0.3186178 
Mlig.10153 0.9335737 0.9548733 0.3186178 0.3186178 0.3186178 0.0000000 0.0000010 0.0000010 
Mlig.10154 0.9335737 0.9548733 0.3186178 0.3186178 0.3186178 0.0000010 0.0000000 0.0000010 
Mlig.38568 0.9335737 0.9548733 0.3186178 0.3186178 0.3186178 0.0000010 0.0000010 0.0000000 
