6
Mlig.1539  0.0000000 0.0132482 0.0099202 0.5582759 0.5673107 0.5543811 
Mlig.1537  0.0132482 0.0000000 0.0098800 0.5527752 0.5617743 0.5489151 
Mlig.1538  0.0099202 0.0098800 0.0000000 0.5568184 0.5658180 0.5529438 
Mlig.25870 0.5582759 0.5527752 0.5568184 0.0000000 0.0034342 0.0067066 
Mlig.40430 0.5673107 0.5617743 0.5658180 0.0034342 0.0000000 0.0102928 
Mlig.38013 0.5543811 0.5489151 0.5529438 0.0067066 0.0102928 0.0000000 
