8
Hdim.11937 0.0000000 0.2998496 0.3415612 1.0386333 0.4839538 0.5318734 0.8243465 0.5711496 
Hdim.14459 0.2998496 0.0000000 0.2083326 0.8162368 0.2889466 0.3232239 0.6170378 0.2823543 
Hdim.9976  0.3415612 0.2083326 0.0000000 0.7566897 0.2535422 0.3474272 0.7062636 0.4073193 
Hdim.6722  1.0386333 0.8162368 0.7566897 0.0000000 0.6808207 0.8918657 1.6327037 0.9637591 
Hdim.5809  0.4839538 0.2889466 0.2535422 0.6808207 0.0000000 0.3530005 0.7244839 0.4300781 
Hdim.9585  0.5318734 0.3232239 0.3474272 0.8918657 0.3530005 0.0000000 0.7827674 0.4373722 
Hdim.171   0.8243465 0.6170378 0.7062636 1.6327037 0.7244839 0.7827674 0.0000000 0.9603386 
Hdim.6638  0.5711496 0.2823543 0.4073193 0.9637591 0.4300781 0.4373722 0.9603386 0.0000000 
