6
Mlig.43593 0.0000000 0.0133704 0.0201537 1.4673660 1.4516850 1.4582930 
Mlig.43591 0.0133704 0.0000000 0.0111528 1.4631294 1.4475099 1.4540799 
Mlig.43592 0.0201537 0.0111528 0.0000000 1.4842913 1.4684281 1.4751620 
Mlig.11101 1.4673660 1.4631294 1.4842913 0.0000000 0.0066075 0.0088230 
Mlig.11102 1.4516850 1.4475099 1.4684281 0.0066075 0.0000000 0.0021977 
Mlig.11103 1.4582930 1.4540799 1.4751620 0.0088230 0.0021977 0.0000000 
