8
Smed.20413 0.0000000 0.6278363 0.6579238 0.8706520 0.8136881 0.8706520 0.7417051 0.6579238 
Smed.1787  0.6278363 0.0000000 0.3199538 0.3573101 0.3495952 0.3573101 0.3943010 0.3199538 
Smed.12834 0.6579238 0.3199538 0.0000000 0.1590344 0.1305919 0.1590344 0.5238049 0.0000010 
Smed.12283 0.8706520 0.3573101 0.1590344 0.0000000 0.0248949 0.0000010 0.5053178 0.1590344 
Smed.15378 0.8136881 0.3495952 0.1305919 0.0248949 0.0000000 0.0248949 0.5520097 0.1305919 
Smed.21116 0.8706520 0.3573101 0.1590344 0.0000010 0.0248949 0.0000000 0.5053178 0.1590344 
Smed.36    0.7417051 0.3943010 0.5238049 0.5053178 0.5520097 0.5053178 0.0000000 0.5238049 
Smed.2124  0.6579238 0.3199538 0.0000010 0.1590344 0.1305919 0.1590344 0.5238049 0.0000000 
