9
Mlig.20204 0.0000000 0.0027172 0.0027172 1.0280062 1.0198471 1.0383312 0.9389974 0.9447370 0.9461557 
Mlig.37076 0.0027172 0.0000000 0.0000010 1.0263539 1.0182153 1.0366509 0.9374966 0.9432251 0.9446460 
Mlig.41546 0.0027172 0.0000010 0.0000000 1.0263539 1.0182153 1.0366509 0.9374966 0.9432251 0.9446460 
Mlig.23640 1.0280062 1.0263539 1.0263539 0.0000000 0.0027238 0.0027280 0.2689527 0.2653078 0.2720596 
Mlig.23641 1.0198471 1.0182153 1.0182153 0.0027238 0.0000000 0.0054651 0.2693794 0.2657279 0.2724911 
Mlig.23642 1.0383312 1.0366509 1.0366509 0.0027280 0.0054651 0.0000000 0.2730882 0.2694226 0.2762046 
Mlig.15571 0.9389974 0.9374966 0.9374966 0.2689527 0.2693794 0.2730882 0.0000000 0.0027467 0.0082527 
Mlig.15572 0.9447370 0.9432251 0.9432251 0.2653078 0.2657279 0.2694226 0.0027467 0.0000000 0.0110149 
Mlig.15570 0.9461557 0.9446460 0.9446460 0.2720596 0.2724911 0.2762046 0.0082527 0.0110149 0.0000000 
