6
Hdim.1751  0.0000000 0.6689951 0.6983600 0.5722559 1.2147654 0.7899070 
Hdim.4176  0.6689951 0.0000000 0.3906743 0.2782145 0.8399344 0.4724088 
Hdim.3382  0.6983600 0.3906743 0.0000000 0.3756486 0.7524816 0.4974359 
Hdim.8200  0.5722559 0.2782145 0.3756486 0.0000000 0.7798017 0.4941369 
Hdim.14147 1.2147654 0.8399344 0.7524816 0.7798017 0.0000000 1.0729896 
Hdim.14572 0.7899070 0.4724088 0.4974359 0.4941369 1.0729896 0.0000000 
