7
Mlig.41970 0.0000000 0.0032132 0.0000010 0.0000010 0.0000010 0.5038216 0.5123309 
Mlig.41973 0.0032132 0.0000000 0.0032132 0.0032132 0.0032132 0.4988157 0.5098376 
Mlig.41972 0.0000010 0.0032132 0.0000000 0.0000010 0.0000010 0.5038216 0.5123309 
Mlig.41971 0.0000010 0.0032132 0.0000010 0.0000000 0.0000010 0.5038216 0.5123309 
Mlig.41974 0.0000010 0.0032132 0.0000010 0.0000010 0.0000000 0.5038216 0.5123309 
Mlig.31578 0.5038216 0.4988157 0.5038216 0.5038216 0.5038216 0.0000000 0.0384402 
Mlig.33519 0.5123309 0.5098376 0.5123309 0.5123309 0.5123309 0.0384402 0.0000000 
