9
Hmic.8956  0.0000000 0.2130549 1.7300357 1.7069292 0.7710647 0.9642798 0.9203897 0.8719022 0.8719022 
Hmic.8960  0.2130549 0.0000000 1.7818297 1.7629498 0.8705299 1.3135085 0.7735636 0.9585701 0.9585701 
Hmic.8959  1.7300357 1.7818297 0.0000000 0.0333706 0.9509117 0.9550057 0.5633114 0.7318489 0.7318489 
Hmic.8961  1.7069292 1.7629498 0.0333706 0.0000000 0.9029181 0.9016460 0.6184519 0.6703906 0.6703906 
Hmic.8964  0.7710647 0.8705299 0.9509117 0.9029181 0.0000000 0.3917607 0.5091136 0.4710284 0.4710284 
Hmic.8962  0.9642798 1.3135085 0.9550057 0.9016460 0.3917607 0.0000000 0.3285410 0.2052588 0.2052588 
Hmic.8958  0.9203897 0.7735636 0.5633114 0.6184519 0.5091136 0.3285410 0.0000000 0.1009025 0.1009025 
Hmic.8957  0.8719022 0.9585701 0.7318489 0.6703906 0.4710284 0.2052588 0.1009025 0.0000000 0.0000010 
Hmic.8963  0.8719022 0.9585701 0.7318489 0.6703906 0.4710284 0.2052588 0.1009025 0.0000010 0.0000000 
