7
Treg.11415 0.0000000 0.2533585 0.3956641 0.4034426 0.3917362 0.2577514 0.1923754 
Treg.11459 0.2533585 0.0000000 0.1654224 0.1678922 0.1065114 0.2130095 0.1052955 
Treg.11448 0.3956641 0.1654224 0.0000000 0.0512483 0.0520099 0.3610413 0.2235231 
Treg.11470 0.4034426 0.1678922 0.0512483 0.0000000 0.1061265 0.3684328 0.2270668 
Treg.11437 0.3917362 0.1065114 0.0520099 0.1061265 0.0000000 0.3572525 0.1619561 
Treg.9768  0.2577514 0.2130095 0.3610413 0.3684328 0.3572525 0.0000000 0.1646046 
Treg.11426 0.1923754 0.1052955 0.2235231 0.2270668 0.1619561 0.1646046 0.0000000 
