6
Mlig.36363 0.0000000 0.0088773 0.0029534 0.0000010 0.7253132 0.7250098 
Mlig.39702 0.0088773 0.0000000 0.0118485 0.0088773 0.7203048 0.7200044 
Mlig.39703 0.0029534 0.0118485 0.0000000 0.0029534 0.7315611 0.7312538 
Mlig.39704 0.0000010 0.0088773 0.0029534 0.0000000 0.7253132 0.7250098 
Mlig.13738 0.7253132 0.7203048 0.7315611 0.7253132 0.0000000 0.0030247 
Mlig.16576 0.7250098 0.7200044 0.7312538 0.7250098 0.0030247 0.0000000 
