18
Treg.5008  0.0000000 0.8002189 0.7870725 0.7766564 0.7775667 0.7846438 0.7775667 0.7822718 0.7822718 0.9106684 0.9106684 0.9199533 0.9525990 0.9111235 0.9395443 1.0307954 0.7579886 0.7789636 
Treg.10183 0.8002189 0.0000000 0.4905005 0.5165102 0.5142394 0.5210865 0.5142394 0.5173241 0.5173241 0.4151736 0.4151736 0.4225037 0.7443549 0.7238382 0.7450549 0.2409806 0.0469844 0.0206510 
Treg.7064  0.7870725 0.4905005 0.0000000 0.0259743 0.0155234 0.0207278 0.0155234 0.0207225 0.0207225 0.5187803 0.5187803 0.5266584 0.7804983 0.7596036 0.7650524 0.6745506 0.4872295 0.4980589 
Treg.7949  0.7766564 0.5165102 0.0259743 0.0000000 0.0103078 0.0154839 0.0103078 0.0051445 0.0051445 0.5392482 0.5392482 0.5472218 0.7803266 0.7595336 0.7649558 0.7051929 0.5134624 0.5241654 
Treg.1058  0.7775667 0.5142394 0.0155234 0.0103078 0.0000000 0.0051411 0.0000010 0.0051397 0.0051397 0.5368249 0.5368249 0.5447769 0.7812667 0.7604228 0.7658642 0.7022497 0.5111765 0.5218743 
Treg.9422  0.7846438 0.5210865 0.0207278 0.0154839 0.0051411 0.0000000 0.0051411 0.0102943 0.0102943 0.5291084 0.5291084 0.5370460 0.7851932 0.7643264 0.7698004 0.7097338 0.5180920 0.5287261 
Treg.13757 0.7775667 0.5142394 0.0155234 0.0103078 0.0000010 0.0051411 0.0000000 0.0051397 0.0051397 0.5368249 0.5368249 0.5447769 0.7812667 0.7604228 0.7658642 0.7022497 0.5111765 0.5218743 
Treg.3318  0.7822718 0.5173241 0.0207225 0.0051445 0.0051397 0.0102943 0.0051397 0.0000000 0.0000010 0.5401608 0.5401608 0.5481570 0.7861064 0.7651091 0.7706224 0.7067295 0.5142762 0.5250002 
Treg.7811  0.7822718 0.5173241 0.0207225 0.0051445 0.0051397 0.0102943 0.0051397 0.0000010 0.0000000 0.5401608 0.5401608 0.5481570 0.7861064 0.7651091 0.7706224 0.7067295 0.5142762 0.5250002 
Treg.3796  0.9106684 0.4151736 0.5187803 0.5392482 0.5368249 0.5291084 0.5368249 0.5401608 0.5401608 0.0000000 0.0000010 0.0051432 0.8468747 0.8366374 0.8618299 0.5827039 0.3897231 0.4156368 
Treg.3248  0.9106684 0.4151736 0.5187803 0.5392482 0.5368249 0.5291084 0.5368249 0.5401608 0.5401608 0.0000010 0.0000000 0.0051432 0.8468747 0.8366374 0.8618299 0.5827039 0.3897231 0.4156368 
Treg.8382  0.9199533 0.4225037 0.5266584 0.5472218 0.5447769 0.5370460 0.5447769 0.5481570 0.5481570 0.0051432 0.0051432 0.0000000 0.8559805 0.8457627 0.8710555 0.5910242 0.3969529 0.4229818 
Treg.11273 0.9525990 0.7443549 0.7804983 0.7803266 0.7812667 0.7851932 0.7812667 0.7861064 0.7861064 0.8468747 0.8468747 0.8559805 0.0000000 0.0252016 0.0303732 0.9755236 0.7289931 0.7346588 
Treg.5611  0.9111235 0.7238382 0.7596036 0.7595336 0.7604228 0.7643264 0.7604228 0.7651091 0.7651091 0.8366374 0.8366374 0.8457627 0.0252016 0.0000000 0.0150777 0.9511876 0.7090797 0.7143321 
Treg.14055 0.9395443 0.7450549 0.7650524 0.7649558 0.7658642 0.7698004 0.7658642 0.7706224 0.7706224 0.8618299 0.8618299 0.8710555 0.0303732 0.0150777 0.0000000 0.9804858 0.7295318 0.7352619 
Treg.5253  1.0307954 0.2409806 0.6745506 0.7051929 0.7022497 0.7097338 0.7022497 0.7067295 0.7067295 0.5827039 0.5827039 0.5910242 0.9755236 0.9511876 0.9804858 0.0000000 0.2213634 0.2411567 
Treg.8379  0.7579886 0.0469844 0.4872295 0.5134624 0.5111765 0.5180920 0.5111765 0.5142762 0.5142762 0.3897231 0.3897231 0.3969529 0.7289931 0.7090797 0.7295318 0.2213634 0.0000000 0.0259008 
Treg.12323 0.7789636 0.0206510 0.4980589 0.5241654 0.5218743 0.5287261 0.5218743 0.5250002 0.5250002 0.4156368 0.4156368 0.4229818 0.7346588 0.7143321 0.7352619 0.2411567 0.0259008 0.0000000 
