11
Mlig.2774  0.0000000 0.0581211 0.0580457 0.0580457 0.0540714 0.0501120 0.0501120 0.0660087 0.0581211 0.0580457 0.0659453 
Mlig.13353 0.0581211 0.0000000 0.0071957 0.0071957 0.0035899 0.0071935 0.0071935 0.0072017 0.0000010 0.0071957 0.0071953 
Mlig.2766  0.0580457 0.0071957 0.0000000 0.0000010 0.0035857 0.0071851 0.0071851 0.0144315 0.0071957 0.0000010 0.0144187 
Mlig.2768  0.0580457 0.0071957 0.0000010 0.0000000 0.0035857 0.0071851 0.0071851 0.0144315 0.0071957 0.0000010 0.0144187 
Mlig.2772  0.0540714 0.0035899 0.0035857 0.0035857 0.0000000 0.0035846 0.0035846 0.0107994 0.0035899 0.0035857 0.0107900 
Mlig.2770  0.0501120 0.0071935 0.0071851 0.0071851 0.0035846 0.0000000 0.0000010 0.0144269 0.0071935 0.0071851 0.0144142 
Mlig.2773  0.0501120 0.0071935 0.0071851 0.0071851 0.0035846 0.0000010 0.0000000 0.0144269 0.0071935 0.0071851 0.0144142 
Mlig.13351 0.0660087 0.0072017 0.0144315 0.0144315 0.0107994 0.0144269 0.0144269 0.0000000 0.0072017 0.0144315 0.0144306 
Mlig.13354 0.0581211 0.0000010 0.0071957 0.0071957 0.0035899 0.0071935 0.0071935 0.0072017 0.0000000 0.0071957 0.0071953 
Mlig.2775  0.0580457 0.0071957 0.0000010 0.0000010 0.0035857 0.0071851 0.0071851 0.0144315 0.0071957 0.0000000 0.0144187 
Mlig.43306 0.0659453 0.0071953 0.0144187 0.0144187 0.0107900 0.0144142 0.0144142 0.0144306 0.0071953 0.0144187 0.0000000 
