7
Mlig.19628 0.0000000 0.0000010 0.2715363 0.2715363 0.2092217 0.2216441 0.2216441 
Mlig.19629 0.0000010 0.0000000 0.2715363 0.2715363 0.2092217 0.2216441 0.2216441 
Mlig.41635 0.2715363 0.2715363 0.0000000 0.0000010 0.2027355 0.2153662 0.2153662 
Mlig.41636 0.2715363 0.2715363 0.0000010 0.0000000 0.2027355 0.2153662 0.2153662 
Mlig.10668 0.2092217 0.2092217 0.2027355 0.2027355 0.0000000 0.0105806 0.0105806 
Mlig.4010  0.2216441 0.2216441 0.2153662 0.2153662 0.0105806 0.0000000 0.0000010 
Mlig.33411 0.2216441 0.2216441 0.2153662 0.2153662 0.0105806 0.0000010 0.0000000 
