13
Treg.126   0.0000000 0.8889085 0.8889085 0.5669717 0.6777923 0.6297446 0.6297446 0.6079333 0.5773516 0.5773516 0.6215872 0.5773516 0.5773516 
Treg.4736  0.8889085 0.0000000 0.0000010 0.7753779 0.7303434 0.7488946 0.7488946 0.7444801 0.6414705 0.6414705 0.6879044 0.6414705 0.6414705 
Treg.10042 0.8889085 0.0000010 0.0000000 0.7753779 0.7303434 0.7488946 0.7488946 0.7444801 0.6414705 0.6414705 0.6879044 0.6414705 0.6414705 
Treg.9942  0.5669717 0.7753779 0.7753779 0.0000000 0.0807200 0.0591519 0.0591519 0.2697146 0.1480854 0.1480854 0.1719197 0.1480854 0.1480854 
Treg.10043 0.6777923 0.7303434 0.7303434 0.0807200 0.0000000 0.0194837 0.0194837 0.2749229 0.1506432 0.1506432 0.1749614 0.1506432 0.1506432 
Treg.4737  0.6297446 0.7488946 0.7488946 0.0591519 0.0194837 0.0000000 0.0000010 0.2457305 0.1261087 0.1261087 0.1494657 0.1261087 0.1261087 
Treg.10044 0.6297446 0.7488946 0.7488946 0.0591519 0.0194837 0.0000010 0.0000000 0.2457305 0.1261087 0.1261087 0.1494657 0.1261087 0.1261087 
Treg.9943  0.6079333 0.7444801 0.7444801 0.2697146 0.2749229 0.2457305 0.2457305 0.0000000 0.1435285 0.1435285 0.1667811 0.1435285 0.1435285 
Treg.4831  0.5773516 0.6414705 0.6414705 0.1480854 0.1506432 0.1261087 0.1261087 0.1435285 0.0000000 0.0000010 0.0183258 0.0000010 0.0000010 
Treg.4832  0.5773516 0.6414705 0.6414705 0.1480854 0.1506432 0.1261087 0.1261087 0.1435285 0.0000010 0.0000000 0.0183258 0.0000010 0.0000010 
Treg.9944  0.6215872 0.6879044 0.6879044 0.1719197 0.1749614 0.1494657 0.1494657 0.1667811 0.0183258 0.0183258 0.0000000 0.0183258 0.0183258 
Treg.4559  0.5773516 0.6414705 0.6414705 0.1480854 0.1506432 0.1261087 0.1261087 0.1435285 0.0000010 0.0000010 0.0183258 0.0000000 0.0000010 
Treg.9941  0.5773516 0.6414705 0.6414705 0.1480854 0.1506432 0.1261087 0.1261087 0.1435285 0.0000010 0.0000010 0.0183258 0.0000010 0.0000000 
