8
Mlig.3730  0.0000000 0.2937286 0.6260298 0.6260298 0.6260298 0.0031700 0.0000010 0.2937286 
Mlig.25094 0.2937286 0.0000000 0.6227048 0.6227048 0.6227048 0.2986467 0.2937286 0.0000010 
Mlig.46950 0.6260298 0.6227048 0.0000000 0.0000010 0.0000010 0.6324555 0.6260298 0.6227048 
Mlig.46951 0.6260298 0.6227048 0.0000010 0.0000000 0.0000010 0.6324555 0.6260298 0.6227048 
Mlig.48786 0.6260298 0.6227048 0.0000010 0.0000010 0.0000000 0.6324555 0.6260298 0.6227048 
Mlig.3733  0.0031700 0.2986467 0.6324555 0.6324555 0.6324555 0.0000000 0.0031700 0.2986467 
Mlig.3736  0.0000010 0.2937286 0.6260298 0.6260298 0.6260298 0.0031700 0.0000000 0.2937286 
Mlig.21524 0.2937286 0.0000010 0.6227048 0.6227048 0.6227048 0.2986467 0.2937286 0.0000000 
