7
Smed.21315 0.0000000 1.8715528 2.0136288 1.8449278 1.9759123 1.7178269 1.7521290 
Smed.20918 1.8715528 0.0000000 0.2544737 0.3172420 0.1958284 0.2986801 0.1853346 
Smed.25719 2.0136288 0.2544737 0.0000000 0.0443118 0.1900106 0.3111126 0.1809285 
Smed.27479 1.8449278 0.3172420 0.0443118 0.0000000 0.1867071 0.3346442 0.1779392 
Smed.16936 1.9759123 0.1958284 0.1900106 0.1867071 0.0000000 0.1802432 0.0467669 
Smed.3167  1.7178269 0.2986801 0.3111126 0.3346442 0.1802432 0.0000000 0.1623876 
Smed.7636  1.7521290 0.1853346 0.1809285 0.1779392 0.0467669 0.1623876 0.0000000 
