7
Smed.25900 0.0000000 0.1002949 0.2127479 0.2127479 0.5255323 0.1002949 0.4257528 
Smed.17276 0.1002949 0.0000000 0.0935332 0.0935332 0.3333069 0.0000010 0.2805153 
Smed.17576 0.2127479 0.0935332 0.0000000 0.0000010 0.4821518 0.0935332 0.3967653 
Smed.21224 0.2127479 0.0935332 0.0000010 0.0000000 0.4821518 0.0935332 0.3967653 
Smed.21027 0.5255323 0.3333069 0.4821518 0.4821518 0.0000000 0.3333069 0.4955115 
Smed.605   0.1002949 0.0000010 0.0935332 0.0935332 0.3333069 0.0000000 0.2805153 
Smed.24294 0.4257528 0.2805153 0.3967653 0.3967653 0.4955115 0.2805153 0.0000000 
