6
Mlig.46035 0.0000000 0.0179304 0.0134274 0.1665193 0.1299678 0.1763360 
Mlig.46034 0.0179304 0.0000000 0.0044713 0.1847190 0.1457660 0.1928902 
Mlig.46036 0.0134274 0.0044713 0.0000000 0.1828822 0.1457021 0.1928005 
Mlig.3005  0.1665193 0.1847190 0.1828822 0.0000000 0.0643159 0.0594946 
Mlig.34994 0.1299678 0.1457660 0.1457021 0.0643159 0.0000000 0.0405144 
Mlig.34995 0.1763360 0.1928902 0.1928005 0.0594946 0.0405144 0.0000000 
