6
Mlig.20321 0.0000000 0.5944094 0.0110954 0.3642517 0.3683866 0.3642517 
Mlig.25422 0.5944094 0.0000000 0.6041275 0.2302907 0.2340230 0.2302907 
Mlig.23398 0.0110954 0.6041275 0.0000000 0.3719610 0.3761235 0.3719610 
Mlig.25423 0.3642517 0.2302907 0.3719610 0.0000000 0.0027941 0.0000010 
Mlig.1156  0.3683866 0.2340230 0.3761235 0.0027941 0.0000000 0.0027941 
Mlig.35450 0.3642517 0.2302907 0.3719610 0.0000010 0.0027941 0.0000000 
