11
Mlig.11187 0.0000000 0.3048240 0.3040509 0.3098874 0.4188011 0.4188011 0.2184185 0.2184185 0.2184185 0.1106266 0.1083471 
Mlig.505   0.3048240 0.0000000 0.0046266 0.0092629 0.2672789 0.2672789 0.2475148 0.2475148 0.2475148 0.3932783 0.3822707 
Mlig.504   0.3040509 0.0046266 0.0000000 0.0046189 0.2703057 0.2703057 0.2537355 0.2537355 0.2537355 0.3919197 0.3809879 
Mlig.506   0.3098874 0.0092629 0.0046189 0.0000000 0.2757310 0.2757310 0.2593407 0.2593407 0.2593407 0.3980304 0.3870729 
Mlig.818   0.4188011 0.2672789 0.2703057 0.2757310 0.0000000 0.0000010 0.3447223 0.3447223 0.3447223 0.5118554 0.4931793 
Mlig.819   0.4188011 0.2672789 0.2703057 0.2757310 0.0000010 0.0000000 0.3447223 0.3447223 0.3447223 0.5118554 0.4931793 
Mlig.33410 0.2184185 0.2475148 0.2537355 0.2593407 0.3447223 0.3447223 0.0000000 0.0000010 0.0000010 0.2671103 0.2478213 
Mlig.37457 0.2184185 0.2475148 0.2537355 0.2593407 0.3447223 0.3447223 0.0000010 0.0000000 0.0000010 0.2671103 0.2478213 
Mlig.37458 0.2184185 0.2475148 0.2537355 0.2593407 0.3447223 0.3447223 0.0000010 0.0000010 0.0000000 0.2671103 0.2478213 
Mlig.10513 0.1106266 0.3932783 0.3919197 0.3980304 0.5118554 0.5118554 0.2671103 0.2671103 0.2671103 0.0000000 0.0475224 
Mlig.10514 0.1083471 0.3822707 0.3809879 0.3870729 0.4931793 0.4931793 0.2478213 0.2478213 0.2478213 0.0475224 0.0000000 
