15
Mlig.25722 0.0000000 0.8661548 0.8661548 0.8717501 0.6397075 0.6007611 0.6124582 0.6072898 0.0109704 0.0146542 0.0072786 0.5240297 0.5154421 0.6501364 0.6467194 
Mlig.20546 0.8661548 0.0000000 0.0000010 0.0144962 0.7454697 0.8031768 0.7991492 0.7923541 0.8362546 0.8276258 0.8478994 0.8099783 0.7924829 0.7627491 0.7621074 
Mlig.20547 0.8661548 0.0000010 0.0000000 0.0144962 0.7454697 0.8031768 0.7991492 0.7923541 0.8362546 0.8276258 0.8478994 0.8099783 0.7924829 0.7627491 0.7621074 
Mlig.20548 0.8717501 0.0144962 0.0144962 0.0000000 0.7415688 0.7992013 0.7951715 0.7883988 0.8416542 0.8329758 0.8533744 0.8059934 0.7885184 0.7587793 0.7581263 
Mlig.3688  0.6397075 0.7454697 0.7454697 0.7415688 0.0000000 0.2887058 0.3026956 0.3003489 0.6107694 0.6035492 0.6200436 0.3360846 0.3181682 0.0223374 0.0186805 
Mlig.12507 0.6007611 0.8031768 0.8031768 0.7992013 0.2887058 0.0000000 0.0110204 0.0109612 0.5879381 0.5808858 0.5969402 0.3548308 0.3670682 0.2956508 0.2918720 
Mlig.12508 0.6124582 0.7991492 0.7991492 0.7951715 0.3026956 0.0110204 0.0000000 0.0073178 0.5994064 0.5922532 0.6085697 0.3630070 0.3753595 0.3098526 0.3060885 
Mlig.12509 0.6072898 0.7923541 0.7923541 0.7883988 0.3003489 0.0109612 0.0073178 0.0000000 0.5943725 0.5872826 0.6034409 0.3601382 0.3723945 0.3074264 0.3036817 
Mlig.46708 0.0109704 0.8362546 0.8362546 0.8416542 0.6107694 0.5879381 0.5994064 0.5943725 0.0000000 0.0036157 0.0036215 0.4989726 0.4906295 0.6209068 0.6174933 
Mlig.46709 0.0146542 0.8276258 0.8276258 0.8329758 0.6035492 0.5808858 0.5922532 0.5872826 0.0036157 0.0000000 0.0072564 0.4925132 0.4842145 0.6136324 0.6102137 
Mlig.46710 0.0072786 0.8478994 0.8478994 0.8533744 0.6200436 0.5969402 0.6085697 0.6034409 0.0036215 0.0072564 0.0000000 0.5069656 0.4985422 0.6302791 0.6268625 
Mlig.25557 0.5240297 0.8099783 0.8099783 0.8059934 0.3360846 0.3548308 0.3630070 0.3601382 0.4989726 0.4925132 0.5069656 0.0000000 0.0110419 0.3478439 0.3441721 
Mlig.41111 0.5154421 0.7924829 0.7924829 0.7885184 0.3181682 0.3670682 0.3753595 0.3723945 0.4906295 0.4842145 0.4985422 0.0110419 0.0000000 0.3419131 0.3382304 
Mlig.36081 0.6501364 0.7627491 0.7627491 0.7587793 0.0223374 0.2956508 0.3098526 0.3074264 0.6209068 0.6136324 0.6302791 0.3478439 0.3419131 0.0000000 0.0187350 
Mlig.38996 0.6467194 0.7621074 0.7621074 0.7581263 0.0186805 0.2918720 0.3060885 0.3036817 0.6174933 0.6102137 0.6268625 0.3441721 0.3382304 0.0187350 0.0000000 
