8
Csin.2487  0.0000000 0.0975853 0.0375871 0.0375871 0.2292375 0.0375871 0.0375871 0.0566247 
Csin.6547  0.0975853 0.0000000 0.0567374 0.0567374 0.2516629 0.0567374 0.0567374 0.0759772 
Csin.9041  0.0375871 0.0567374 0.0000000 0.0000010 0.1812704 0.0000010 0.0000010 0.0183097 
Csin.8538  0.0375871 0.0567374 0.0000010 0.0000000 0.1812704 0.0000010 0.0000010 0.0183097 
Csin.9927  0.2292375 0.2516629 0.1812704 0.1812704 0.0000000 0.1812704 0.1812704 0.1797209 
Csin.9869  0.0375871 0.0567374 0.0000010 0.0000010 0.1812704 0.0000000 0.0000010 0.0183097 
Csin.3130  0.0375871 0.0567374 0.0000010 0.0000010 0.1812704 0.0000010 0.0000000 0.0183097 
Csin.8158  0.0566247 0.0759772 0.0183097 0.0183097 0.1797209 0.0183097 0.0183097 0.0000000 
