16
Smed.27080 0.0000000 1.2034150 1.1621053 1.2044820 0.5092397 0.5903418 0.3664152 0.2737780 0.4533747 0.4311418 0.3790237 0.3816481 0.3572801 0.3855956 0.4110068 0.4179578 
Smed.23083 1.2034150 0.0000000 0.0370682 0.0639671 0.9545684 1.3469407 0.8916010 1.0004562 0.8824412 0.9556212 0.9313422 0.8625509 0.8927251 0.9436070 0.8459434 0.8526922 
Smed.4848  1.1621053 0.0370682 0.0000000 0.0262352 0.8878810 1.3106910 0.8502354 0.9460827 0.8232663 0.8966791 0.8877720 0.8199600 0.8496157 0.8975566 0.7877744 0.7936548 
Smed.26755 1.2044820 0.0639671 0.0262352 0.0000000 0.9028197 1.3490239 0.8707386 0.9888967 0.8353066 0.9129064 0.9015124 0.8397563 0.8617380 0.9117589 0.7997550 0.8057674 
Smed.6800  0.5092397 0.9545684 0.8878810 0.9028197 0.0000000 0.5423273 0.1256415 0.2523592 0.1112894 0.1327025 0.1229174 0.1103842 0.1245999 0.1264470 0.0952897 0.0977488 
Smed.26525 0.5903418 1.3469407 1.3106910 1.3490239 0.5423273 0.0000000 0.3899348 0.4536816 0.4414249 0.4240232 0.3453994 0.3945952 0.3787521 0.3843724 0.4409868 0.4391485 
Smed.17477 0.3664152 0.8916010 0.8502354 0.8707386 0.1256415 0.3899348 0.0000000 0.1528944 0.0933481 0.0604234 0.0668554 0.0480081 0.0884450 0.0699673 0.0794885 0.0808871 
Smed.25996 0.2737780 1.0004562 0.9460827 0.9888967 0.2523592 0.4536816 0.1528944 0.0000000 0.2027337 0.1682229 0.1473625 0.1297294 0.1392134 0.1338262 0.1825178 0.1819530 
Smed.26607 0.4533747 0.8824412 0.8232663 0.8353066 0.1112894 0.4414249 0.0933481 0.2027337 0.0000000 0.1169077 0.0770892 0.0905165 0.0785156 0.0885692 0.0209154 0.0196236 
Smed.26776 0.4311418 0.9556212 0.8966791 0.9129064 0.1327025 0.4240232 0.0604234 0.1682229 0.1169077 0.0000000 0.0716093 0.0385580 0.0940889 0.0792175 0.1001341 0.1000158 
Smed.25927 0.3790237 0.9313422 0.8877720 0.9015124 0.1229174 0.3453994 0.0668554 0.1473625 0.0770892 0.0716093 0.0000000 0.0602230 0.0487782 0.0416452 0.0775965 0.0775592 
Smed.19930 0.3816481 0.8625509 0.8199600 0.8397563 0.1103842 0.3945952 0.0480081 0.1297294 0.0905165 0.0385580 0.0602230 0.0000000 0.0745381 0.0619099 0.0749729 0.0749437 
Smed.27559 0.3572801 0.8927251 0.8496157 0.8617380 0.1245999 0.3787521 0.0884450 0.1392134 0.0785156 0.0940889 0.0487782 0.0745381 0.0000000 0.0653660 0.0790243 0.0789839 
Smed.10593 0.3855956 0.9436070 0.8975566 0.9117589 0.1264470 0.3843724 0.0699673 0.1338262 0.0885692 0.0792175 0.0416452 0.0619099 0.0653660 0.0000000 0.0696417 0.0696269 
Smed.5720  0.4110068 0.8459434 0.7877744 0.7997550 0.0952897 0.4409868 0.0794885 0.1825178 0.0209154 0.1001341 0.0775965 0.0749729 0.0790243 0.0696417 0.0000000 0.0097675 
Smed.27763 0.4179578 0.8526922 0.7936548 0.8057674 0.0977488 0.4391485 0.0808871 0.1819530 0.0196236 0.1000158 0.0775592 0.0749437 0.0789839 0.0696269 0.0097675 0.0000000 
