6
Mlig.35090 0.0000000 0.0415816 0.0274543 0.8185070 0.8229143 0.8177518 
Mlig.35091 0.0415816 0.0000000 0.0136480 0.8455676 0.8499703 0.8447276 
Mlig.35092 0.0274543 0.0136480 0.0000000 0.8249010 0.8293238 0.8241236 
Mlig.9762  0.8185070 0.8455676 0.8249010 0.0000000 0.0188483 0.0216040 
Mlig.9763  0.8229143 0.8499703 0.8293238 0.0188483 0.0000000 0.0080680 
Mlig.9764  0.8177518 0.8447276 0.8241236 0.0216040 0.0080680 0.0000000 
