7
Mlig.15733 0.0000000 0.0606014 0.1589774 0.1650533 0.1589774 0.0606014 0.0000010 
Mlig.35565 0.0606014 0.0000000 0.1208979 0.1267962 0.1208979 0.0000010 0.0606014 
Mlig.13117 0.1589774 0.1208979 0.0000000 0.0053271 0.0000010 0.1208979 0.1589774 
Mlig.16682 0.1650533 0.1267962 0.0053271 0.0000000 0.0053271 0.1267962 0.1650533 
Mlig.16683 0.1589774 0.1208979 0.0000010 0.0053271 0.0000000 0.1208979 0.1589774 
Mlig.35566 0.0606014 0.0000010 0.1208979 0.1267962 0.1208979 0.0000000 0.0606014 
Mlig.31257 0.0000010 0.0606014 0.1589774 0.1650533 0.1589774 0.0606014 0.0000000 
