6
Mlig.41468 0.0000000 0.0024361 0.0008115 0.3758809 0.3728149 0.3728188 
Mlig.41466 0.0024361 0.0000000 0.0016237 0.3725517 0.3694879 0.3694918 
Mlig.41467 0.0008115 0.0016237 0.0000000 0.3747084 0.3716442 0.3716480 
Mlig.29696 0.3758809 0.3725517 0.3747084 0.0000000 0.0047460 0.0055392 
Mlig.7871  0.3728149 0.3694879 0.3716442 0.0047460 0.0000000 0.0007896 
Mlig.29695 0.3728188 0.3694918 0.3716480 0.0055392 0.0007896 0.0000000 
