9
Mlig.13155 0.0000000 0.0000010 0.0039956 1.1224824 1.1310603 1.1302770 1.3332463 1.3398596 1.3255887 
Mlig.45106 0.0000010 0.0000000 0.0039956 1.1224824 1.1310603 1.1302770 1.3332463 1.3398596 1.3255887 
Mlig.18589 0.0039956 0.0039956 0.0000000 1.1225687 1.1311537 1.1303697 1.3334788 1.3400962 1.3397155 
Mlig.18590 1.1224824 1.1224824 1.1225687 0.0000000 0.0061272 0.0061233 1.1385281 1.1628666 1.1626846 
Mlig.18592 1.1310603 1.1310603 1.1311537 0.0061272 0.0000000 0.0040747 1.1541327 1.1787363 1.1785381 
Mlig.45100 1.1302770 1.1302770 1.1303697 0.0061233 0.0040747 0.0000000 1.1423039 1.1667148 1.1665289 
Mlig.18588 1.3332463 1.3332463 1.3334788 1.1385281 1.1541327 1.1423039 0.0000000 0.0142664 0.0142749 
Mlig.13154 1.3398596 1.3398596 1.3400962 1.1628666 1.1787363 1.1667148 0.0142664 0.0000000 0.0040455 
Mlig.45105 1.3255887 1.3255887 1.3397155 1.1626846 1.1785381 1.1665289 0.0142749 0.0040455 0.0000000 
