20
Mlig.10171 0.0000000 0.0064270 0.7536959 0.7658867 1.1217976 1.1087049 1.1087049 1.1556276 1.1622424 1.1622424 1.1795078 1.1795078 1.1795078 1.2491769 1.1361055 1.2312908 1.1449104 1.2519560 1.1462240 1.2105141 
Mlig.44107 0.0064270 0.0000000 0.7588940 0.7711577 1.1337318 1.1204827 1.1204827 1.1620211 1.1686491 1.1686491 1.1914190 1.1914190 1.1914190 1.2614067 1.1483398 1.2382953 1.1511599 1.2590929 1.1525323 1.2173347 
Mlig.32647 0.7536959 0.7588940 0.0000000 0.0508643 1.0306671 1.0362039 1.0362039 1.0972683 1.1378666 1.1378666 1.1760185 1.1760185 1.1760185 1.2569607 1.1001514 1.1954481 1.1218647 1.2280011 1.0924434 1.1497530 
Mlig.40659 0.7658867 0.7711577 0.0508643 0.0000000 1.0679522 1.0735421 1.0735421 1.1389767 1.1671638 1.1671638 1.2186225 1.2186225 1.2186225 1.3102617 1.1433719 1.2400127 1.1641950 1.2734815 1.1340000 1.1962844 
Mlig.32645 1.1217976 1.1337318 1.0306671 1.0679522 0.0000000 0.0126012 0.0126012 0.7562495 0.7775132 0.7775132 1.0166363 1.0166363 1.0166363 0.9153299 0.7440175 0.7589375 0.7800780 0.8765280 0.7653487 0.8040642 
Mlig.10170 1.1087049 1.1204827 1.0362039 1.0735421 0.0126012 0.0000000 0.0000010 0.7824007 0.7960083 0.7960083 1.0191752 1.0191752 1.0191752 0.9039520 0.7620216 0.7769867 0.7985687 0.8906600 0.7839447 0.8230304 
Mlig.44106 1.1087049 1.1204827 1.0362039 1.0735421 0.0126012 0.0000010 0.0000000 0.7824007 0.7960083 0.7960083 1.0191752 1.0191752 1.0191752 0.9039520 0.7620216 0.7769867 0.7985687 0.8906600 0.7839447 0.8230304 
Mlig.643   1.1556276 1.1620211 1.0972683 1.1389767 0.7562495 0.7824007 0.7824007 0.0000000 0.0877845 0.0877845 0.9767558 0.9767558 0.9767558 0.8473668 0.1220859 0.1485347 0.1161636 0.1905906 0.0171892 0.1244279 
Mlig.18222 1.1622424 1.1686491 1.1378666 1.1671638 0.7775132 0.7960083 0.7960083 0.0877845 0.0000000 0.0000010 1.0035714 1.0035714 1.0035714 0.8540452 0.0900938 0.1217398 0.1022133 0.1725465 0.0895144 0.1585539 
Mlig.46674 1.1622424 1.1686491 1.1378666 1.1671638 0.7775132 0.7960083 0.7960083 0.0877845 0.0000010 0.0000000 1.0035714 1.0035714 1.0035714 0.8540452 0.0900938 0.1217398 0.1022133 0.1725465 0.0895144 0.1585539 
Mlig.19116 1.1795078 1.1914190 1.1760185 1.2186225 1.0166363 1.0191752 1.0191752 0.9767558 1.0035714 1.0035714 0.0000000 0.0000010 0.0000010 0.5885448 0.9220056 0.9860994 0.9386446 1.0734709 0.9914985 0.9742426 
Mlig.19118 1.1795078 1.1914190 1.1760185 1.2186225 1.0166363 1.0191752 1.0191752 0.9767558 1.0035714 1.0035714 0.0000010 0.0000000 0.0000010 0.5885448 0.9220056 0.9860994 0.9386446 1.0734709 0.9914985 0.9742426 
Mlig.48547 1.1795078 1.1914190 1.1760185 1.2186225 1.0166363 1.0191752 1.0191752 0.9767558 1.0035714 1.0035714 0.0000010 0.0000010 0.0000000 0.5885448 0.9220056 0.9860994 0.9386446 1.0734709 0.9914985 0.9742426 
Mlig.9087  1.2491769 1.2614067 1.2569607 1.3102617 0.9153299 0.9039520 0.9039520 0.8473668 0.8540452 0.8540452 0.5885448 0.5885448 0.5885448 0.0000000 0.7930117 0.8824704 0.7979962 0.8641901 0.8567395 0.7818435 
Mlig.2795  1.1361055 1.1483398 1.1001514 1.1433719 0.7440175 0.7620216 0.7620216 0.1220859 0.0900938 0.0900938 0.9220056 0.9220056 0.9220056 0.7930117 0.0000000 0.0872741 0.0928997 0.1664937 0.1161442 0.1593420 
Mlig.642   1.2312908 1.2382953 1.1954481 1.2400127 0.7589375 0.7769867 0.7769867 0.1485347 0.1217398 0.1217398 0.9860994 0.9860994 0.9860994 0.8824704 0.0872741 0.0000000 0.0955762 0.1989639 0.1459417 0.2093915 
Mlig.8024  1.1449104 1.1511599 1.1218647 1.1641950 0.7800780 0.7985687 0.7985687 0.1161636 0.1022133 0.1022133 0.9386446 0.9386446 0.9386446 0.7979962 0.0928997 0.0955762 0.0000000 0.1846745 0.1103220 0.1795982 
Mlig.4820  1.2519560 1.2590929 1.2280011 1.2734815 0.8765280 0.8906600 0.8906600 0.1905906 0.1725465 0.1725465 1.0734709 1.0734709 1.0734709 0.8641901 0.1664937 0.1989639 0.1846745 0.0000000 0.1838427 0.1569503 
Mlig.8025  1.1462240 1.1525323 1.0924434 1.1340000 0.7653487 0.7839447 0.7839447 0.0171892 0.0895144 0.0895144 0.9914985 0.9914985 0.9914985 0.8567395 0.1161442 0.1459417 0.1103220 0.1838427 0.0000000 0.1261626 
Mlig.8027  1.2105141 1.2173347 1.1497530 1.1962844 0.8040642 0.8230304 0.8230304 0.1244279 0.1585539 0.1585539 0.9742426 0.9742426 0.9742426 0.7818435 0.1593420 0.2093915 0.1795982 0.1569503 0.1261626 0.0000000 
