9
Mcor.4113  0.0000000 1.1013901 1.0979593 0.9815957 0.8217577 2.4203525 2.5624740 0.7805927 0.8281082 
Mcor.14415 1.1013901 0.0000000 0.9716912 0.7353194 0.7537168 1.6467972 2.0319500 0.6743728 0.6644493 
Mcor.6256  1.0979593 0.9716912 0.0000000 0.2853004 0.4226447 1.0556903 1.1992645 0.2502701 0.2813651 
Mcor.4887  0.9815957 0.7353194 0.2853004 0.0000000 0.2522910 0.9482119 0.8140827 0.1364070 0.2275600 
Mcor.5371  0.8217577 0.7537168 0.4226447 0.2522910 0.0000000 1.0372696 1.1130562 0.2171557 0.3211399 
Mcor.7056  2.4203525 1.6467972 1.0556903 0.9482119 1.0372696 0.0000000 0.9798138 0.9476368 0.9469478 
Mcor.12651 2.5624740 2.0319500 1.1992645 0.8140827 1.1130562 0.9798138 0.0000000 0.9854502 1.0061087 
Mcor.13462 0.7805927 0.6743728 0.2502701 0.1364070 0.2171557 0.9476368 0.9854502 0.0000000 0.0805842 
Mcor.13795 0.8281082 0.6644493 0.2813651 0.2275600 0.3211399 0.9469478 1.0061087 0.0805842 0.0000000 
