6
Hdim.7436  0.0000000 0.7313686 0.7313686 1.7315433 1.0114555 0.9960820 
Hdim.826   0.7313686 0.0000000 0.0000010 1.0111261 0.5452854 0.9162850 
Hdim.3730  0.7313686 0.0000010 0.0000000 1.0111261 0.5452854 0.9162850 
Hdim.7397  1.7315433 1.0111261 1.0111261 0.0000000 1.2164082 1.6757815 
Hdim.7261  1.0114555 0.5452854 0.5452854 1.2164082 0.0000000 1.2595205 
Hdim.7262  0.9960820 0.9162850 0.9162850 1.6757815 1.2595205 0.0000000 
