6
Mlig.26284 0.0000000 0.5927159 0.5955802 0.5927159 0.0054548 0.0109433 
Mlig.17832 0.5927159 0.0000000 0.0107362 0.0000010 0.5890635 0.5780798 
Mlig.17831 0.5955802 0.0107362 0.0000000 0.0107362 0.5971881 0.5861304 
Mlig.32750 0.5927159 0.0000010 0.0107362 0.0000000 0.5890635 0.5780798 
Mlig.25839 0.0054548 0.5890635 0.5971881 0.5890635 0.0000000 0.0054104 
Mlig.26285 0.0109433 0.5780798 0.5861304 0.5780798 0.0054104 0.0000000 
