6
Mlig.9524  0.0000000 0.0024910 0.0125125 0.3548462 0.3134249 0.3170383 
Mlig.9525  0.0024910 0.0000000 0.0150217 0.3545726 0.3165208 0.3201438 
Mlig.9526  0.0125125 0.0150217 0.0000000 0.3512907 0.3099992 0.3135995 
Mlig.9252  0.3548462 0.3545726 0.3512907 0.0000000 0.0302037 0.0379246 
Mlig.9253  0.3134249 0.3165208 0.3099992 0.0302037 0.0000000 0.0074704 
Mlig.21999 0.3170383 0.3201438 0.3135995 0.0379246 0.0074704 0.0000000 
