16
Smed.9627  0.0000000 0.5350785 1.0600844 0.3427479 0.4201243 0.2919110 0.3989808 0.4222793 0.2735687 0.3603995 0.7001220 0.7186641 0.3165275 0.2945925 0.2752701 0.2758634 
Smed.15766 0.5350785 0.0000000 1.3094261 0.9461266 0.4514305 0.4004051 0.4044307 0.4501122 0.3683014 0.3944423 0.7564133 0.8025791 0.3950483 0.3705302 0.3519546 0.3507866 
Smed.10562 1.0600844 1.3094261 0.0000000 2.0590199 0.9101376 0.9973023 1.1384633 0.9146517 0.9138260 0.8882529 1.1436703 1.3280567 0.9589547 0.9329072 0.9006835 0.8620410 
Smed.13932 0.3427479 0.9461266 2.0590199 0.0000000 0.8983859 0.7182334 0.7825887 0.8235001 0.6918014 0.8270155 1.2567214 1.3245563 0.7198443 0.7251337 0.7217909 0.7251822 
Smed.1681  0.4201243 0.4514305 0.9101376 0.8983859 0.0000000 0.1683078 0.2214714 0.1661126 0.1702598 0.2022683 0.4554987 0.4915925 0.1503995 0.1504767 0.2387544 0.1739218 
Smed.8741  0.2919110 0.4004051 0.9973023 0.7182334 0.1683078 0.0000000 0.2653614 0.1893026 0.0936838 0.1855049 0.5080333 0.4631923 0.1100012 0.0765907 0.1306473 0.0616576 
Smed.23    0.3989808 0.4044307 1.1384633 0.7825887 0.2214714 0.2653614 0.0000000 0.1794098 0.2001149 0.1790953 0.6214032 0.4541198 0.1987215 0.1801788 0.1910724 0.2074987 
Smed.2309  0.4222793 0.4501122 0.9146517 0.8235001 0.1661126 0.1893026 0.1794098 0.0000000 0.1689785 0.1424592 0.5498941 0.4600853 0.1144833 0.1553942 0.1937969 0.1334902 
Smed.9098  0.2735687 0.3683014 0.9138260 0.6918014 0.1702598 0.0936838 0.2001149 0.1689785 0.0000000 0.1277510 0.4189039 0.3980770 0.0749086 0.0289582 0.1106763 0.0447217 
Smed.3035  0.3603995 0.3944423 0.8882529 0.8270155 0.2022683 0.1855049 0.1790953 0.1424592 0.1277510 0.0000000 0.5285155 0.4390363 0.1639517 0.1506936 0.1659776 0.1104514 
Smed.12658 0.7001220 0.7564133 1.1436703 1.2567214 0.4554987 0.5080333 0.6214032 0.5498941 0.4189039 0.5285155 0.0000000 0.8569144 0.4584885 0.4450636 0.5494895 0.4615069 
Smed.14909 0.7186641 0.8025791 1.3280567 1.3245563 0.4915925 0.4631923 0.4541198 0.4600853 0.3980770 0.4390363 0.8569144 0.0000000 0.4294405 0.3850184 0.4301164 0.3766194 
Smed.858   0.3165275 0.3950483 0.9589547 0.7198443 0.1503995 0.1100012 0.1987215 0.1144833 0.0749086 0.1639517 0.4584885 0.4294405 0.0000000 0.0612387 0.1291612 0.0765487 
Smed.8622  0.2945925 0.3705302 0.9329072 0.7251337 0.1504767 0.0765907 0.1801788 0.1553942 0.0289582 0.1506936 0.4450636 0.3850184 0.0612387 0.0000000 0.0970603 0.0305437 
Smed.1623  0.2752701 0.3519546 0.9006835 0.7217909 0.2387544 0.1306473 0.1910724 0.1937969 0.1106763 0.1659776 0.5494895 0.4301164 0.1291612 0.0970603 0.0000000 0.0607901 
Smed.14502 0.2758634 0.3507866 0.8620410 0.7251822 0.1739218 0.0616576 0.2074987 0.1334902 0.0447217 0.1104514 0.4615069 0.3766194 0.0765487 0.0305437 0.0607901 0.0000000 
