12
Emul.2120  0.0000000 0.0154778 0.0077125 0.1348774 0.1873269 0.1777695 0.1689722 0.1684499 0.0311647 0.0155685 0.0077125 0.0312983 
Emul.3026  0.0154778 0.0000000 0.0077030 0.1346929 0.1680028 0.1586015 0.1687282 0.1682074 0.0154622 0.0155492 0.0077030 0.0312591 
Emul.4040  0.0077125 0.0077030 0.0000000 0.1257831 0.1774532 0.1679843 0.1592311 0.1587405 0.0232643 0.0077480 0.0000010 0.0233633 
Emul.4439  0.1348774 0.1346929 0.1257831 0.0000000 0.3230821 0.3120120 0.3023797 0.2768887 0.1345169 0.1355524 0.1257831 0.1351399 
Emul.5     0.1873269 0.1680028 0.1774532 0.3230821 0.0000000 0.0079934 0.0324754 0.0323812 0.1678813 0.1883103 0.1774532 0.2074927 
Emul.2247  0.1777695 0.1586015 0.1679843 0.3120120 0.0079934 0.0000000 0.0242764 0.0242062 0.1775715 0.1787002 0.1679843 0.1977486 
Emul.77    0.1689722 0.1687282 0.1592311 0.3023797 0.0324754 0.0242764 0.0000000 0.0161441 0.1879347 0.1495164 0.1592311 0.1888575 
Emul.2185  0.1684499 0.1682074 0.1587405 0.2768887 0.0323812 0.0242062 0.0161441 0.0000000 0.1873523 0.1693304 0.1587405 0.1882695 
Emul.99    0.0311647 0.0154622 0.0232643 0.1345169 0.1678813 0.1775715 0.1879347 0.1873523 0.0000000 0.0313099 0.0232643 0.0312221 
Emul.2245  0.0155685 0.0155492 0.0077480 0.1355524 0.1883103 0.1787002 0.1495164 0.1693304 0.0313099 0.0000000 0.0077480 0.0314445 
Emul.2248  0.0077125 0.0077030 0.0000010 0.1257831 0.1774532 0.1679843 0.1592311 0.1587405 0.0232643 0.0077480 0.0000000 0.0233633 
Emul.4447  0.0312983 0.0312591 0.0233633 0.1351399 0.2074927 0.1977486 0.1888575 0.1882695 0.0312221 0.0314445 0.0233633 0.0000000 
