7
Mlig.14856 0.0000000 0.0060054 0.7642364 0.7691332 0.7714256 0.8516719 0.8525201 
Mlig.48923 0.0060054 0.0000000 0.7619186 0.7668090 0.7690940 0.8567935 0.8576303 
Mlig.43223 0.7642364 0.7619186 0.0000000 0.0028795 0.0057730 0.5720275 0.5731732 
Mlig.23522 0.7691332 0.7668090 0.0028795 0.0000000 0.0028826 0.5718704 0.5730161 
Mlig.39194 0.7714256 0.7690940 0.0057730 0.0028826 0.0000000 0.5712022 0.5723478 
Mlig.9165  0.8516719 0.8567935 0.5720275 0.5718704 0.5712022 0.0000000 0.0102639 
Mlig.22081 0.8525201 0.8576303 0.5731732 0.5730161 0.5723478 0.0102639 0.0000000 
