6
Hdim.8418  0.0000000 0.1297696 0.2470268 0.2248015 0.1383956 1.2120184 
Hdim.14360 0.1297696 0.0000000 0.3260816 0.3070996 0.2262642 1.1901558 
Hdim.1090  0.2470268 0.3260816 0.0000000 0.4273279 0.3700782 1.3215207 
Hdim.8390  0.2248015 0.3070996 0.4273279 0.0000000 0.3075632 1.4604501 
Hdim.1505  0.1383956 0.2262642 0.3700782 0.3075632 0.0000000 1.4417777 
Hdim.7976  1.2120184 1.1901558 1.3215207 1.4604501 1.4417777 0.0000000 
