11
Smed.20608 0.0000000 1.3161957 0.3711777 1.2273081 1.1201950 1.3357346 1.2792070 1.0166340 0.5447978 1.2048419 1.2027429 
Smed.4473  1.3161957 0.0000000 1.5135753 1.0869197 1.1719487 0.9053492 0.7085128 0.7839462 1.4409378 0.7983885 0.8367920 
Smed.10106 0.3711777 1.5135753 0.0000000 1.1415243 1.1002441 1.1686657 1.1235730 0.7920590 0.3423458 1.1246778 1.0665529 
Smed.199   1.2273081 1.0869197 1.1415243 0.0000000 0.1316837 1.1557622 0.8424216 0.8330238 1.2640452 0.8878920 0.9105663 
Smed.12608 1.1201950 1.1719487 1.1002441 0.1316837 0.0000000 1.1500960 0.8421792 0.7935439 1.2111380 0.8134490 0.9106782 
Smed.10413 1.3357346 0.9053492 1.1686657 1.1557622 1.1500960 0.0000000 0.7744406 0.6379314 1.1840737 0.8198664 0.7359130 
Smed.12570 1.2792070 0.7085128 1.1235730 0.8424216 0.8421792 0.7744406 0.0000000 0.1801906 1.0171195 0.5687949 0.1566447 
Smed.16948 1.0166340 0.7839462 0.7920590 0.8330238 0.7935439 0.6379314 0.1801906 0.0000000 0.8950607 0.5100409 0.1533530 
Smed.22112 0.5447978 1.4409378 0.3423458 1.2640452 1.2111380 1.1840737 1.0171195 0.8950607 0.0000000 1.0881050 0.8968815 
Smed.25156 1.2048419 0.7983885 1.1246778 0.8878920 0.8134490 0.8198664 0.5687949 0.5100409 1.0881050 0.0000000 0.6263540 
Smed.26297 1.2027429 0.8367920 1.0665529 0.9105663 0.9106782 0.7359130 0.1566447 0.1533530 0.8968815 0.6263540 0.0000000 
