14
Mlig.22971 0.0000000 0.0000010 0.0062691 0.3326617 0.4969075 0.4919157 0.4969075 0.5219512 0.5219512 0.5219512 0.3259000 0.5080516 0.3438839 0.3376025 
Mlig.27145 0.0000010 0.0000000 0.0062691 0.3326617 0.4969075 0.4919157 0.4969075 0.5219512 0.5219512 0.5219512 0.3259000 0.5080516 0.3438839 0.3376025 
Mlig.37033 0.0062691 0.0062691 0.0000000 0.3477759 0.5065671 0.5015114 0.5065671 0.5287540 0.5287540 0.5287540 0.3407909 0.5184643 0.3433692 0.3370896 
Mlig.42587 0.3326617 0.3326617 0.3477759 0.0000000 0.5279536 0.5228072 0.5279536 0.6074060 0.6074060 0.6074060 0.0122662 0.4077173 0.3866978 0.3821516 
Mlig.31037 0.4969075 0.4969075 0.5065671 0.5279536 0.0000000 0.0030283 0.0000010 0.3432706 0.3432706 0.3432706 0.5256226 0.7066565 0.5652571 0.5729034 
Mlig.31038 0.4919157 0.4919157 0.5015114 0.5228072 0.0030283 0.0000000 0.0030283 0.3425901 0.3425901 0.3425901 0.5204966 0.7004833 0.5599053 0.5675015 
Mlig.31039 0.4969075 0.4969075 0.5065671 0.5279536 0.0000010 0.0030283 0.0000000 0.3432706 0.3432706 0.3432706 0.5256226 0.7066565 0.5652571 0.5729034 
Mlig.11416 0.5219512 0.5219512 0.5287540 0.6074060 0.3432706 0.3425901 0.3432706 0.0000000 0.0000010 0.0000010 0.6154467 0.6820570 0.6067767 0.6145843 
Mlig.7105  0.5219512 0.5219512 0.5287540 0.6074060 0.3432706 0.3425901 0.3432706 0.0000010 0.0000000 0.0000010 0.6154467 0.6820570 0.6067767 0.6145843 
Mlig.13516 0.5219512 0.5219512 0.5287540 0.6074060 0.3432706 0.3425901 0.3432706 0.0000010 0.0000010 0.0000000 0.6154467 0.6820570 0.6067767 0.6145843 
Mlig.42589 0.3259000 0.3259000 0.3407909 0.0122662 0.5256226 0.5204966 0.5256226 0.6154467 0.6154467 0.6154467 0.0000000 0.4028782 0.3880883 0.3835192 
Mlig.38138 0.5080516 0.5080516 0.5184643 0.4077173 0.7066565 0.7004833 0.7066565 0.6820570 0.6820570 0.6820570 0.4028782 0.0000000 0.5839653 0.5802781 
Mlig.1347  0.3438839 0.3438839 0.3433692 0.3866978 0.5652571 0.5599053 0.5652571 0.6067767 0.6067767 0.6067767 0.3880883 0.5839653 0.0000000 0.0092724 
Mlig.3581  0.3376025 0.3376025 0.3370896 0.3821516 0.5729034 0.5675015 0.5729034 0.6145843 0.6145843 0.6145843 0.3835192 0.5802781 0.0092724 0.0000000 
