9
Treg.11791 0.0000000 0.0278607 0.3054006 0.3042489 0.3054006 0.3054006 0.3283334 0.3054006 0.3054006 
Treg.11964 0.0278607 0.0000000 0.3180267 0.3168982 0.3180267 0.3180267 0.3363520 0.3180267 0.3180267 
Treg.13556 0.3054006 0.3180267 0.0000000 0.0109024 0.0000010 0.0000010 0.0557839 0.0000010 0.0000010 
Treg.612   0.3042489 0.3168982 0.0109024 0.0000000 0.0109024 0.0109024 0.0617992 0.0109024 0.0109024 
Treg.10296 0.3054006 0.3180267 0.0000010 0.0109024 0.0000000 0.0000010 0.0557839 0.0000010 0.0000010 
Treg.14439 0.3054006 0.3180267 0.0000010 0.0109024 0.0000010 0.0000000 0.0557839 0.0000010 0.0000010 
Treg.8565  0.3283334 0.3363520 0.0557839 0.0617992 0.0557839 0.0557839 0.0000000 0.0557839 0.0557839 
Treg.9177  0.3054006 0.3180267 0.0000010 0.0109024 0.0000010 0.0000010 0.0557839 0.0000000 0.0000010 
Treg.9667  0.3054006 0.3180267 0.0000010 0.0109024 0.0000010 0.0000010 0.0557839 0.0000010 0.0000000 
