8
Mlig.43547 0.0000000 0.0172530 0.0128393 1.0729955 1.0812593 1.0732326 1.1771897 1.1615891 
Mlig.43548 0.0172530 0.0000000 0.0129238 1.0945669 1.1029118 1.0948120 1.1845461 1.1686364 
Mlig.43549 0.0128393 0.0129238 0.0000000 1.0826428 1.0908987 1.0828823 1.1574403 1.1420869 
Mlig.11934 1.0729955 1.0945669 1.0826428 0.0000000 0.0043884 0.0176963 1.5268793 1.5385663 
Mlig.39228 1.0812593 1.1029118 1.0908987 0.0043884 0.0000000 0.0132537 1.5291648 1.5408526 
Mlig.35324 1.0732326 1.0948120 1.0828823 0.0176963 0.0132537 0.0000000 1.5205025 1.5321655 
Mlig.25539 1.1771897 1.1845461 1.1574403 1.5268793 1.5291648 1.5205025 0.0000000 0.0213324 
Mlig.25540 1.1615891 1.1686364 1.1420869 1.5385663 1.5408526 1.5321655 0.0213324 0.0000000 
