6
Mlig.47    0.0000000 0.0000010 0.0039228 0.9501498 0.9563538 0.9563538 
Mlig.49    0.0000010 0.0000000 0.0039228 0.9501498 0.9563538 0.9563538 
Mlig.50    0.0039228 0.0039228 0.0000000 0.9472548 0.9534573 0.9534573 
Mlig.13610 0.9501498 0.9501498 0.9472548 0.0000000 0.0060495 0.0060495 
Mlig.9017  0.9563538 0.9563538 0.9534573 0.0060495 0.0000000 0.0000010 
Mlig.40533 0.9563538 0.9563538 0.9534573 0.0060495 0.0000010 0.0000000 
