8
Mlig.21634 0.0000000 0.0040931 0.4643776 0.4687405 0.4687405 0.3243641 0.3243641 0.3243641 
Mlig.26490 0.0040931 0.0000000 0.4655352 0.4699111 0.4699111 0.3251195 0.3251195 0.3251195 
Mlig.7943  0.4643776 0.4655352 0.0000000 0.0020426 0.0020426 0.3165839 0.3165839 0.3165839 
Mlig.17753 0.4687405 0.4699111 0.0020426 0.0000000 0.0000010 0.3201496 0.3201496 0.3201496 
Mlig.40587 0.4687405 0.4699111 0.0020426 0.0000010 0.0000000 0.3201496 0.3201496 0.3201496 
Mlig.17521 0.3243641 0.3251195 0.3165839 0.3201496 0.3201496 0.0000000 0.0000010 0.0000010 
Mlig.17520 0.3243641 0.3251195 0.3165839 0.3201496 0.3201496 0.0000010 0.0000000 0.0000010 
Mlig.17522 0.3243641 0.3251195 0.3165839 0.3201496 0.3201496 0.0000010 0.0000010 0.0000000 
