6
Mlig.25981 0.0000000 0.2103981 0.2103058 0.1825714 0.1896936 0.1830160 
Mlig.24911 0.2103981 0.0000000 0.0057811 0.0350902 0.0293039 0.0471860 
Mlig.34820 0.2103058 0.0057811 0.0000000 0.0291868 0.0233994 0.0412091 
Mlig.34821 0.1825714 0.0350902 0.0291868 0.0000000 0.0174698 0.0116353 
Mlig.34818 0.1896936 0.0293039 0.0233994 0.0174698 0.0000000 0.0175086 
Mlig.34819 0.1830160 0.0471860 0.0412091 0.0116353 0.0175086 0.0000000 
