21
Treg.5320  0.0000000 0.2064019 0.2064019 0.0535311 0.0839320 0.1245591 0.1290331 0.1726572 0.1788013 0.1788013 0.0963061 0.0922948 0.1450881 0.1306545 0.0880528 0.1394472 0.1465881 0.1041061 0.2020174 0.1788013 0.1603112 
Treg.3846  0.2064019 0.0000000 0.0000010 0.1537925 0.1215409 0.2394793 0.1559933 0.1545016 0.1608939 0.1608939 0.1408805 0.1680538 0.1289996 0.1280326 0.1665332 0.1070996 0.1269573 0.1098610 0.1989400 0.1608939 0.1676159 
Treg.7445  0.2064019 0.0000010 0.0000000 0.1537925 0.1215409 0.2394793 0.1559933 0.1545016 0.1608939 0.1608939 0.1408805 0.1680538 0.1289996 0.1280326 0.1665332 0.1070996 0.1269573 0.1098610 0.1989400 0.1608939 0.1676159 
Treg.9258  0.0535311 0.1537925 0.1537925 0.0000000 0.0341349 0.0718986 0.0763762 0.1039604 0.1094267 0.1094267 0.0360722 0.0441745 0.0898992 0.0925608 0.0496989 0.0764481 0.0811692 0.0441846 0.1285048 0.1094267 0.0931071 
Treg.1391  0.0839320 0.1215409 0.1215409 0.0341349 0.0000000 0.1107462 0.0604031 0.0875914 0.0929883 0.0929883 0.0310785 0.0496047 0.0844763 0.0760750 0.0648948 0.0605567 0.0653283 0.0291181 0.0999318 0.0929883 0.0768933 
Treg.11830 0.1245591 0.2394793 0.2394793 0.0718986 0.1107462 0.0000000 0.1344388 0.1848102 0.1908587 0.1908587 0.1043377 0.0989513 0.1570963 0.1642909 0.1030906 0.1450552 0.1581954 0.1212186 0.1987050 0.1908587 0.1726418 
Treg.289   0.1290331 0.1559933 0.1559933 0.0763762 0.0604031 0.1344388 0.0000000 0.1174525 0.1231895 0.1231895 0.0656365 0.0819749 0.0815157 0.1044357 0.0860796 0.0879414 0.0933310 0.0486163 0.1311159 0.1231895 0.1170817 
Treg.2081  0.1726572 0.1545016 0.1545016 0.1039604 0.0875914 0.1848102 0.1174525 0.0000000 0.0047928 0.0047928 0.0927949 0.1335692 0.0577733 0.1027282 0.1269119 0.0750457 0.0497664 0.0659827 0.0397720 0.0047928 0.0096232 
Treg.8137  0.1788013 0.1608939 0.1608939 0.1094267 0.0929883 0.1908587 0.1231895 0.0047928 0.0000000 0.0000010 0.0982002 0.1392531 0.0524774 0.1083132 0.1325218 0.0805265 0.0549001 0.0712552 0.0448732 0.0000010 0.0144771 
Treg.10730 0.1788013 0.1608939 0.1608939 0.1094267 0.0929883 0.1908587 0.1231895 0.0047928 0.0000010 0.0000000 0.0982002 0.1392531 0.0524774 0.1083132 0.1325218 0.0805265 0.0549001 0.0712552 0.0448732 0.0000010 0.0144771 
Treg.14071 0.0963061 0.1408805 0.1408805 0.0360722 0.0310785 0.1043377 0.0656365 0.0927949 0.0982002 0.0982002 0.0000000 0.0520455 0.0787055 0.1038496 0.0701061 0.0656720 0.0704170 0.0340857 0.1168893 0.0982002 0.0932061 
Treg.1191  0.0922948 0.1680538 0.1680538 0.0441745 0.0496047 0.0989513 0.0819749 0.1335692 0.1392531 0.1392531 0.0520455 0.0000000 0.1073122 0.1096679 0.0755248 0.1047917 0.1094653 0.0599278 0.1473985 0.1392531 0.1222486 
Treg.10070 0.1450881 0.1289996 0.1289996 0.0898992 0.0844763 0.1570963 0.0815157 0.0577733 0.0524774 0.0524774 0.0787055 0.1073122 0.0000000 0.0932925 0.1038479 0.0663186 0.0799535 0.0554333 0.0920932 0.0524774 0.0685130 
Treg.8331  0.1306545 0.1280326 0.1280326 0.0925608 0.0760750 0.1642909 0.1044357 0.1027282 0.1083132 0.1083132 0.1038496 0.1096679 0.0932925 0.0000000 0.0980215 0.0770499 0.0794326 0.0658048 0.1277721 0.1083132 0.1024121 
Treg.8059  0.0880528 0.1665332 0.1665332 0.0496989 0.0648948 0.1030906 0.0860796 0.1269119 0.1325218 0.1325218 0.0701061 0.0755248 0.1038479 0.0980215 0.0000000 0.0862560 0.1032053 0.0544128 0.1347076 0.1325218 0.1157459 
Treg.8754  0.1394472 0.1070996 0.1070996 0.0764481 0.0605567 0.1450552 0.0879414 0.0750457 0.0805265 0.0805265 0.0656720 0.1047917 0.0663186 0.0770499 0.0862560 0.0000000 0.0525595 0.0397370 0.1052017 0.0805265 0.0861395 
Treg.2922  0.1465881 0.1269573 0.1269573 0.0811692 0.0653283 0.1581954 0.0933310 0.0497664 0.0549001 0.0549001 0.0704170 0.1094653 0.0799535 0.0794326 0.1032053 0.0525595 0.0000000 0.0445361 0.0828073 0.0549001 0.0601286 
Treg.4498  0.1041061 0.1098610 0.1098610 0.0441846 0.0291181 0.1212186 0.0486163 0.0659827 0.0712552 0.0712552 0.0340857 0.0599278 0.0554333 0.0658048 0.0544128 0.0397370 0.0445361 0.0000000 0.0776888 0.0712552 0.0657934 
Treg.4386  0.2020174 0.1989400 0.1989400 0.1285048 0.0999318 0.1987050 0.1311159 0.0397720 0.0448732 0.0448732 0.1168893 0.1473985 0.0920932 0.1277721 0.1347076 0.1052017 0.0828073 0.0776888 0.0000000 0.0448732 0.0396628 
Treg.10396 0.1788013 0.1608939 0.1608939 0.1094267 0.0929883 0.1908587 0.1231895 0.0047928 0.0000010 0.0000010 0.0982002 0.1392531 0.0524774 0.1083132 0.1325218 0.0805265 0.0549001 0.0712552 0.0448732 0.0000000 0.0144771 
Treg.14370 0.1603112 0.1676159 0.1676159 0.0931071 0.0768933 0.1726418 0.1170817 0.0096232 0.0144771 0.0144771 0.0932061 0.1222486 0.0685130 0.1024121 0.1157459 0.0861395 0.0601286 0.0657934 0.0396628 0.0144771 0.0000000 
