10
Hdim.7327  0.0000000 0.3542743 0.3137759 0.3248891 0.3722043 0.3176372 0.3548484 0.1839865 0.4207889 0.3912173 
Hdim.953   0.3542743 0.0000000 0.3961646 0.5425161 0.4304974 0.4778378 0.3341659 0.2732759 0.5316068 0.3414252 
Hdim.2389  0.3137759 0.3961646 0.0000000 0.4452835 0.4085198 0.3482834 0.3922357 0.2642143 0.4754695 0.3668999 
Hdim.3899  0.3248891 0.5425161 0.4452835 0.0000000 0.3777222 0.4689224 0.3549397 0.2789379 0.4820607 0.5278680 
Hdim.11868 0.3722043 0.4304974 0.4085198 0.3777222 0.0000000 0.4087445 0.3811893 0.2107849 0.3961736 0.3950735 
Hdim.13029 0.3176372 0.4778378 0.3482834 0.4689224 0.4087445 0.0000000 0.3375779 0.2627937 0.5775862 0.4549914 
Hdim.9822  0.3548484 0.3341659 0.3922357 0.3549397 0.3811893 0.3375779 0.0000000 0.2476012 0.4858771 0.3704834 
Hdim.1307  0.1839865 0.2732759 0.2642143 0.2789379 0.2107849 0.2627937 0.2476012 0.0000000 0.3509264 0.3075269 
Hdim.9611  0.4207889 0.5316068 0.4754695 0.4820607 0.3961736 0.5775862 0.4858771 0.3509264 0.0000000 0.5011691 
Hdim.12753 0.3912173 0.3414252 0.3668999 0.5278680 0.3950735 0.4549914 0.3704834 0.3075269 0.5011691 0.0000000 
