6
Mlig.7797  0.0000000 0.0036526 0.0000010 0.4931719 0.4931719 0.4929711 
Mlig.7798  0.0036526 0.0000000 0.0036526 0.4901793 0.4901793 0.4899812 
Mlig.14671 0.0000010 0.0036526 0.0000000 0.4931719 0.4931719 0.4929711 
Mlig.10737 0.4931719 0.4901793 0.4931719 0.0000000 0.0000010 0.0037514 
Mlig.10736 0.4931719 0.4901793 0.4931719 0.0000010 0.0000000 0.0037514 
Mlig.14249 0.4929711 0.4899812 0.4929711 0.0037514 0.0037514 0.0000000 
