6
Mlig.328   0.0000000 0.0000010 0.7882458 0.7882458 0.7796445 1.8311865 
Mlig.330   0.0000010 0.0000000 0.7882458 0.7882458 0.7796445 1.8311865 
Mlig.27896 0.7882458 0.7882458 0.0000000 0.0000010 0.0044068 1.6587413 
Mlig.27897 0.7882458 0.7882458 0.0000010 0.0000000 0.0044068 1.6587413 
Mlig.27898 0.7796445 0.7796445 0.0044068 0.0044068 0.0000000 1.6512224 
Mlig.35958 1.8311865 1.8311865 1.6587413 1.6587413 1.6512224 0.0000000 
