9
Mlig.23148 0.0000000 0.0266641 0.2426142 0.2619663 0.1605363 0.0763352 0.0792867 0.0859827 0.0052313 
Mlig.29739 0.0266641 0.0000000 0.2362348 0.2476385 0.1689846 0.0831977 0.0735574 0.0801782 0.0211328 
Mlig.35066 0.2426142 0.2362348 0.0000000 0.3143475 0.2703383 0.2393455 0.2119379 0.2517306 0.2341540 
Mlig.2318  0.2619663 0.2476385 0.3143475 0.0000000 0.3248223 0.2261048 0.2255303 0.2413125 0.2529404 
Mlig.4868  0.1605363 0.1689846 0.2703383 0.3248223 0.0000000 0.1554025 0.1452216 0.1764177 0.1675253 
Mlig.14818 0.0763352 0.0831977 0.2393455 0.2261048 0.1554025 0.0000000 0.0280569 0.0458637 0.0825112 
Mlig.14819 0.0792867 0.0735574 0.2119379 0.2255303 0.1452216 0.0280569 0.0000000 0.0491191 0.0729683 
Mlig.14820 0.0859827 0.0801782 0.2517306 0.2413125 0.1764177 0.0458637 0.0491191 0.0000000 0.0795282 
Mlig.23147 0.0052313 0.0211328 0.2341540 0.2529404 0.1675253 0.0825112 0.0729683 0.0795282 0.0000000 
