6
Mlig.6751  0.0000000 0.9415188 0.9134716 0.9203801 0.0292597 0.9222451 
Mlig.7714  0.9415188 0.0000000 0.0383896 0.0428377 0.9614658 0.0514920 
Mlig.9254  0.9134716 0.0383896 0.0000000 0.0042000 0.9254895 0.0298270 
Mlig.9255  0.9203801 0.0428377 0.0042000 0.0000000 0.9324918 0.0342339 
Mlig.6752  0.0292597 0.9614658 0.9254895 0.9324918 0.0000000 0.9423414 
Mlig.7422  0.9222451 0.0514920 0.0298270 0.0342339 0.9423414 0.0000000 
