8
Hdim.2310  0.0000000 1.0430617 0.3067079 0.5149570 0.7217630 1.1321062 0.3901542 0.4194501 
Hdim.3694  1.0430617 0.0000000 1.2407439 0.9585054 1.6038134 1.4079105 0.9384614 0.9457953 
Hdim.4629  0.3067079 1.2407439 0.0000000 0.7698200 0.8727925 1.3887520 0.6123314 0.6535219 
Hdim.10219 0.5149570 0.9585054 0.7698200 0.0000000 0.7312641 0.9599800 0.6418252 0.1890405 
Hdim.13485 0.7217630 1.6038134 0.8727925 0.7312641 0.0000000 1.7846037 0.8566926 0.8956840 
Hdim.4185  1.1321062 1.4079105 1.3887520 0.9599800 1.7846037 0.0000000 1.3947318 0.7291521 
Hdim.357   0.3901542 0.9384614 0.6123314 0.6418252 0.8566926 1.3947318 0.0000000 0.5276589 
Hdim.4699  0.4194501 0.9457953 0.6535219 0.1890405 0.8956840 0.7291521 0.5276589 0.0000000 
