7
Mlig.37027 0.0000000 0.0039553 0.0039553 0.7696777 0.7776313 0.8350328 0.8389617 
Mlig.37028 0.0039553 0.0000000 0.0000010 0.7763300 0.7842845 0.8285947 0.8325506 
Mlig.37029 0.0039553 0.0000010 0.0000000 0.7763300 0.7842845 0.8285947 0.8325506 
Mlig.54    0.7696777 0.7763300 0.7763300 0.0000000 0.0038796 0.8319726 0.8383975 
Mlig.29817 0.7776313 0.7842845 0.7842845 0.0038796 0.0000000 0.8403520 0.8467678 
Mlig.1090  0.8350328 0.8285947 0.8285947 0.8319726 0.8403520 0.0000000 0.0079311 
Mlig.5449  0.8389617 0.8325506 0.8325506 0.8383975 0.8467678 0.0079311 0.0000000 
