6
Mlig.35928 0.0000000 0.6483140 0.6511249 0.6487134 0.0115328 0.0071956 
Mlig.32778 0.6483140 0.0000000 0.0072200 0.0086678 0.6447076 0.6454018 
Mlig.29292 0.6511249 0.0072200 0.0000000 0.0072212 0.6475117 0.6482050 
Mlig.29293 0.6487134 0.0086678 0.0072212 0.0000000 0.6451582 0.6458005 
Mlig.7025  0.0115328 0.6447076 0.6475117 0.6451582 0.0000000 0.0129894 
Mlig.22884 0.0071956 0.6454018 0.6482050 0.6458005 0.0129894 0.0000000 
