8
Mlig.30108 0.0000000 0.0028175 0.0028175 0.0028175 0.0816592 0.0259590 0.6198692 0.6130092 
Mlig.33412 0.0028175 0.0000000 0.0000010 0.0000010 0.0785823 0.0230585 0.6153967 0.6085681 
Mlig.33415 0.0028175 0.0000010 0.0000000 0.0000010 0.0785823 0.0230585 0.6153967 0.6085681 
Mlig.33416 0.0028175 0.0000010 0.0000010 0.0000000 0.0785823 0.0230585 0.6153967 0.6085681 
Mlig.33413 0.0816592 0.0785823 0.0785823 0.0785823 0.0000000 0.0530799 0.7427347 0.7347626 
Mlig.33414 0.0259590 0.0230585 0.0230585 0.0230585 0.0530799 0.0000000 0.6597485 0.6525158 
Mlig.6544  0.6198692 0.6153967 0.6153967 0.6153967 0.7427347 0.6597485 0.0000000 0.0223207 
Mlig.21159 0.6130092 0.6085681 0.6085681 0.6085681 0.7347626 0.6525158 0.0223207 0.0000000 
