7
Mlig.42350 0.0000000 0.0000010 0.0066852 0.0066852 0.0268781 0.0201495 0.0201495 
Mlig.42351 0.0000010 0.0000000 0.0066852 0.0066852 0.0268781 0.0201495 0.0201495 
Mlig.3898  0.0066852 0.0066852 0.0000000 0.0000010 0.0336684 0.0269229 0.0269229 
Mlig.3899  0.0066852 0.0066852 0.0000010 0.0000000 0.0336684 0.0269229 0.0269229 
Mlig.46846 0.0268781 0.0268781 0.0336684 0.0336684 0.0000000 0.0066600 0.0066600 
Mlig.46847 0.0201495 0.0201495 0.0269229 0.0269229 0.0066600 0.0000000 0.0000010 
Mlig.46848 0.0201495 0.0201495 0.0269229 0.0269229 0.0066600 0.0000010 0.0000000 
