8
Mlig.45162 0.0000000 0.0146995 1.2325311 1.2325311 1.2382889 1.2869875 1.3093692 1.2868845 
Mlig.45163 0.0146995 0.0000000 1.2205466 1.2205466 1.2262885 1.2720292 1.2900216 1.2678747 
Mlig.9328  1.2325311 1.2205466 0.0000000 0.0000010 0.0028553 0.3604866 0.3423866 0.3642820 
Mlig.9331  1.2325311 1.2205466 0.0000010 0.0000000 0.0028553 0.3604866 0.3423866 0.3642820 
Mlig.9330  1.2382889 1.2262885 0.0028553 0.0028553 0.0000000 0.3637680 0.3463071 0.3675825 
Mlig.44820 1.2869875 1.2720292 0.3604866 0.3604866 0.3637680 0.0000000 0.0234202 0.0028159 
Mlig.44818 1.3093692 1.2900216 0.3423866 0.3423866 0.3463071 0.0234202 0.0000000 0.0204794 
Mlig.44819 1.2868845 1.2678747 0.3642820 0.3642820 0.3675825 0.0028159 0.0204794 0.0000000 
