8
Hdim.3091  0.0000000 0.2193266 0.4139309 0.4139309 0.4139309 1.6476059 0.3744322 0.3566808 
Hdim.626   0.2193266 0.0000000 0.4336247 0.4336247 0.4336247 1.8570486 0.3522408 0.3857277 
Hdim.6157  0.4139309 0.4336247 0.0000000 0.0000010 0.0000010 1.9540576 0.4028355 0.4150484 
Hdim.10060 0.4139309 0.4336247 0.0000010 0.0000000 0.0000010 1.9540576 0.4028355 0.4150484 
Hdim.10063 0.4139309 0.4336247 0.0000010 0.0000010 0.0000000 1.9540576 0.4028355 0.4150484 
Hdim.12599 1.6476059 1.8570486 1.9540576 1.9540576 1.9540576 0.0000000 1.6670588 1.6707655 
Hdim.2252  0.3744322 0.3522408 0.4028355 0.4028355 0.4028355 1.6670588 0.0000000 0.3821545 
Hdim.10127 0.3566808 0.3857277 0.4150484 0.4150484 0.4150484 1.6707655 0.3821545 0.0000000 
