15
Mlig.23843 0.0000000 0.0088475 0.0546914 0.0546914 1.3684501 1.3066891 1.3643830 1.3150283 1.3871775 1.1692820 1.1692820 1.1692820 1.1235977 1.2091897 1.2276323 
Mlig.23840 0.0088475 0.0000000 0.0453132 0.0453132 1.3707559 1.3088525 1.3666827 1.3172110 1.3535470 1.1687096 1.1687096 1.1687096 1.1366108 1.2261254 1.2273449 
Mlig.23841 0.0546914 0.0453132 0.0000000 0.0000010 1.4194402 1.3548921 1.4152450 1.3635761 1.3694359 1.1431819 1.1431819 1.1431819 1.1263248 1.1897990 1.1895131 
Mlig.23842 0.0546914 0.0453132 0.0000010 0.0000000 1.4194402 1.3548921 1.4152450 1.3635761 1.3694359 1.1431819 1.1431819 1.1431819 1.1263248 1.1897990 1.1895131 
Mlig.28857 1.3684501 1.3707559 1.4194402 1.4194402 0.0000000 0.0351860 0.0086886 0.0266410 0.4660692 0.8852766 0.8852766 0.8852766 0.4518873 0.4138021 0.6003897 
Mlig.28856 1.3066891 1.3088525 1.3548921 1.3548921 0.0351860 0.0000000 0.0263352 0.0448526 0.5051617 0.8481707 0.8481707 0.8481707 0.4786588 0.4476952 0.6427161 
Mlig.44432 1.3643830 1.3666827 1.4152450 1.4152450 0.0086886 0.0263352 0.0000000 0.0177241 0.4706796 0.8812758 0.8812758 0.8812758 0.4494803 0.4116401 0.6032190 
Mlig.20268 1.3150283 1.3172110 1.3635761 1.3635761 0.0266410 0.0448526 0.0177241 0.0000000 0.4491310 0.8476568 0.8476568 0.8476568 0.4281211 0.3922174 0.5771692 
Mlig.45241 1.3871775 1.3535470 1.3694359 1.3694359 0.4660692 0.5051617 0.4706796 0.4491310 0.0000000 0.9792464 0.9792464 0.9792464 0.3860016 0.3360026 0.5577000 
Mlig.20924 1.1692820 1.1687096 1.1431819 1.1431819 0.8852766 0.8481707 0.8812758 0.8476568 0.9792464 0.0000000 0.0000010 0.0000010 0.5993822 0.5723413 0.5862743 
Mlig.20925 1.1692820 1.1687096 1.1431819 1.1431819 0.8852766 0.8481707 0.8812758 0.8476568 0.9792464 0.0000010 0.0000000 0.0000010 0.5993822 0.5723413 0.5862743 
Mlig.20926 1.1692820 1.1687096 1.1431819 1.1431819 0.8852766 0.8481707 0.8812758 0.8476568 0.9792464 0.0000010 0.0000010 0.0000000 0.5993822 0.5723413 0.5862743 
Mlig.38951 1.1235977 1.1366108 1.1263248 1.1263248 0.4518873 0.4786588 0.4494803 0.4281211 0.3860016 0.5993822 0.5993822 0.5993822 0.0000000 0.1084171 0.2920872 
Mlig.15732 1.2091897 1.2261254 1.1897990 1.1897990 0.4138021 0.4476952 0.4116401 0.3922174 0.3360026 0.5723413 0.5723413 0.5723413 0.1084171 0.0000000 0.3091374 
Mlig.35997 1.2276323 1.2273449 1.1895131 1.1895131 0.6003897 0.6427161 0.6032190 0.5771692 0.5577000 0.5862743 0.5862743 0.5862743 0.2920872 0.3091374 0.0000000 
