6
Mlig.2093  0.0000000 0.0033834 0.0016886 0.0016886 0.0050821 0.0033875 
Mlig.8147  0.0033834 0.0000000 0.0016887 0.0016887 0.0050823 0.0033876 
Mlig.8146  0.0016886 0.0016887 0.0000000 0.0000010 0.0033827 0.0016908 
Mlig.8148  0.0016886 0.0016887 0.0000010 0.0000000 0.0033827 0.0016908 
Mlig.2094  0.0050821 0.0050823 0.0033827 0.0033827 0.0000000 0.0016863 
Mlig.2095  0.0033875 0.0033876 0.0016908 0.0016908 0.0016863 0.0000000 
