6
Mlig.11786 0.0000000 0.0130959 0.0112115 0.2671051 0.2671425 0.2696777 
Mlig.19553 0.0130959 0.0000000 0.0018607 0.2709631 0.2710010 0.2735372 
Mlig.19554 0.0112115 0.0018607 0.0000000 0.2683992 0.2684366 0.2709647 
Mlig.5064  0.2671051 0.2709631 0.2683992 0.0000000 0.0018496 0.0055583 
Mlig.22625 0.2671425 0.2710010 0.2684366 0.0018496 0.0000000 0.0037030 
Mlig.22624 0.2696777 0.2735372 0.2709647 0.0055583 0.0037030 0.0000000 
