6
Mlig.36475 0.0000000 0.0086662 0.0101153 0.6945517 0.6945517 0.6873249 
Mlig.36476 0.0086662 0.0000000 0.0014400 0.7048234 0.7048234 0.6966065 
Mlig.36477 0.0101153 0.0014400 0.0000000 0.7074670 0.7074670 0.6992456 
Mlig.47605 0.6945517 0.7048234 0.7074670 0.0000000 0.0000010 0.0406332 
Mlig.47606 0.6945517 0.7048234 0.7074670 0.0000010 0.0000000 0.0406332 
Mlig.47607 0.6873249 0.6966065 0.6992456 0.0406332 0.0406332 0.0000000 
