17
Hdim.970   0.0000000 0.1824233 0.8915998 1.2190286 0.2589850 0.1837261 0.1610603 0.1610603 0.2514576 0.1847688 0.1639805 0.1639805 0.2943543 0.0785749 0.2947279 0.2947279 0.4984592 
Hdim.3900  0.1824233 0.0000000 0.7958925 1.2306343 0.2087266 0.0781451 0.1170642 0.1170642 0.1184945 0.0795210 0.1191088 0.1191088 0.2287861 0.0887485 0.1587689 0.1587689 0.4465191 
Hdim.10703 0.8915998 0.7958925 0.0000000 1.3542183 0.7653344 0.8068378 0.7081842 0.7081842 0.7188348 0.7855500 0.6304059 0.6304059 0.8033613 0.7085688 0.8026840 0.8026840 1.2017946 
Hdim.10575 1.2190286 1.2306343 1.3542183 0.0000000 1.0816352 1.2697390 1.1113097 1.1113097 1.1107265 1.0675296 1.1552620 1.1552620 1.3061565 1.1252719 1.3026283 1.3026283 1.9392823 
Hdim.11558 0.2589850 0.2087266 0.7653344 1.0816352 0.0000000 0.2101680 0.1632231 0.1632231 0.2545090 0.1873932 0.1662137 0.1662137 0.2073302 0.1633406 0.2980625 0.2980625 0.5223472 
Hdim.2146  0.1837261 0.0781451 0.8068378 1.2697390 0.2101680 0.0000000 0.1177954 0.1177954 0.2040435 0.1364475 0.1198666 0.1198666 0.2456987 0.0893490 0.2037626 0.2037626 0.3996644 
Hdim.1483  0.1610603 0.1170642 0.7081842 1.1113097 0.1632231 0.1177954 0.0000000 0.0000010 0.1584869 0.0896034 0.0777388 0.0777388 0.1986956 0.0764943 0.1989606 0.1989606 0.3903529 
Hdim.1533  0.1610603 0.1170642 0.7081842 1.1113097 0.1632231 0.1177954 0.0000010 0.0000000 0.1584869 0.0896034 0.0777388 0.0777388 0.1986956 0.0764943 0.1989606 0.1989606 0.3903529 
Hdim.4016  0.2514576 0.1184945 0.7188348 1.1107265 0.2545090 0.2040435 0.1584869 0.1584869 0.0000000 0.1210884 0.1613118 0.1613118 0.2754075 0.1585984 0.2016346 0.2016346 0.4207854 
Hdim.4122  0.1847688 0.0795210 0.7855500 1.0675296 0.1873932 0.1364475 0.0896034 0.0896034 0.1210884 0.0000000 0.0913330 0.0913330 0.1850471 0.0896759 0.1621049 0.1621049 0.4374036 
Hdim.8067  0.1639805 0.1191088 0.6304059 1.1552620 0.1662137 0.1198666 0.0777388 0.0777388 0.1613118 0.0913330 0.0000000 0.0000010 0.2022608 0.0777958 0.2025344 0.2025344 0.3987400 
Hdim.8506  0.1639805 0.1191088 0.6304059 1.1552620 0.1662137 0.1198666 0.0777388 0.0777388 0.1613118 0.0913330 0.0000010 0.0000000 0.2022608 0.0777958 0.2025344 0.2025344 0.3987400 
Hdim.8102  0.2943543 0.2287861 0.8033613 1.3061565 0.2073302 0.2456987 0.1986956 0.1986956 0.2754075 0.1850471 0.2022608 0.2022608 0.0000000 0.1988313 0.3192349 0.3192349 0.5578763 
Hdim.14609 0.0785749 0.0887485 0.7085688 1.1252719 0.1633406 0.0893490 0.0764943 0.0764943 0.1585984 0.0896759 0.0777958 0.0777958 0.1988313 0.0000000 0.1990966 0.1990966 0.3688641 
Hdim.7179  0.2947279 0.1587689 0.8026840 1.3026283 0.2980625 0.2037626 0.1989606 0.1989606 0.2016346 0.1621049 0.2025344 0.2025344 0.3192349 0.1990966 0.0000000 0.0000010 0.2610384 
Hdim.7183  0.2947279 0.1587689 0.8026840 1.3026283 0.2980625 0.2037626 0.1989606 0.1989606 0.2016346 0.1621049 0.2025344 0.2025344 0.3192349 0.1990966 0.0000010 0.0000000 0.2610384 
Hdim.7184  0.4984592 0.4465191 1.2017946 1.9392823 0.5223472 0.3996644 0.3903529 0.3903529 0.4207854 0.4374036 0.3987400 0.3987400 0.5578763 0.3688641 0.2610384 0.2610384 0.0000000 
