10
Mlig.38532 0.0000000 0.0051010 1.0357172 1.3624461 1.3624461 0.0051010 0.8244705 0.8244705 0.9390340 0.8244705 
Mlig.38534 0.0051010 0.0000000 1.0433494 1.3575803 1.3575803 0.0000010 0.8343261 0.8343261 0.9441351 0.8343261 
Mlig.14278 1.0357172 1.0433494 0.0000000 1.3097762 1.3097762 1.0433494 1.0013696 1.0013696 1.0966962 1.0013696 
Mlig.8301  1.3624461 1.3575803 1.3097762 0.0000000 0.0000010 1.3575803 1.2864776 1.2864776 1.2963852 1.2864776 
Mlig.8302  1.3624461 1.3575803 1.3097762 0.0000010 0.0000000 1.3575803 1.2864776 1.2864776 1.2963852 1.2864776 
Mlig.38533 0.0051010 0.0000010 1.0433494 1.3575803 1.3575803 0.0000000 0.8343261 0.8343261 0.9441351 0.8343261 
Mlig.20613 0.8244705 0.8343261 1.0013696 1.2864776 1.2864776 0.8343261 0.0000000 0.0000010 0.2469980 0.0000010 
Mlig.20615 0.8244705 0.8343261 1.0013696 1.2864776 1.2864776 0.8343261 0.0000010 0.0000000 0.2469980 0.0000010 
Mlig.1875  0.9390340 0.9441351 1.0966962 1.2963852 1.2963852 0.9441351 0.2469980 0.2469980 0.0000000 0.2469980 
Mlig.20614 0.8244705 0.8343261 1.0013696 1.2864776 1.2864776 0.8343261 0.0000010 0.0000010 0.2469980 0.0000000 
