10
Treg.13069 0.0000000 0.1433183 0.1433183 0.0069095 0.0069095 0.1349556 0.1598391 0.1437381 0.1437018 0.1430139 
Treg.977   0.1433183 0.0000000 0.0000010 0.1352582 0.1352582 0.0068308 0.0136814 0.0068003 0.0068141 0.0206802 
Treg.10704 0.1433183 0.0000010 0.0000000 0.1352582 0.1352582 0.0068308 0.0136814 0.0068003 0.0068141 0.0206802 
Treg.7366  0.0069095 0.1352582 0.1352582 0.0000000 0.0000010 0.1269769 0.1516412 0.1431311 0.1434655 0.1349690 
Treg.13775 0.0069095 0.1352582 0.1352582 0.0000010 0.0000000 0.1269769 0.1516412 0.1431311 0.1434655 0.1349690 
Treg.14357 0.1349556 0.0068308 0.0068308 0.1269769 0.1269769 0.0000000 0.0206618 0.0136929 0.0137210 0.0137111 
Treg.9846  0.1598391 0.0136814 0.0136814 0.1516412 0.1516412 0.0206618 0.0000000 0.0205691 0.0206115 0.0347548 
Treg.463   0.1437381 0.0068003 0.0068003 0.1431311 0.1431311 0.0136929 0.0205691 0.0000000 0.0068248 0.0276373 
Treg.12821 0.1437018 0.0068141 0.0068141 0.1434655 0.1434655 0.0137210 0.0206115 0.0068248 0.0000000 0.0276947 
Treg.782   0.1430139 0.0206802 0.0206802 0.1349690 0.1349690 0.0137111 0.0347548 0.0276373 0.0276947 0.0000000 
