9
Smed.5699  0.0000000 0.9309655 1.0541226 1.0619071 1.0619071 1.3142564 1.2956164 1.1277875 1.1277875 
Smed.11633 0.9309655 0.0000000 0.0857675 0.7928402 0.7928402 1.0326903 1.0391109 1.0095632 1.0095632 
Smed.12791 1.0541226 0.0857675 0.0000000 0.8900408 0.8900408 1.1366162 1.1436010 1.1245738 1.1245738 
Smed.11632 1.0619071 0.7928402 0.8900408 0.0000000 0.0000010 0.9975567 1.0038970 0.8086705 0.8086705 
Smed.12792 1.0619071 0.7928402 0.8900408 0.0000010 0.0000000 0.9975567 1.0038970 0.8086705 0.8086705 
Smed.24882 1.3142564 1.0326903 1.1366162 0.9975567 0.9975567 0.0000000 0.0094109 0.2996324 0.2996324 
Smed.13761 1.2956164 1.0391109 1.1436010 1.0038970 1.0038970 0.0094109 0.0000000 0.2992816 0.2992816 
Smed.15951 1.1277875 1.0095632 1.1245738 0.8086705 0.8086705 0.2996324 0.2992816 0.0000000 0.0000010 
Smed.22239 1.1277875 1.0095632 1.1245738 0.8086705 0.8086705 0.2996324 0.2992816 0.0000010 0.0000000 
