7
Mlig.43997 0.0000000 0.0088506 0.0088466 0.6512858 0.6512858 1.2285783 1.2402405 
Mlig.43998 0.0088506 0.0000000 0.0088542 0.6555452 0.6555452 1.2457499 1.2574078 
Mlig.43999 0.0088466 0.0088542 0.0000000 0.6556907 0.6556907 1.2432539 1.2550031 
Mlig.28073 0.6512858 0.6555452 0.6556907 0.0000000 0.0000010 1.1428334 1.1532253 
Mlig.28074 0.6512858 0.6555452 0.6556907 0.0000010 0.0000000 1.1428334 1.1532253 
Mlig.3448  1.2285783 1.2457499 1.2432539 1.1428334 1.1428334 0.0000000 0.0137116 
Mlig.13995 1.2402405 1.2574078 1.2550031 1.1532253 1.1532253 0.0137116 0.0000000 
