6
Mlig.46912 0.0000000 0.0107543 0.0183513 0.8625765 0.8127283 0.8084220 
Mlig.42169 0.0107543 0.0000000 0.0075023 0.8538489 0.8044090 0.8001218 
Mlig.42170 0.0183513 0.0075023 0.0000000 0.8541264 0.8046686 0.8003803 
Mlig.37149 0.8625765 0.8538489 0.8541264 0.0000000 0.0461916 0.0383098 
Mlig.5648  0.8127283 0.8044090 0.8046686 0.0461916 0.0000000 0.0161438 
Mlig.34211 0.8084220 0.8001218 0.8003803 0.0383098 0.0161438 0.0000000 
