6
Mlig.20046 0.0000000 0.0000010 0.0162445 0.0217556 0.5373478 0.5380823 
Mlig.20048 0.0000010 0.0000000 0.0162445 0.0217556 0.5373478 0.5380823 
Mlig.20045 0.0162445 0.0162445 0.0000000 0.0162634 0.5416615 0.5424023 
Mlig.20047 0.0217556 0.0217556 0.0162634 0.0000000 0.5530615 0.5538246 
Mlig.27388 0.5373478 0.5373478 0.5416615 0.5530615 0.0000000 0.0081426 
Mlig.27390 0.5380823 0.5380823 0.5424023 0.5538246 0.0081426 0.0000000 
