34
Smed.6601  0.0000000 0.5715717 0.6668153 0.9060671 0.5389510 0.4411792 0.5007447 0.4488099 0.4488099 0.5355493 0.7549842 0.5783187 0.6849614 0.8093744 0.6536853 0.7877851 0.6850805 0.7061641 0.7089867 0.7036403 0.6911021 0.6441361 0.6455766 0.6918276 0.7034267 0.6894745 0.7132141 0.6599904 0.7372424 0.7377290 0.7277766 0.6499707 0.6080324 0.6084791 
Smed.7351  0.5715717 0.0000000 0.7315802 0.7926007 0.3105548 0.4540395 0.2991743 0.2693617 0.2693617 0.4928303 0.7389015 0.5357724 0.6721530 0.8026159 0.7026089 0.6576119 0.7220567 0.7673900 0.6537080 0.6740936 0.7247558 0.6601530 0.6126669 0.7325334 0.6623140 0.7215926 0.7392599 0.5745193 0.7326217 0.6515525 0.7463736 0.6199831 0.6600042 0.5963603 
Smed.5265  0.6668153 0.7315802 0.0000000 0.8661232 0.7127332 0.6762173 0.6579735 0.6512532 0.6512532 0.7440224 0.9027256 0.7849778 0.8492033 0.9838239 0.8507175 0.8899499 0.9010310 0.8457109 0.8451721 0.7827814 0.8266440 0.7962991 0.8630319 0.8052620 0.8308241 0.8587937 0.8155165 0.7866524 0.7864194 0.7709202 0.8345044 0.6362012 0.6494939 0.6396340 
Smed.10724 0.9060671 0.7926007 0.8661232 0.0000000 0.8192561 0.8470891 0.7455460 0.7285383 0.7285383 0.7258255 0.9935400 0.7579992 0.9630416 0.9957978 0.8680295 0.9385175 0.9422049 0.9368385 0.9469143 0.9323590 0.8972809 0.9620175 1.0292459 0.9308323 0.9280837 0.9786989 1.0071606 1.0242559 1.0826632 0.9354609 0.8629373 0.8312903 0.9280823 0.8618210 
Smed.27020 0.5389510 0.3105548 0.7127332 0.8192561 0.0000000 0.4236288 0.1924204 0.1667588 0.1667588 0.4602515 0.7574987 0.5053871 0.6805393 0.7224308 0.7320535 0.7362764 0.7580568 0.7581739 0.6495445 0.6877028 0.7284662 0.6973300 0.6492944 0.7422605 0.7260424 0.7864732 0.7257974 0.6596282 0.7033867 0.7718490 0.7865027 0.5764777 0.6369858 0.5697236 
Smed.5255  0.4411792 0.4540395 0.6762173 0.8470891 0.4236288 0.0000000 0.4122177 0.3682169 0.3682169 0.5803705 0.6956060 0.4166821 0.6729024 0.7801229 0.7185573 0.7494952 0.7042383 0.7027165 0.6698258 0.6878728 0.6623378 0.5361368 0.5435942 0.6189668 0.6330686 0.7325715 0.5933370 0.5424309 0.6106131 0.7162099 0.7093291 0.5631662 0.5557140 0.5907898 
Smed.7533  0.5007447 0.2991743 0.6579735 0.7455460 0.1924204 0.4122177 0.0000000 0.0541577 0.0541577 0.4721859 0.6848670 0.4712889 0.6691304 0.8475172 0.7065516 0.7072554 0.7399242 0.7605536 0.6565992 0.6893022 0.7174498 0.7005732 0.6517127 0.7505296 0.6364590 0.7924125 0.7160937 0.6665341 0.7559558 0.7497056 0.7478168 0.6218505 0.6354964 0.6266547 
Smed.21614 0.4488099 0.2693617 0.6512532 0.7285383 0.1667588 0.3682169 0.0541577 0.0000000 0.0000010 0.4597273 0.6813574 0.4827135 0.6376176 0.8086756 0.6733786 0.6740753 0.7052151 0.7256061 0.6199662 0.6567833 0.6842833 0.6680655 0.6208476 0.7161225 0.6062698 0.7558546 0.6775669 0.6354772 0.7461327 0.7146380 0.7133756 0.5926411 0.6280974 0.5969349 
Smed.21615 0.4488099 0.2693617 0.6512532 0.7285383 0.1667588 0.3682169 0.0541577 0.0000010 0.0000000 0.4597273 0.6813574 0.4827135 0.6376176 0.8086756 0.6733786 0.6740753 0.7052151 0.7256061 0.6199662 0.6567833 0.6842833 0.6680655 0.6208476 0.7161225 0.6062698 0.7558546 0.6775669 0.6354772 0.7461327 0.7146380 0.7133756 0.5926411 0.6280974 0.5969349 
Smed.7470  0.5355493 0.4928303 0.7440224 0.7258255 0.4602515 0.5803705 0.4721859 0.4597273 0.4597273 0.0000000 0.7073595 0.6407319 0.8673374 0.9458936 0.8758995 0.9244050 0.8859240 0.9219227 0.8734596 0.8794370 0.8673170 0.7352158 0.7781121 0.8310056 0.9043907 0.9140006 0.8567626 0.7722012 0.8835013 0.8685231 0.8634858 0.7191703 0.6695197 0.6907294 
Smed.15064 0.7549842 0.7389015 0.9027256 0.9935400 0.7574987 0.6956060 0.6848670 0.6813574 0.6813574 0.7073595 0.0000000 0.7735954 1.0472573 1.2173030 1.1390591 1.1709140 1.1308824 1.0750682 1.0972750 1.0379103 1.0425499 0.9976772 1.0015294 1.0400946 1.0763965 1.0565811 1.0861877 0.9789982 1.0787700 1.0701886 1.0746255 0.9598367 0.9587832 0.9086233 
Smed.4256  0.5783187 0.5357724 0.7849778 0.7579992 0.5053871 0.4166821 0.4712889 0.4827135 0.4827135 0.6407319 0.7735954 0.0000000 0.5551654 0.6013960 0.5458339 0.5444625 0.5577298 0.5752375 0.5695914 0.5646380 0.5396772 0.5489315 0.5715368 0.5531859 0.5392507 0.5564410 0.6521170 0.5588556 0.6097873 0.5820479 0.5555724 0.6205859 0.5764720 0.5891518 
Smed.2576  0.6849614 0.6721530 0.8492033 0.9630416 0.6805393 0.6729024 0.6691304 0.6376176 0.6376176 0.8673374 1.0472573 0.5551654 0.0000000 0.1746744 0.1086231 0.1272625 0.1278331 0.0868152 0.0536471 0.0448427 0.0755528 0.1901270 0.1984161 0.1714985 0.0940474 0.1347869 0.2317741 0.2067036 0.3479901 0.0861900 0.1400472 0.2461009 0.2992525 0.2620722 
Smed.2685  0.8093744 0.8026159 0.9838239 0.9957978 0.7224308 0.7801229 0.8475172 0.8086756 0.8086756 0.9458936 1.2173030 0.6013960 0.1746744 0.0000000 0.1547592 0.2066056 0.1986045 0.1247336 0.2077302 0.1505951 0.1234560 0.2380119 0.2967453 0.1913832 0.2001240 0.1433430 0.2893046 0.3276545 0.4663339 0.1598139 0.1196195 0.3198962 0.3358055 0.3074838 
Smed.1823  0.6536853 0.7026089 0.8507175 0.8680295 0.7320535 0.7185573 0.7065516 0.6733786 0.6733786 0.8758995 1.1390591 0.5458339 0.1086231 0.1547592 0.0000000 0.1311112 0.1164230 0.0837872 0.1517301 0.1074916 0.0733480 0.2353507 0.2903139 0.1891172 0.1094032 0.1622564 0.2693875 0.3107310 0.4230373 0.1436274 0.1351097 0.3081633 0.3137457 0.2947175 
Smed.15175 0.7877851 0.6576119 0.8899499 0.9385175 0.7362764 0.7494952 0.7072554 0.6740753 0.6740753 0.9244050 1.1709140 0.5444625 0.1272625 0.2066056 0.1311112 0.0000000 0.1983942 0.1628466 0.1583291 0.1046059 0.1407636 0.3064267 0.2831794 0.2436113 0.0775652 0.1803161 0.3612486 0.2778591 0.4536313 0.1195310 0.1871843 0.3409112 0.4000838 0.3489218 
Smed.1732  0.6850805 0.7220567 0.9010310 0.9422049 0.7580568 0.7042383 0.7399242 0.7052151 0.7052151 0.8859240 1.1308824 0.5577298 0.1278331 0.1986045 0.1164230 0.1983942 0.0000000 0.0964860 0.1491540 0.1069248 0.1127033 0.2313821 0.2951021 0.2341495 0.1547714 0.1628547 0.2878803 0.3016143 0.3893135 0.1308123 0.1251714 0.3381975 0.3438769 0.3156827 
Smed.2511  0.7061641 0.7673900 0.8457109 0.9368385 0.7581739 0.7027165 0.7605536 0.7256061 0.7256061 0.9219227 1.0750682 0.5752375 0.0868152 0.1247336 0.0837872 0.1628466 0.0964860 0.0000000 0.1071547 0.0568231 0.0265133 0.1848204 0.2692716 0.1675571 0.1275586 0.1076004 0.2172710 0.2688452 0.3547344 0.0895549 0.0939311 0.2418801 0.2474471 0.2548275 
Smed.562   0.7089867 0.6537080 0.8451721 0.9469143 0.6495445 0.6698258 0.6565992 0.6199662 0.6199662 0.8734596 1.0972750 0.5695914 0.0536471 0.2077302 0.1517301 0.1583291 0.1491540 0.1071547 0.0000000 0.0635096 0.1154498 0.2239107 0.2324281 0.2038360 0.1236609 0.1670889 0.2571381 0.2406189 0.3654401 0.1160547 0.1722144 0.2458841 0.2884483 0.2882723 
Smed.588   0.7036403 0.6740936 0.7827814 0.9323590 0.6877028 0.6878728 0.6893022 0.6567833 0.6567833 0.8794370 1.0379103 0.5646380 0.0448427 0.1505951 0.1074916 0.1046059 0.1069248 0.0568231 0.0635096 0.0000000 0.0654761 0.2139812 0.2111808 0.1728798 0.0824492 0.0980787 0.2474289 0.2032577 0.3306449 0.0540876 0.0962292 0.2091348 0.2599457 0.2215892 
Smed.1733  0.6911021 0.7247558 0.8266440 0.8972809 0.7284662 0.6623378 0.7174498 0.6842833 0.6842833 0.8673170 1.0425499 0.5396772 0.0755528 0.1234560 0.0733480 0.1407636 0.1127033 0.0265133 0.1154498 0.0654761 0.0000000 0.1827669 0.2659940 0.1657634 0.1066046 0.1064979 0.2020163 0.2656812 0.3793252 0.0886400 0.0926245 0.2492400 0.2546949 0.2620624 
Smed.14207 0.6441361 0.6601530 0.7962991 0.9620175 0.6973300 0.5361368 0.7005732 0.6680655 0.6680655 0.7352158 0.9976772 0.5489315 0.1901270 0.2380119 0.2353507 0.3064267 0.2313821 0.1848204 0.2239107 0.2139812 0.1827669 0.0000000 0.0881178 0.0955372 0.2631265 0.2166124 0.0730977 0.1094769 0.2482755 0.2174606 0.2420525 0.2070855 0.1888394 0.2196940 
Smed.401   0.6455766 0.6126669 0.8630319 1.0292459 0.6492944 0.5435942 0.6517127 0.6208476 0.6208476 0.7781121 1.0015294 0.5715368 0.1984161 0.2967453 0.2903139 0.2831794 0.2951021 0.2692716 0.2324281 0.2111808 0.2659940 0.0881178 0.0000000 0.1100915 0.2572036 0.2803186 0.1088937 0.0632867 0.2050934 0.2531241 0.3178700 0.2412250 0.2433034 0.2846325 
Smed.2191  0.6918276 0.7325334 0.8052620 0.9308323 0.7422605 0.6189668 0.7505296 0.7161225 0.7161225 0.8310056 1.0400946 0.5531859 0.1714985 0.1913832 0.1891172 0.2436113 0.2341495 0.1675571 0.2038360 0.1728798 0.1657634 0.0955372 0.1100915 0.0000000 0.2190896 0.1852663 0.0963556 0.1126285 0.2661644 0.2118413 0.2108195 0.2361173 0.1923944 0.2493328 
Smed.16177 0.7034267 0.6623140 0.8308241 0.9280837 0.7260424 0.6330686 0.6364590 0.6062698 0.6062698 0.9043907 1.0763965 0.5392507 0.0940474 0.2001240 0.1094032 0.0775652 0.1547714 0.1275586 0.1236609 0.0824492 0.1066046 0.2631265 0.2572036 0.2190896 0.0000000 0.1578397 0.3152941 0.2475008 0.4145029 0.0952978 0.1601063 0.2956582 0.3517531 0.3361648 
Smed.2683  0.6894745 0.7215926 0.8587937 0.9786989 0.7864732 0.7325715 0.7924125 0.7558546 0.7558546 0.9140006 1.0565811 0.5564410 0.1347869 0.1433430 0.1622564 0.1803161 0.1628547 0.1076004 0.1670889 0.0980787 0.1064979 0.2166124 0.2803186 0.1852663 0.1578397 0.0000000 0.2671424 0.2585996 0.3934402 0.1103618 0.1383482 0.3185495 0.3242399 0.3048041 
Smed.400   0.7132141 0.7392599 0.8155165 1.0071606 0.7257974 0.5933370 0.7160937 0.6775669 0.6775669 0.8567626 1.0861877 0.6521170 0.2317741 0.2893046 0.2693875 0.3612486 0.2878803 0.2172710 0.2571381 0.2474289 0.2020163 0.0730977 0.1088937 0.0963556 0.3152941 0.2671424 0.0000000 0.1311476 0.2338396 0.2823810 0.2790875 0.2306247 0.1879253 0.2435287 
Smed.402   0.6599904 0.5745193 0.7866524 1.0242559 0.6596282 0.5424309 0.6665341 0.6354772 0.6354772 0.7722012 0.9789982 0.5588556 0.2067036 0.3276545 0.3107310 0.2778591 0.3016143 0.2688452 0.2406189 0.2032577 0.2656812 0.1094769 0.0632867 0.1126285 0.2475008 0.2585996 0.1311476 0.0000000 0.1753978 0.2338164 0.3190473 0.2192083 0.2210361 0.2498391 
Smed.421   0.7372424 0.7326217 0.7864194 1.0826632 0.7033867 0.6106131 0.7559558 0.7461327 0.7461327 0.8835013 1.0787700 0.6097873 0.3479901 0.4663339 0.4230373 0.4536313 0.3893135 0.3547344 0.3654401 0.3306449 0.3793252 0.2482755 0.2050934 0.2661644 0.4145029 0.3934402 0.2338396 0.1753978 0.0000000 0.3963742 0.4492602 0.2908513 0.2531618 0.3108784 
Smed.2508  0.7377290 0.6515525 0.7709202 0.9354609 0.7718490 0.7162099 0.7497056 0.7146380 0.7146380 0.8685231 1.0701886 0.5820479 0.0861900 0.1598139 0.1436274 0.1195310 0.1308123 0.0895549 0.1160547 0.0540876 0.0886400 0.2174606 0.2531241 0.2118413 0.0952978 0.1103618 0.2823810 0.2338164 0.3963742 0.0000000 0.1078697 0.2394781 0.2929137 0.2575946 
Smed.8053  0.7277766 0.7463736 0.8345044 0.8629373 0.7865027 0.7093291 0.7478168 0.7133756 0.7133756 0.8634858 1.0746255 0.5555724 0.1400472 0.1196195 0.1351097 0.1871843 0.1251714 0.0939311 0.1722144 0.0962292 0.0926245 0.2420525 0.3178700 0.2108195 0.1601063 0.1383482 0.2790875 0.3190473 0.4492602 0.1078697 0.0000000 0.3050041 0.3251725 0.2979333 
Smed.8226  0.6499707 0.6199831 0.6362012 0.8312903 0.5764777 0.5631662 0.6218505 0.5926411 0.5926411 0.7191703 0.9598367 0.6205859 0.2461009 0.3198962 0.3081633 0.3409112 0.3381975 0.2418801 0.2458841 0.2091348 0.2492400 0.2070855 0.2412250 0.2361173 0.2956582 0.3185495 0.2306247 0.2192083 0.2908513 0.2394781 0.3050041 0.0000000 0.0952242 0.0648570 
Smed.68    0.6080324 0.6600042 0.6494939 0.9280823 0.6369858 0.5557140 0.6354964 0.6280974 0.6280974 0.6695197 0.9587832 0.5764720 0.2992525 0.3358055 0.3137457 0.4000838 0.3438769 0.2474471 0.2884483 0.2599457 0.2546949 0.1888394 0.2433034 0.1923944 0.3517531 0.3242399 0.1879253 0.2210361 0.2531618 0.2929137 0.3251725 0.0952242 0.0000000 0.0835399 
Smed.1294  0.6084791 0.5963603 0.6396340 0.8618210 0.5697236 0.5907898 0.6266547 0.5969349 0.5969349 0.6907294 0.9086233 0.5891518 0.2620722 0.3074838 0.2947175 0.3489218 0.3156827 0.2548275 0.2882723 0.2215892 0.2620624 0.2196940 0.2846325 0.2493328 0.3361648 0.3048041 0.2435287 0.2498391 0.3108784 0.2575946 0.2979333 0.0648570 0.0835399 0.0000000 
