6
Mlig.3293  0.0000000 0.3674112 0.3673933 0.3670681 0.0032484 0.0000010 
Mlig.29225 0.3674112 0.0000000 0.0065987 0.0132296 0.3717134 0.3674112 
Mlig.35048 0.3673933 0.0065987 0.0000000 0.0132304 0.3716948 0.3673933 
Mlig.41571 0.3670681 0.0132296 0.0132304 0.0000000 0.3713676 0.3670681 
Mlig.37528 0.0032484 0.3717134 0.3716948 0.3713676 0.0000000 0.0032484 
Mlig.44866 0.0000010 0.3674112 0.3673933 0.3670681 0.0032484 0.0000000 
