10
Smed.24909 0.0000000 0.1489269 0.0287826 0.1184567 0.1475954 0.1184567 0.1498378 0.1492066 0.1492447 0.1833452 
Smed.23527 0.1489269 0.0000000 0.1184567 0.0286100 0.0570201 0.0286100 0.0578555 0.0576208 0.0576372 0.0883559 
Smed.23151 0.0287826 0.1184567 0.0000000 0.0883564 0.1174127 0.0883564 0.1191849 0.1186865 0.1187181 0.1518454 
Smed.4206  0.1184567 0.0286100 0.0883564 0.0000000 0.0283719 0.0000010 0.0287850 0.0286683 0.0286769 0.0585916 
Smed.4518  0.1475954 0.0570201 0.1174127 0.0283719 0.0000000 0.0283719 0.0573652 0.0571342 0.0571505 0.0875874 
Smed.11008 0.1184567 0.0286100 0.0883564 0.0000010 0.0283719 0.0000000 0.0287850 0.0286683 0.0286769 0.0585916 
Smed.13795 0.1498378 0.0578555 0.1191849 0.0287850 0.0573652 0.0287850 0.0000000 0.0579731 0.0579898 0.0889023 
Smed.12801 0.1492066 0.0576208 0.1186865 0.0286683 0.0571342 0.0286683 0.0579731 0.0000000 0.0577540 0.0885327 
Smed.3374  0.1492447 0.0576372 0.1187181 0.0286769 0.0571505 0.0286769 0.0579898 0.0577540 0.0000000 0.0290911 
Smed.11916 0.1833452 0.0883559 0.1518454 0.0585916 0.0875874 0.0585916 0.0889023 0.0885327 0.0290911 0.0000000 
