9
Smed.11909 0.0000000 0.0352650 0.1944189 0.1096312 0.1368139 0.1368139 0.1075689 0.0719100 0.1307769 
Smed.12564 0.0352650 0.0000000 0.2376491 0.1484782 0.1781734 0.1781734 0.1457197 0.1095410 0.1709149 
Smed.13977 0.1944189 0.2376491 0.0000000 0.1331059 0.2178645 0.2178645 0.1492052 0.1530872 0.1751929 
Smed.17574 0.1096312 0.1484782 0.1331059 0.0000000 0.0717783 0.0717783 0.1078399 0.0721216 0.1310808 
Smed.4806  0.1368139 0.1781734 0.2178645 0.0717783 0.0000000 0.0000010 0.1344654 0.0967890 0.1600989 
Smed.27335 0.1368139 0.1781734 0.2178645 0.0717783 0.0000010 0.0000000 0.1344654 0.0967890 0.1600989 
Smed.14642 0.1075689 0.1457197 0.1492052 0.1078399 0.1344654 0.1344654 0.0000000 0.0707494 0.0898711 
Smed.15829 0.0719100 0.1095410 0.1530872 0.0721216 0.0967890 0.0967890 0.0707494 0.0000000 0.0921196 
Smed.24150 0.1307769 0.1709149 0.1751929 0.1310808 0.1600989 0.1600989 0.0898711 0.0921196 0.0000000 
