6
Mlig.43802 0.0000000 0.0393331 0.0357180 0.7492041 0.7273754 0.7273754 
Mlig.21956 0.0393331 0.0000000 0.0034671 0.6971738 0.6763357 0.6763357 
Mlig.43804 0.0357180 0.0034671 0.0000000 0.7038393 0.6828980 0.6828980 
Mlig.4049  0.7492041 0.6971738 0.7038393 0.0000000 0.0140732 0.0140732 
Mlig.20635 0.7273754 0.6763357 0.6828980 0.0140732 0.0000000 0.0000010 
Mlig.48104 0.7273754 0.6763357 0.6828980 0.0140732 0.0000010 0.0000000 
