6
Smat.8134  0.0000000 0.0000010 0.0047244 0.0047244 0.0018868 0.0018868 
Smat.9863  0.0000010 0.0000000 0.0047244 0.0047244 0.0018868 0.0018868 
Smat.6188  0.0047244 0.0047244 0.0000000 0.0000010 0.0028307 0.0028307 
Smat.6189  0.0047244 0.0047244 0.0000010 0.0000000 0.0028307 0.0028307 
Smat.849   0.0018868 0.0018868 0.0028307 0.0028307 0.0000000 0.0000010 
Smat.6326  0.0018868 0.0018868 0.0028307 0.0028307 0.0000010 0.0000000 
