11
Mlig.38846 0.0000000 0.0059557 0.0119779 1.2714161 1.2733329 1.2733329 1.2426284 1.2426284 1.2416423 1.3035479 1.3172569 
Mlig.38035 0.0059557 0.0000000 0.0059726 1.2839205 1.2858387 1.2858387 1.2549659 1.2549659 1.2539760 1.3172715 1.3310730 
Mlig.41767 0.0119779 0.0059726 0.0000000 1.2926187 1.2945370 1.2945370 1.2584152 1.2584152 1.2574250 1.3215674 1.3354046 
Mlig.33235 1.2714161 1.2839205 1.2926187 0.0000000 0.0019694 0.0019694 0.5546544 0.5546544 0.5583575 0.6975067 0.6993071 
Mlig.33236 1.2733329 1.2858387 1.2945370 0.0019694 0.0000000 0.0000010 0.5503412 0.5503412 0.5540296 0.6925754 0.6943631 
Mlig.33237 1.2733329 1.2858387 1.2945370 0.0019694 0.0000010 0.0000000 0.5503412 0.5503412 0.5540296 0.6925754 0.6943631 
Mlig.32884 1.2426284 1.2549659 1.2584152 0.5546544 0.5503412 0.5503412 0.0000000 0.0000010 0.0039899 0.3259133 0.3185685 
Mlig.32885 1.2426284 1.2549659 1.2584152 0.5546544 0.5503412 0.5503412 0.0000010 0.0000000 0.0039899 0.3259133 0.3185685 
Mlig.32883 1.2416423 1.2539760 1.2574250 0.5583575 0.5540296 0.5540296 0.0039899 0.0039899 0.0000000 0.3251473 0.3177983 
Mlig.37315 1.3035479 1.3172715 1.3215674 0.6975067 0.6925754 0.6925754 0.3259133 0.3259133 0.3251473 0.0000000 0.0157228 
Mlig.37316 1.3172569 1.3310730 1.3354046 0.6993071 0.6943631 0.6943631 0.3185685 0.3185685 0.3177983 0.0157228 0.0000000 
