9
Mlig.1641  0.0000000 0.0000010 0.0000010 0.3221326 0.3193547 0.3221326 0.3420826 0.3420826 0.3420826 
Mlig.1642  0.0000010 0.0000000 0.0000010 0.3221326 0.3193547 0.3221326 0.3420826 0.3420826 0.3420826 
Mlig.1643  0.0000010 0.0000010 0.0000000 0.3221326 0.3193547 0.3221326 0.3420826 0.3420826 0.3420826 
Mlig.11420 0.3221326 0.3221326 0.3221326 0.0000000 0.0081696 0.0000010 0.4756517 0.4756517 0.4756517 
Mlig.24912 0.3193547 0.3193547 0.3193547 0.0081696 0.0000000 0.0081696 0.4691038 0.4691038 0.4691038 
Mlig.24913 0.3221326 0.3221326 0.3221326 0.0000010 0.0081696 0.0000000 0.4756517 0.4756517 0.4756517 
Mlig.35793 0.3420826 0.3420826 0.3420826 0.4756517 0.4691038 0.4756517 0.0000000 0.0000010 0.0000010 
Mlig.24309 0.3420826 0.3420826 0.3420826 0.4756517 0.4691038 0.4756517 0.0000010 0.0000000 0.0000010 
Mlig.24310 0.3420826 0.3420826 0.3420826 0.4756517 0.4691038 0.4756517 0.0000010 0.0000010 0.0000000 
