6
Mlig.10702 0.0000000 0.0000010 0.0037359 0.2142532 0.2157387 0.2191137 
Mlig.37086 0.0000010 0.0000000 0.0037359 0.2142532 0.2157387 0.2191137 
Mlig.37085 0.0037359 0.0037359 0.0000000 0.2108068 0.2122876 0.2156448 
Mlig.36587 0.2142532 0.2142532 0.2108068 0.0000000 0.0012419 0.0049897 
Mlig.36588 0.2157387 0.2157387 0.2122876 0.0012419 0.0000000 0.0062395 
Mlig.36589 0.2191137 0.2191137 0.2156448 0.0049897 0.0062395 0.0000000 
