11
Smed.11103 0.0000000 0.5188968 0.6139304 0.4664711 0.4672591 0.6055955 0.5874919 0.4846085 0.5557142 0.4430112 0.4838182 
Smed.9165  0.5188968 0.0000000 0.1971240 0.0543990 0.0816222 0.1129845 0.1270246 0.0690229 0.1424557 0.0404091 0.0679799 
Smed.24927 0.6139304 0.1971240 0.0000000 0.1844867 0.2152075 0.2406832 0.2431123 0.1973974 0.2908973 0.1674297 0.1996322 
Smed.6660  0.4664711 0.0543990 0.1844867 0.0000000 0.0532340 0.1119891 0.0965223 0.0533317 0.1113217 0.0131858 0.0399144 
Smed.708   0.4672591 0.0816222 0.2152075 0.0532340 0.0000000 0.1400925 0.1241989 0.0661766 0.1392592 0.0395525 0.0665246 
Smed.3566  0.6055955 0.1129845 0.2406832 0.1119891 0.1400925 0.0000000 0.1892894 0.1278398 0.2057676 0.0970236 0.1259513 
Smed.22403 0.5874919 0.1270246 0.2431123 0.0965223 0.1241989 0.1892894 0.0000000 0.1244033 0.1881285 0.0819228 0.1000247 
Smed.4512  0.4846085 0.0690229 0.1973974 0.0533317 0.0661766 0.1278398 0.1244033 0.0000000 0.1394827 0.0396264 0.0666436 
Smed.24924 0.5557142 0.1424557 0.2908973 0.1113217 0.1392592 0.2057676 0.1881285 0.1394827 0.0000000 0.0964503 0.1252022 
Smed.4188  0.4430112 0.0404091 0.1674297 0.0131858 0.0395525 0.0970236 0.0819228 0.0396264 0.0964503 0.0000000 0.0263627 
Smed.26227 0.4838182 0.0679799 0.1996322 0.0399144 0.0665246 0.1259513 0.1000247 0.0666436 0.1252022 0.0263627 0.0000000 
