6
Mlig.23144 0.0000000 0.8181184 0.8181184 0.0133098 0.7783811 0.7859092 
Mlig.9753  0.8181184 0.0000000 0.0000010 0.8216168 0.6023218 0.6088328 
Mlig.9754  0.8181184 0.0000010 0.0000000 0.8216168 0.6023218 0.6088328 
Mlig.19418 0.0133098 0.8216168 0.8216168 0.0000000 0.7686897 0.7761673 
Mlig.41351 0.7783811 0.6023218 0.6023218 0.7686897 0.0000000 0.0043403 
Mlig.41352 0.7859092 0.6088328 0.6088328 0.7761673 0.0043403 0.0000000 
