6
Hdim.4336  0.0000000 0.5712647 0.6372920 0.9922457 0.8379395 0.8308118 
Hdim.8664  0.5712647 0.0000000 0.2429834 0.6363231 0.5381490 0.5597859 
Hdim.4679  0.6372920 0.2429834 0.0000000 0.5918104 0.4316148 0.4517014 
Hdim.780   0.9922457 0.6363231 0.5918104 0.0000000 0.1955622 0.1967464 
Hdim.4347  0.8379395 0.5381490 0.4316148 0.1955622 0.0000000 0.1448841 
Hdim.12005 0.8308118 0.5597859 0.4517014 0.1967464 0.1448841 0.0000000 
