10
Mlig.9499  0.0000000 0.0076173 0.4740839 0.4654870 0.4728483 0.4728483 0.4819187 0.3977589 0.3945242 0.4363865 
Mlig.46032 0.0076173 0.0000000 0.4829996 0.4743425 0.4861574 0.4861574 0.4953218 0.4013734 0.3981246 0.4400909 
Mlig.24354 0.4740839 0.4829996 0.0000000 0.0114588 0.2846417 0.2846417 0.2921268 0.3890602 0.3889139 0.3525069 
Mlig.36886 0.4654870 0.4743425 0.0114588 0.0000000 0.2841208 0.2841208 0.2916273 0.3878724 0.3877218 0.3481027 
Mlig.25888 0.4728483 0.4861574 0.2846417 0.2841208 0.0000000 0.0000010 0.0057025 0.4044600 0.3995482 0.3343482 
Mlig.25889 0.4728483 0.4861574 0.2846417 0.2841208 0.0000010 0.0000000 0.0057025 0.4044600 0.3995482 0.3343482 
Mlig.25886 0.4819187 0.4953218 0.2921268 0.2916273 0.0057025 0.0057025 0.0000000 0.4132816 0.4082712 0.3420805 
Mlig.932   0.3977589 0.4013734 0.3890602 0.3878724 0.4044600 0.4044600 0.4132816 0.0000000 0.0018941 0.0486058 
Mlig.933   0.3945242 0.3981246 0.3889139 0.3877218 0.3995482 0.3995482 0.4082712 0.0018941 0.0000000 0.0461983 
Mlig.934   0.4363865 0.4400909 0.3525069 0.3481027 0.3343482 0.3343482 0.3420805 0.0486058 0.0461983 0.0000000 
