7
Treg.5944  0.0000000 0.6013727 0.5719684 0.5769044 0.5909828 0.0426646 0.4352404 
Treg.1111  0.6013727 0.0000000 0.5873229 0.5922054 0.6788214 0.5380850 0.5581984 
Treg.7933  0.5719684 0.5873229 0.0000000 0.0026811 0.4937359 0.5333900 0.4750898 
Treg.13866 0.5769044 0.5922054 0.0026811 0.0000000 0.4983860 0.5381195 0.4795906 
Treg.14302 0.5909828 0.6788214 0.4937359 0.4983860 0.0000000 0.5291418 0.4585112 
Treg.10196 0.0426646 0.5380850 0.5333900 0.5381195 0.5291418 0.0000000 0.3952083 
Treg.10636 0.4352404 0.5581984 0.4750898 0.4795906 0.4585112 0.3952083 0.0000000 
