11
Mcor.8113  0.0000000 2.0779054 2.6156628 2.7617021 4.6686345 2.0922804 2.2744167 2.2601203 3.4719330 2.5742780 2.5527363 
Mcor.7404  2.0779054 0.0000000 0.3861366 0.4402266 0.6534946 0.3600496 0.1852765 0.2124400 0.5304156 0.2329188 0.2683183 
Mcor.11619 2.6156628 0.3861366 0.0000000 0.5106171 0.6249992 0.4788055 0.4055187 0.4534674 0.7353188 0.5633215 0.5485993 
Mcor.11384 2.7617021 0.4402266 0.5106171 0.0000000 0.5917853 0.3964275 0.4571084 0.3810905 0.4206109 0.5073664 0.4756052 
Mcor.4393  4.6686345 0.6534946 0.6249992 0.5917853 0.0000000 0.6274152 0.6426253 0.5168474 0.7525795 0.7037610 0.7001671 
Mcor.9998  2.0922804 0.3600496 0.4788055 0.3964275 0.6274152 0.0000000 0.2798685 0.2775763 0.5075434 0.4247079 0.3090550 
Mcor.3253  2.2744167 0.1852765 0.4055187 0.4571084 0.6426253 0.2798685 0.0000000 0.1861519 0.5468759 0.2482120 0.1828447 
Mcor.1529  2.2601203 0.2124400 0.4534674 0.3810905 0.5168474 0.2775763 0.1861519 0.0000000 0.4362193 0.3295665 0.2699449 
Mcor.11035 3.4719330 0.5304156 0.7353188 0.4206109 0.7525795 0.5075434 0.5468759 0.4362193 0.0000000 0.5914549 0.5410105 
Mcor.7586  2.5742780 0.2329188 0.5633215 0.5073664 0.7037610 0.4247079 0.2482120 0.3295665 0.5914549 0.0000000 0.2745412 
Mcor.8059  2.5527363 0.2683183 0.5485993 0.4756052 0.7001671 0.3090550 0.1828447 0.2699449 0.5410105 0.2745412 0.0000000 
