6
Mcor.14292 0.0000000 0.8207510 0.6408703 0.4883413 0.7453132 0.8586760 
Mcor.13683 0.8207510 0.0000000 0.7336161 1.2192362 0.5567599 0.8201821 
Mcor.14130 0.6408703 0.7336161 0.0000000 0.7656615 0.7141990 0.7403440 
Mcor.13849 0.4883413 1.2192362 0.7656615 0.0000000 0.6326232 0.7101873 
Mcor.10710 0.7453132 0.5567599 0.7141990 0.6326232 0.0000000 0.4854644 
Mcor.12327 0.8586760 0.8201821 0.7403440 0.7101873 0.4854644 0.0000000 
