6
Treg.13385 0.0000000 0.2134664 0.2134664 0.0084918 0.0084918 0.0050890 
Treg.13963 0.2134664 0.0000000 0.0000010 0.2092084 0.2092084 0.2146075 
Treg.971   0.2134664 0.0000010 0.0000000 0.2092084 0.2092084 0.2146075 
Treg.2944  0.0084918 0.2092084 0.2092084 0.0000000 0.0000010 0.0136162 
Treg.6318  0.0084918 0.2092084 0.2092084 0.0000010 0.0000000 0.0136162 
Treg.8036  0.0050890 0.2146075 0.2146075 0.0136162 0.0136162 0.0000000 
