6
Smat.7644  0.0000000 0.0025437 0.0025437 0.0050983 0.0232028 0.0153648 
Smat.905   0.0025437 0.0000000 0.0000010 0.0025435 0.0205801 0.0127756 
Smat.1051  0.0025437 0.0000010 0.0000000 0.0025435 0.0205801 0.0127756 
Smat.1025  0.0050983 0.0025435 0.0025435 0.0000000 0.0179790 0.0102052 
Smat.4887  0.0232028 0.0205801 0.0205801 0.0179790 0.0000000 0.0128084 
Smat.5443  0.0153648 0.0127756 0.0127756 0.0102052 0.0128084 0.0000000 
