6
Mlig.6114  0.0000000 0.0137142 0.0102706 0.5398896 0.5398896 0.5486060 
Mlig.20703 0.0137142 0.0000000 0.0034144 0.5341854 0.5341854 0.5428629 
Mlig.6115  0.0102706 0.0034144 0.0000000 0.5331276 0.5331276 0.5417926 
Mlig.10980 0.5398896 0.5341854 0.5331276 0.0000000 0.0000010 0.0102392 
Mlig.10981 0.5398896 0.5341854 0.5331276 0.0000010 0.0000000 0.0102392 
Mlig.20304 0.5486060 0.5428629 0.5417926 0.0102392 0.0102392 0.0000000 
