7
Mlig.11487 0.0000000 0.0000010 0.0089420 0.6465934 0.6165180 0.6166818 0.6078850 
Mlig.28884 0.0000010 0.0000000 0.0089420 0.6465934 0.6165180 0.6166818 0.6078850 
Mlig.27064 0.0089420 0.0089420 0.0000000 0.6567512 0.6263185 0.6264902 0.6176004 
Mlig.14065 0.6465934 0.6465934 0.6567512 0.0000000 0.0135755 0.0226942 0.0226883 
Mlig.14066 0.6165180 0.6165180 0.6263185 0.0135755 0.0000000 0.0089619 0.0089596 
Mlig.2408  0.6166818 0.6166818 0.6264902 0.0226942 0.0089619 0.0000000 0.0089594 
Mlig.48466 0.6078850 0.6078850 0.6176004 0.0226883 0.0089596 0.0089594 0.0000000 
