7
Treg.1007  0.0000000 0.1479026 0.1479026 0.1479026 0.1491634 0.1513468 0.1491634 
Treg.2994  0.1479026 0.0000000 0.0000010 0.0000010 0.0060473 0.0030212 0.0060473 
Treg.2993  0.1479026 0.0000010 0.0000000 0.0000010 0.0060473 0.0030212 0.0060473 
Treg.2992  0.1479026 0.0000010 0.0000010 0.0000000 0.0060473 0.0030212 0.0060473 
Treg.2991  0.1491634 0.0060473 0.0060473 0.0060473 0.0000000 0.0030188 0.0000010 
Treg.2995  0.1513468 0.0030212 0.0030212 0.0030212 0.0030188 0.0000000 0.0030188 
Treg.2996  0.1491634 0.0060473 0.0060473 0.0060473 0.0000010 0.0030188 0.0000000 
