9
Mlig.3431  0.0000000 0.2539652 0.2461700 0.1985974 0.5553111 0.8433241 0.8433241 0.8433241 0.8313861 
Mlig.13226 0.2539652 0.0000000 0.2749804 0.2771536 0.6145779 0.9304910 0.9304910 0.9304910 0.9449148 
Mlig.3432  0.2461700 0.2749804 0.0000000 0.2464950 0.5713060 0.8850955 0.8850955 0.8850955 0.8760869 
Mlig.36624 0.1985974 0.2771536 0.2464950 0.0000000 0.6093336 0.8509382 0.8509382 0.8509382 0.8498646 
Mlig.18771 0.5553111 0.6145779 0.5713060 0.6093336 0.0000000 0.8953987 0.8953987 0.8953987 0.8663132 
Mlig.17312 0.8433241 0.9304910 0.8850955 0.8509382 0.8953987 0.0000000 0.0000010 0.0000010 0.0302120 
Mlig.35425 0.8433241 0.9304910 0.8850955 0.8509382 0.8953987 0.0000010 0.0000000 0.0000010 0.0302120 
Mlig.35426 0.8433241 0.9304910 0.8850955 0.8509382 0.8953987 0.0000010 0.0000010 0.0000000 0.0302120 
Mlig.46959 0.8313861 0.9449148 0.8760869 0.8498646 0.8663132 0.0302120 0.0302120 0.0302120 0.0000000 
