6
Mlig.29504 0.0000000 0.0148438 0.0094070 1.9376235 1.9407812 1.9354359 
Mlig.29503 0.0148438 0.0000000 0.0134863 1.9186602 1.9217793 1.9164512 
Mlig.44758 0.0094070 0.0134863 0.0000000 1.9404409 1.9436074 1.9382543 
Mlig.33640 1.9376235 1.9186602 1.9404409 0.0000000 0.0025024 0.0012498 
Mlig.33638 1.9407812 1.9217793 1.9436074 0.0025024 0.0000000 0.0012508 
Mlig.33639 1.9354359 1.9164512 1.9382543 0.0012498 0.0012508 0.0000000 
