11
Mlig.8687  0.0000000 0.0320026 1.4317962 1.4472220 1.4455707 0.0319517 1.1681568 1.1636557 0.5366598 0.5400242 0.5388732 
Mlig.8685  0.0320026 0.0000000 1.3636517 1.3899113 1.3883180 0.0023993 1.1367139 1.1323044 0.4950706 0.4982668 0.4972017 
Mlig.25868 1.4317962 1.3636517 0.0000000 0.1879179 0.1893565 1.3693845 1.9120693 1.9057871 1.4536468 1.4596231 1.4568322 
Mlig.18493 1.4472220 1.3899113 0.1879179 0.0000000 0.0035639 1.3842864 1.8104261 1.8044239 1.4800196 1.4887247 1.4858835 
Mlig.18504 1.4455707 1.3883180 0.1893565 0.0035639 0.0000000 1.3826975 1.8247305 1.8186916 1.4819300 1.4906436 1.4877991 
Mlig.8684  0.0319517 0.0023993 1.3693845 1.3842864 1.3826975 0.0000000 1.1338988 1.1294949 0.4962997 0.4995023 0.4984342 
Mlig.3869  1.1681568 1.1367139 1.9120693 1.8104261 1.8247305 1.1338988 0.0000000 0.0024565 1.1321156 1.1291489 1.1269314 
Mlig.48661 1.1636557 1.1323044 1.9057871 1.8044239 1.8186916 1.1294949 0.0024565 0.0000000 1.1277169 1.1247575 1.1225460 
Mlig.39883 0.5366598 0.4950706 1.4536468 1.4800196 1.4819300 0.4962997 1.1321156 1.1277169 0.0000000 0.0036563 0.0024360 
Mlig.19159 0.5400242 0.4982668 1.4596231 1.4887247 1.4906436 0.4995023 1.1291489 1.1247575 0.0036563 0.0000000 0.0012165 
Mlig.41091 0.5388732 0.4972017 1.4568322 1.4858835 1.4877991 0.4984342 1.1269314 1.1225460 0.0024360 0.0012165 0.0000000 
