6
Mlig.28622 0.0000000 0.0000010 0.0278489 0.0278489 0.0347784 0.0347784 
Mlig.37695 0.0000010 0.0000000 0.0278489 0.0278489 0.0347784 0.0347784 
Mlig.2622  0.0278489 0.0278489 0.0000000 0.0000010 0.0208654 0.0208654 
Mlig.8312  0.0278489 0.0278489 0.0000010 0.0000000 0.0208654 0.0208654 
Mlig.28498 0.0347784 0.0347784 0.0208654 0.0208654 0.0000000 0.0000010 
Mlig.28500 0.0347784 0.0347784 0.0208654 0.0208654 0.0000010 0.0000000 
