6
Smed.1697  0.0000000 0.9209447 0.9381268 0.9436879 0.0286050 1.0442600 
Smed.7205  0.9209447 0.0000000 0.1969695 0.1920514 0.9193938 0.8787514 
Smed.2304  0.9381268 0.1969695 0.0000000 0.0112334 0.9372693 0.9701992 
Smed.10190 0.9436879 0.1920514 0.0112334 0.0000000 0.9469505 0.9779715 
Smed.1696  0.0286050 0.9193938 0.9372693 0.9469505 0.0000000 1.0471201 
Smed.12736 1.0442600 0.8787514 0.9701992 0.9779715 1.0471201 0.0000000 
