9
Smat.4740  0.0000000 0.0279730 0.0344472 0.0280090 0.0921452 0.0718568 0.0660640 0.0837296 0.0826122 
Smat.8881  0.0279730 0.0000000 0.0143347 0.0089918 0.0592633 0.0394865 0.0450415 0.0502918 0.0497062 
Smat.3161  0.0344472 0.0143347 0.0000000 0.0047444 0.0519323 0.0328095 0.0380656 0.0430950 0.0426209 
Smat.5941  0.0280090 0.0089918 0.0047444 0.0000000 0.0592064 0.0394516 0.0450002 0.0502443 0.0496600 
Smat.7601  0.0921452 0.0592633 0.0519323 0.0592064 0.0000000 0.0336508 0.0486467 0.0371017 0.0238426 
Smat.332   0.0718568 0.0394865 0.0328095 0.0394516 0.0336508 0.0000000 0.0135561 0.0183325 0.0089943 
Smat.1808  0.0660640 0.0450415 0.0380656 0.0450002 0.0486467 0.0135561 0.0000000 0.0325654 0.0228316 
Smat.3039  0.0837296 0.0502918 0.0430950 0.0502443 0.0371017 0.0183325 0.0325654 0.0000000 0.0277953 
Smat.7010  0.0826122 0.0497062 0.0426209 0.0496600 0.0238426 0.0089943 0.0228316 0.0277953 0.0000000 
