10
Smed.25042 0.0000000 0.1502279 0.1081164 0.1718025 0.1626317 0.1134833 0.1202098 0.1335501 0.1118307 0.1142579 
Smed.25369 0.1502279 0.0000000 0.0673325 0.1439707 0.0198136 0.0811097 0.0943365 0.0937880 0.0865605 0.0742271 
Smed.1140  0.1081164 0.0673325 0.0000000 0.1031992 0.0769235 0.0326209 0.0542105 0.0676032 0.0468826 0.0479678 
Smed.4402  0.1718025 0.1439707 0.1031992 0.0000000 0.1558596 0.1084539 0.1149556 0.1142797 0.0930509 0.1091675 
Smed.25155 0.1626317 0.0198136 0.0769235 0.1558596 0.0000000 0.0911617 0.1047625 0.1184203 0.0966456 0.0840606 
Smed.8247  0.1134833 0.0811097 0.0326209 0.1084539 0.0911617 0.0000000 0.0531392 0.0732481 0.0527662 0.0539574 
Smed.12583 0.1202098 0.0943365 0.0542105 0.1149556 0.1047625 0.0531392 0.0000000 0.0796325 0.0591163 0.0604340 
Smed.12072 0.1335501 0.0937880 0.0676032 0.1142797 0.1184203 0.0732481 0.0796325 0.0000000 0.0690781 0.0737121 
Smed.19687 0.1118307 0.0865605 0.0468826 0.0930509 0.0966456 0.0527662 0.0591163 0.0690781 0.0000000 0.0530931 
Smed.20427 0.1142579 0.0742271 0.0479678 0.1091675 0.0840606 0.0539574 0.0604340 0.0737121 0.0530931 0.0000000 
