6
Smed.9261  0.0000000 0.0000010 0.0543718 0.0543718 0.2552446 0.0820681 
Smed.20055 0.0000010 0.0000000 0.0543718 0.0543718 0.2552446 0.0820681 
Smed.20981 0.0543718 0.0543718 0.0000000 0.0000010 0.2632944 0.0266048 
Smed.22799 0.0543718 0.0543718 0.0000010 0.0000000 0.2632944 0.0266048 
Smed.26268 0.2552446 0.2552446 0.2632944 0.2632944 0.0000000 0.2617739 
Smed.23225 0.0820681 0.0820681 0.0266048 0.0266048 0.2617739 0.0000000 
