11
Treg.3714  0.0000000 0.1108918 0.1099839 0.0903997 0.0357957 0.0362051 0.0967865 0.0972330 0.1100769 0.0969245 0.0969245 
Treg.7217  0.1108918 0.0000000 0.2052750 0.1834971 0.0983943 0.1108121 0.1903342 0.1915918 0.1762753 0.1905862 0.1905862 
Treg.3734  0.1099839 0.2052750 0.0000000 0.1110527 0.1243024 0.1510044 0.1857704 0.1898561 0.2009615 0.1860219 0.1860219 
Treg.3735  0.0903997 0.1834971 0.1110527 0.0000000 0.1048814 0.1322339 0.1675837 0.1721060 0.1830060 0.1678234 0.1678234 
Treg.12158 0.0357957 0.0983943 0.1243024 0.1048814 0.0000000 0.0482182 0.1107139 0.1112604 0.0976859 0.1108719 0.1108719 
Treg.12875 0.0362051 0.1108121 0.1510044 0.1322339 0.0482182 0.0000000 0.1369564 0.1377055 0.1235714 0.1371479 0.1371479 
Treg.3081  0.0967865 0.1903342 0.1857704 0.1675837 0.1107139 0.1369564 0.0000000 0.1491546 0.0361530 0.0238747 0.0238747 
Treg.906   0.0972330 0.1915918 0.1898561 0.1721060 0.1112604 0.1377055 0.1491546 0.0000000 0.1634212 0.1493596 0.1493596 
Treg.2022  0.1100769 0.1762753 0.2009615 0.1830060 0.0976859 0.1235714 0.0361530 0.1634212 0.0000000 0.0362090 0.0362090 
Treg.1879  0.0969245 0.1905862 0.1860219 0.1678234 0.1108719 0.1371479 0.0238747 0.1493596 0.0362090 0.0000000 0.0000010 
Treg.5987  0.0969245 0.1905862 0.1860219 0.1678234 0.1108719 0.1371479 0.0238747 0.1493596 0.0362090 0.0000010 0.0000000 
