7
Treg.7380  0.0000000 0.4092665 0.3472817 0.3472817 0.3472817 0.1901558 0.2428974 
Treg.1986  0.4092665 0.0000000 0.0752069 0.0752069 0.0752069 0.2443191 0.3030367 
Treg.3710  0.3472817 0.0752069 0.0000000 0.0000010 0.0000010 0.1901592 0.2496009 
Treg.11743 0.3472817 0.0752069 0.0000010 0.0000000 0.0000010 0.1901592 0.2496009 
Treg.14121 0.3472817 0.0752069 0.0000010 0.0000010 0.0000000 0.1901592 0.2496009 
Treg.3397  0.1901558 0.2443191 0.1901592 0.1901592 0.1901592 0.0000000 0.0931797 
Treg.9565  0.2428974 0.3030367 0.2496009 0.2496009 0.2496009 0.0931797 0.0000000 
