6
Mlig.28983 0.0000000 0.0027085 0.0000010 0.1925764 0.1957598 0.1923585 
Mlig.28981 0.0027085 0.0000000 0.0027085 0.1958070 0.1989982 0.1955853 
Mlig.28982 0.0000010 0.0027085 0.0000000 0.1925764 0.1957598 0.1923585 
Mlig.1524  0.1925764 0.1958070 0.1925764 0.0000000 0.0054269 0.0081642 
Mlig.1525  0.1957598 0.1989982 0.1957598 0.0054269 0.0000000 0.0081571 
Mlig.41029 0.1923585 0.1955853 0.1923585 0.0081642 0.0081571 0.0000000 
