9
Mlig.16332 0.0000000 0.0000010 0.0030992 0.7474142 0.7462854 0.7528511 0.0030984 0.0030984 0.0000010 
Mlig.20775 0.0000010 0.0000000 0.0030992 0.7474142 0.7462854 0.7528511 0.0030984 0.0030984 0.0000010 
Mlig.15645 0.0030992 0.0030992 0.0000000 0.7503850 0.7492579 0.7558425 0.0020658 0.0020658 0.0030992 
Mlig.6743  0.7474142 0.7474142 0.7503850 0.0000000 0.0072517 0.0114203 0.7502726 0.7502726 0.7474142 
Mlig.6744  0.7462854 0.7462854 0.7492579 0.0072517 0.0000000 0.0082941 0.7491452 0.7491452 0.7462854 
Mlig.6742  0.7528511 0.7528511 0.7558425 0.0114203 0.0082941 0.0000000 0.7557305 0.7557305 0.7528511 
Mlig.4833  0.0030984 0.0030984 0.0020658 0.7502726 0.7491452 0.7557305 0.0000000 0.0000010 0.0030984 
Mlig.4830  0.0030984 0.0030984 0.0020658 0.7502726 0.7491452 0.7557305 0.0000010 0.0000000 0.0030984 
Mlig.16333 0.0000010 0.0000010 0.0030992 0.7474142 0.7462854 0.7528511 0.0030984 0.0030984 0.0000000 
