7
Ecan.10713 0.0000000 0.2190002 0.2877475 0.2939452 0.2939452 0.2955006 0.3759576 
Ecan.11141 0.2190002 0.0000000 0.3443747 0.2149139 0.2149139 0.2159515 0.2944711 
Ecan.11221 0.2877475 0.3443747 0.0000000 0.2926579 0.2926579 0.2810335 0.2940490 
Ecan.10275 0.2939452 0.2149139 0.2926579 0.0000000 0.0000010 0.1110989 0.2050248 
Ecan.10582 0.2939452 0.2149139 0.2926579 0.0000010 0.0000000 0.1110989 0.2050248 
Ecan.10156 0.2955006 0.2159515 0.2810335 0.1110989 0.1110989 0.0000000 0.1088601 
Ecan.10543 0.3759576 0.2944711 0.2940490 0.2050248 0.2050248 0.1088601 0.0000000 
