7
Ecan.10381 0.0000000 0.1470332 0.2604883 0.1949419 0.2396435 0.2782952 0.2490186 
Ecan.4261  0.1470332 0.0000000 0.2330251 0.2531662 0.2108124 0.2485924 0.2371212 
Ecan.8372  0.2604883 0.2330251 0.0000000 0.2883056 0.1955264 0.1606304 0.1428468 
Ecan.8726  0.1949419 0.2531662 0.2883056 0.0000000 0.3683962 0.3078316 0.3019955 
Ecan.2243  0.2396435 0.2108124 0.1955264 0.3683962 0.0000000 0.1318706 0.1744085 
Ecan.5696  0.2782952 0.2485924 0.1606304 0.3078316 0.1318706 0.0000000 0.1100518 
Ecan.9294  0.2490186 0.2371212 0.1428468 0.3019955 0.1744085 0.1100518 0.0000000 
