19
Smed.6729  0.0000000 1.1421134 1.2113313 0.9321069 0.9082508 0.9382804 0.9510515 0.9519385 2.1034307 1.8335163 1.8416570 0.8245774 1.0977860 1.6649535 1.4856353 1.5454665 0.8607523 1.1764461 1.1447886 
Smed.6214  1.1421134 0.0000000 1.2802605 0.5790899 0.5274548 0.5168001 0.5893569 0.5775625 2.0506785 1.6615943 1.6959404 1.1824133 0.0786626 1.5168468 1.3728091 1.4299614 1.3662736 1.0804800 1.0868369 
Smed.15176 1.2113313 1.2802605 0.0000000 0.9990960 0.9884506 0.9688964 0.9989033 0.9845406 2.0398944 1.9494945 1.4707208 1.1495894 1.1652039 1.4660264 1.4160348 1.4409419 1.2640262 1.1927950 1.1270887 
Smed.6871  0.9321069 0.5790899 0.9990960 0.0000000 0.1355271 0.1209584 0.1545277 0.1435169 1.8257843 1.4053437 1.4232552 0.8522618 0.5538541 1.3752266 1.2831307 1.2969428 1.0121112 0.8792688 0.8272726 
Smed.6869  0.9082508 0.5274548 0.9884506 0.1355271 0.0000000 0.0895460 0.1286618 0.1177179 1.8667793 1.4474602 1.4100540 0.8905391 0.5004044 1.4039079 1.2588495 1.2917471 1.0572213 0.9130500 0.8774788 
Smed.6873  0.9382804 0.5168001 0.9688964 0.1209584 0.0895460 0.0000000 0.1229603 0.1082141 1.7385689 1.3384999 1.3311299 0.8711047 0.4813881 1.2743451 1.1943036 1.1833454 1.0769940 0.8485700 0.7994667 
Smed.6870  0.9510515 0.5893569 0.9989033 0.1545277 0.1286618 0.1229603 0.0000000 0.0395382 1.8914065 1.4498462 1.3993066 0.9591067 0.5604559 1.3740202 1.2406948 1.2505220 1.0971214 0.9323600 0.8698758 
Smed.6872  0.9519385 0.5775625 0.9845406 0.1435169 0.1177179 0.1082141 0.0395382 0.0000000 1.8518464 1.4241403 1.3940287 0.9113109 0.5451744 1.3617570 1.2356123 1.2453843 1.0700763 0.9413462 0.8785267 
Smed.213   2.1034307 2.0506785 2.0398944 1.8257843 1.8667793 1.7385689 1.8914065 1.8518464 0.0000000 2.0898319 1.3091314 2.0806439 1.9635408 1.2315102 1.1945333 1.2016094 2.2096123 1.9636073 1.9275719 
Smed.3092  1.8335163 1.6615943 1.9494945 1.4053437 1.4474602 1.3384999 1.4498462 1.4241403 2.0898319 0.0000000 1.4560475 1.7403906 1.6166620 1.3605737 1.3303992 1.3252297 1.8986753 1.5693158 1.5669320 
Smed.18079 1.8416570 1.6959404 1.4707208 1.4232552 1.4100540 1.3311299 1.3993066 1.3940287 1.3091314 1.4560475 0.0000000 1.5951709 1.6391831 0.6002250 0.7519354 0.7471368 1.7340605 1.5442993 1.4633646 
Smed.1617  0.8245774 1.1824133 1.1495894 0.8522618 0.8905391 0.8711047 0.9591067 0.9113109 2.0806439 1.7403906 1.5951709 0.0000000 1.0911769 1.5988207 1.4794103 1.5280769 0.8353015 1.1187683 1.0725305 
Smed.4915  1.0977860 0.0786626 1.1652039 0.5538541 0.5004044 0.4813881 0.5604559 0.5451744 1.9635408 1.6166620 1.6391831 1.0911769 0.0000000 1.5194391 1.3458151 1.4076734 1.3268796 1.0346918 1.0474026 
Smed.612   1.6649535 1.5168468 1.4660264 1.3752266 1.4039079 1.2743451 1.3740202 1.3617570 1.2315102 1.3605737 0.6002250 1.5988207 1.5194391 0.0000000 0.5496891 0.5437771 1.7065267 1.4491038 1.3653891 
Smed.12195 1.4856353 1.3728091 1.4160348 1.2831307 1.2588495 1.1943036 1.2406948 1.2356123 1.1945333 1.3303992 0.7519354 1.4794103 1.3458151 0.5496891 0.0000000 0.0386996 1.5632991 1.3221260 1.2567313 
Smed.19716 1.5454665 1.4299614 1.4409419 1.2969428 1.2917471 1.1833454 1.2505220 1.2453843 1.2016094 1.3252297 0.7471368 1.5280769 1.4076734 0.5437771 0.0386996 0.0000000 1.6275729 1.3390584 1.2707058 
Smed.1618  0.8607523 1.3662736 1.2640262 1.0121112 1.0572213 1.0769940 1.0971214 1.0700763 2.2096123 1.8986753 1.7340605 0.8353015 1.3268796 1.7065267 1.5632991 1.6275729 0.0000000 1.3566076 1.3378889 
Smed.12386 1.1764461 1.0804800 1.1927950 0.8792688 0.9130500 0.8485700 0.9323600 0.9413462 1.9636073 1.5693158 1.5442993 1.1187683 1.0346918 1.4491038 1.3221260 1.3390584 1.3566076 0.0000000 0.0856709 
Smed.17024 1.1447886 1.0868369 1.1270887 0.8272726 0.8774788 0.7994667 0.8698758 0.8785267 1.9275719 1.5669320 1.4633646 1.0725305 1.0474026 1.3653891 1.2567313 1.2707058 1.3378889 0.0856709 0.0000000 
