6
Mlig.31641 0.0000000 0.0182196 0.0045236 0.7434314 0.7415200 0.7450011 
Mlig.37485 0.0182196 0.0000000 0.0136317 0.7647749 0.7624366 0.7660651 
Mlig.12482 0.0045236 0.0136317 0.0000000 0.7525975 0.7505062 0.7540483 
Mlig.48809 0.7434314 0.7647749 0.7525975 0.0000000 0.0369927 0.0137560 
Mlig.19074 0.7415200 0.7624366 0.7505062 0.0369927 0.0000000 0.0323045 
Mlig.42903 0.7450011 0.7660651 0.7540483 0.0137560 0.0323045 0.0000000 
