6
Mlig.43612 0.0000000 0.0000010 0.4608758 0.4622031 0.4526363 0.4728547 
Mlig.43614 0.0000010 0.0000000 0.4608758 0.4622031 0.4526363 0.4728547 
Mlig.47409 0.4608758 0.4608758 0.0000000 0.0600487 0.0667527 0.0681465 
Mlig.47408 0.4622031 0.4622031 0.0600487 0.0000000 0.0186601 0.0319230 
Mlig.6849  0.4526363 0.4526363 0.0667527 0.0186601 0.0000000 0.0126155 
Mlig.6852  0.4728547 0.4728547 0.0681465 0.0319230 0.0126155 0.0000000 
