6
Mlig.16288 0.0000000 0.0043711 0.0029110 0.6671410 0.6671410 0.6663554 
Mlig.40362 0.0043711 0.0000000 0.0014553 0.6671550 0.6671550 0.6663710 
Mlig.40361 0.0029110 0.0014553 0.0000000 0.6642132 0.6642132 0.6634316 
Mlig.30775 0.6671410 0.6671550 0.6642132 0.0000000 0.0000010 0.0014885 
Mlig.30774 0.6671410 0.6671550 0.6642132 0.0000010 0.0000000 0.0014885 
Mlig.30776 0.6663554 0.6663710 0.6634316 0.0014885 0.0014885 0.0000000 
