6
Mlig.16767 0.0000000 0.0040288 0.0060529 0.4182160 0.4133849 0.4152215 
Mlig.21438 0.0040288 0.0000000 0.0020136 0.4179697 0.4131426 0.4149774 
Mlig.39652 0.0060529 0.0020136 0.0000000 0.4163835 0.4115593 0.4133913 
Mlig.40182 0.4182160 0.4179697 0.4163835 0.0000000 0.0080689 0.0100933 
Mlig.40181 0.4133849 0.4131426 0.4115593 0.0080689 0.0000000 0.0020132 
Mlig.40183 0.4152215 0.4149774 0.4133913 0.0100933 0.0020132 0.0000000 
