7
Mlig.35794 0.0000000 0.0029948 0.0029948 0.8447047 0.8447047 0.7413005 0.7434828 
Mlig.37467 0.0029948 0.0000000 0.0000010 0.8379976 0.8379976 0.7392814 0.7414595 
Mlig.37466 0.0029948 0.0000010 0.0000000 0.8379976 0.8379976 0.7392814 0.7414595 
Mlig.2463  0.8447047 0.8379976 0.8379976 0.0000000 0.0000010 0.8479786 0.8517863 
Mlig.2464  0.8447047 0.8379976 0.8379976 0.0000010 0.0000000 0.8479786 0.8517863 
Mlig.10306 0.7413005 0.7392814 0.7392814 0.8479786 0.8479786 0.0000000 0.0030393 
Mlig.10307 0.7434828 0.7414595 0.7414595 0.8517863 0.8517863 0.0030393 0.0000000 
