10
Mlig.48973 0.0000000 0.0541405 1.1581716 1.1576553 1.0424686 1.0355317 1.0413057 1.1003030 1.1147895 1.1072866 
Mlig.48974 0.0541405 0.0000000 1.0773294 1.0670003 0.9738806 0.9673117 0.9727290 1.0205073 1.0341732 1.0271476 
Mlig.26457 1.1581716 1.0773294 0.0000000 0.0121502 0.5725090 0.5690556 0.5758612 0.5779977 0.5836343 0.5789098 
Mlig.42262 1.1576553 1.0670003 0.0121502 0.0000000 0.5680897 0.5646482 0.5714239 0.5792180 0.5848720 0.5801305 
Mlig.41008 1.0424686 0.9738806 0.5725090 0.5680897 0.0000000 0.0048621 0.0048668 0.5266664 0.5336586 0.5291273 
Mlig.41009 1.0355317 0.9673117 0.5690556 0.5646482 0.0048621 0.0000000 0.0048718 0.5194299 0.5263997 0.5218931 
Mlig.41010 1.0413057 0.9727290 0.5758612 0.5714239 0.0048668 0.0048718 0.0000000 0.5214242 0.5283851 0.5238813 
Mlig.9174  1.1003030 1.0205073 0.5779977 0.5792180 0.5266664 0.5194299 0.5214242 0.0000000 0.0072524 0.0048271 
Mlig.30733 1.1147895 1.0341732 0.5836343 0.5848720 0.5336586 0.5263997 0.5283851 0.0072524 0.0000000 0.0024090 
Mlig.30734 1.1072866 1.0271476 0.5789098 0.5801305 0.5291273 0.5218931 0.5238813 0.0048271 0.0024090 0.0000000 
