13
Treg.2027  0.0000000 0.0295424 0.3216106 0.0193728 0.0699944 0.0595147 0.0592248 0.0696468 0.0392603 0.0706287 0.2846185 0.0096516 0.0291535 
Treg.4709  0.0295424 0.0000000 0.3651519 0.0294239 0.0810549 0.0703420 0.0699906 0.0806430 0.0497059 0.0599903 0.3268194 0.0195439 0.0393608 
Treg.1406  0.3216106 0.3651519 0.0000000 0.3233278 0.4113884 0.3972398 0.3944398 0.4084543 0.3724544 0.4172893 0.0292221 0.3348559 0.3348750 
Treg.1830  0.0193728 0.0294239 0.3233278 0.0000000 0.0697012 0.0592692 0.0589818 0.0693566 0.0391023 0.0703298 0.2861339 0.0096142 0.0290382 
Treg.1069  0.0699944 0.0810549 0.4113884 0.0697012 0.0000000 0.0096594 0.0293381 0.0194182 0.0491692 0.0391362 0.3733037 0.0595435 0.0595461 
Treg.13623 0.0595147 0.0703420 0.3972398 0.0592692 0.0096594 0.0000000 0.0194034 0.0293381 0.0390250 0.0492739 0.3593971 0.0492242 0.0492263 
Treg.9958  0.0592248 0.0699906 0.3944398 0.0589818 0.0293381 0.0194034 0.0000000 0.0096657 0.0192904 0.0495422 0.3569206 0.0489889 0.0489909 
Treg.11061 0.0696468 0.0806430 0.4084543 0.0693566 0.0194182 0.0293381 0.0096657 0.0000000 0.0291637 0.0393463 0.3706961 0.0592533 0.0592558 
Treg.3682  0.0392603 0.0497059 0.3724544 0.0391023 0.0491692 0.0390250 0.0192904 0.0291637 0.0000000 0.0295462 0.3347376 0.0292245 0.0490274 
Treg.9586  0.0706287 0.0599903 0.4172893 0.0703298 0.0391362 0.0492739 0.0495422 0.0393463 0.0295462 0.0000000 0.3784733 0.0600722 0.0806118 
Treg.4762  0.2846185 0.3268194 0.0292221 0.2861339 0.3733037 0.3593971 0.3569206 0.3706961 0.3347376 0.3784733 0.0000000 0.2975772 0.2975938 
Treg.1545  0.0096516 0.0195439 0.3348559 0.0096142 0.0595435 0.0492242 0.0489889 0.0592533 0.0292245 0.0600722 0.2975772 0.0000000 0.0192920 
Treg.11245 0.0291535 0.0393608 0.3348750 0.0290382 0.0595461 0.0492263 0.0489909 0.0592558 0.0490274 0.0806118 0.2975938 0.0192920 0.0000000 
