7
Mlig.3685  0.0000000 0.0088560 0.0088560 0.2339496 0.2339496 0.2339496 0.2339496 
Mlig.5852  0.0088560 0.0000000 0.0000010 0.2456920 0.2456920 0.2456920 0.2456920 
Mlig.3683  0.0088560 0.0000010 0.0000000 0.2456920 0.2456920 0.2456920 0.2456920 
Mlig.4271  0.2339496 0.2456920 0.2456920 0.0000000 0.0000010 0.0000010 0.0000010 
Mlig.41342 0.2339496 0.2456920 0.2456920 0.0000010 0.0000000 0.0000010 0.0000010 
Mlig.41343 0.2339496 0.2456920 0.2456920 0.0000010 0.0000010 0.0000000 0.0000010 
Mlig.36926 0.2339496 0.2456920 0.2456920 0.0000010 0.0000010 0.0000010 0.0000000 
