7
Mlig.43705 0.0000000 0.3917262 0.3560606 0.2941231 0.2962434 0.0982304 0.1001803 
Mlig.5593  0.3917262 0.0000000 0.0265930 0.3024302 0.3030653 0.3230386 0.3226059 
Mlig.24821 0.3560606 0.0265930 0.0000000 0.2668709 0.2689490 0.2909817 0.2905815 
Mlig.13671 0.2941231 0.3024302 0.2668709 0.0000000 0.0047970 0.2359197 0.2355825 
Mlig.23303 0.2962434 0.3030653 0.2689490 0.0047970 0.0000000 0.2331185 0.2327849 
Mlig.5387  0.0982304 0.3230386 0.2909817 0.2359197 0.2331185 0.0000000 0.0015660 
Mlig.17531 0.1001803 0.3226059 0.2905815 0.2355825 0.2327849 0.0015660 0.0000000 
