12
Mlig.35693 0.0000000 0.0116029 0.0086896 1.1709671 1.0068045 0.9694793 0.9900960 0.9273803 0.9300592 0.9355515 0.9762322 0.9670162 
Mlig.33628 0.0116029 0.0000000 0.0116080 1.1727036 1.0072771 0.9778499 0.9987826 0.9352758 0.9379662 0.9434904 0.9779748 0.9687118 
Mlig.33629 0.0086896 0.0116080 0.0000000 1.1813679 1.0147140 0.9651012 0.9857372 0.9228921 0.9255878 0.9311101 0.9785026 0.9692148 
Mlig.7777  1.1709671 1.1727036 1.1813679 0.0000000 0.1080139 0.5419269 0.5225481 0.4744537 0.4747142 0.4813520 0.5953055 0.5918608 
Mlig.31801 1.0068045 1.0072771 1.0147140 0.1080139 0.0000000 0.3757466 0.3657471 0.3430191 0.3431863 0.3409933 0.4249686 0.4292246 
Mlig.15709 0.9694793 0.9778499 0.9651012 0.5419269 0.3757466 0.0000000 0.0203959 0.2130839 0.2162868 0.2160556 0.2365327 0.2350222 
Mlig.15710 0.9900960 0.9987826 0.9857372 0.5225481 0.3657471 0.0203959 0.0000000 0.2054810 0.2086736 0.2084976 0.2275129 0.2338985 
Mlig.19163 0.9273803 0.9352758 0.9228921 0.4744537 0.3430191 0.2130839 0.2054810 0.0000000 0.0057467 0.0173034 0.2972865 0.3005010 
Mlig.19161 0.9300592 0.9379662 0.9255878 0.4747142 0.3431863 0.2162868 0.2086736 0.0057467 0.0000000 0.0115080 0.2929626 0.2961731 
Mlig.19162 0.9355515 0.9434904 0.9311101 0.4813520 0.3409933 0.2160556 0.2084976 0.0173034 0.0115080 0.0000000 0.2853757 0.2885877 
Mlig.40553 0.9762322 0.9779748 0.9785026 0.5953055 0.4249686 0.2365327 0.2275129 0.2972865 0.2929626 0.2853757 0.0000000 0.0260911 
Mlig.40554 0.9670162 0.9687118 0.9692148 0.5918608 0.4292246 0.2350222 0.2338985 0.3005010 0.2961731 0.2885877 0.0260911 0.0000000 
