7
Mlig.20231 0.0000000 0.3729354 0.3933277 0.3764288 0.8691376 0.8371881 0.8340323 
Mlig.25899 0.3729354 0.0000000 0.0262971 0.0203893 0.8517746 0.8195302 0.8163642 
Mlig.25897 0.3933277 0.0262971 0.0000000 0.0294553 0.8799173 0.8467358 0.8435122 
Mlig.25898 0.3764288 0.0203893 0.0294553 0.0000000 0.8594814 0.8270191 0.8238406 
Mlig.35896 0.8691376 0.8517746 0.8799173 0.8594814 0.0000000 0.0223472 0.0193045 
Mlig.28641 0.8371881 0.8195302 0.8467358 0.8270191 0.0223472 0.0000000 0.0058302 
Mlig.35895 0.8340323 0.8163642 0.8435122 0.8238406 0.0193045 0.0058302 0.0000000 
