8
Hdim.11062 0.0000000 0.4132747 1.2604871 0.5421462 0.5779944 0.4059558 0.4120872 0.4120872 
Hdim.14897 0.4132747 0.0000000 0.8900392 0.5079998 0.1998018 0.1961673 0.1989849 0.1989849 
Hdim.8685  1.2604871 0.8900392 0.0000000 1.4457520 0.9101057 0.7443376 0.8085786 0.8085786 
Hdim.9204  0.5421462 0.5079998 1.4457520 0.0000000 0.7154345 0.4218862 0.6227363 0.6227363 
Hdim.12716 0.5779944 0.1998018 0.9101057 0.7154345 0.0000000 0.1892722 0.2650629 0.2650629 
Hdim.8266  0.4059558 0.1961673 0.7443376 0.4218862 0.1892722 0.0000000 0.1249921 0.1249921 
Hdim.7696  0.4120872 0.1989849 0.8085786 0.6227363 0.2650629 0.1249921 0.0000000 0.0000010 
Hdim.9024  0.4120872 0.1989849 0.8085786 0.6227363 0.2650629 0.1249921 0.0000010 0.0000000 
