18
Smed.17153 0.0000000 1.7728914 1.4538637 1.4680224 1.4540121 1.5190693 1.5271652 1.5348281 1.4450908 1.5186330 1.5182467 1.7162035 1.8546282 1.8762813 0.2668980 1.2141859 1.2127278 0.7962497 
Smed.12007 1.7728914 0.0000000 0.7318934 0.7693444 0.7578503 0.8270153 0.8452372 0.8490181 0.9246990 0.8648044 0.8733594 0.2278262 0.0966473 0.2745424 1.8352629 1.5639316 1.6401430 1.4798228 
Smed.6076  1.4538637 0.7318934 0.0000000 0.0177780 0.0237587 0.7064686 0.7325545 0.7357823 0.7839941 0.7409121 0.7379553 0.7233798 0.7503688 0.8078477 1.4195170 1.4001049 1.3163445 1.3284349 
Smed.4499  1.4680224 0.7693444 0.0177780 0.0000000 0.0058885 0.7113187 0.7374024 0.7406448 0.7888874 0.7457717 0.7428014 0.7474639 0.7892673 0.8324910 1.4331619 1.4095439 1.3210828 1.3333552 
Smed.6073  1.4540121 0.7578503 0.0237587 0.0058885 0.0000000 0.6998864 0.7258205 0.7290072 0.7768293 0.7341064 0.7311880 0.7359934 0.7772925 0.8382575 1.4401204 1.3924153 1.3049107 1.3166255 
Smed.23072 1.5190693 0.8270153 0.7064686 0.7113187 0.6998864 0.0000000 0.0117647 0.0118038 0.1752236 0.1583014 0.1588934 0.8202997 0.8321302 0.8804396 1.4510511 1.3259179 1.3897329 1.3370519 
Smed.20596 1.5271652 0.8452372 0.7325545 0.7374024 0.7258205 0.0117647 0.0000000 0.0118205 0.1755063 0.1585565 0.1591502 0.8477147 0.8504658 0.9003007 1.4524019 1.3536825 1.4168505 1.3640585 
Smed.26890 1.5348281 0.8490181 0.7357823 0.7406448 0.7290072 0.0118038 0.0118205 0.0000000 0.1761373 0.1591218 0.1597194 0.8474564 0.8542830 0.9043302 1.4594856 1.3602220 1.4237716 1.3708933 
Smed.28008 1.4450908 0.9246990 0.7839941 0.7888874 0.7768293 0.1752236 0.1755063 0.1761373 0.0000000 0.0433220 0.0434810 0.9703523 0.9372953 0.9348897 1.4380982 1.3926229 1.5089022 1.3697508 
Smed.21328 1.5186330 0.8648044 0.7409121 0.7457717 0.7341064 0.1583014 0.1585565 0.1591218 0.0433220 0.0000000 0.0120542 0.9266605 0.8772016 0.9476484 1.4665776 1.3588793 1.4579115 1.3322583 
Smed.23786 1.5182467 0.8733594 0.7379553 0.7428014 0.7311880 0.1588934 0.1591502 0.1597194 0.0434810 0.0120542 0.0000000 0.9228105 0.8857366 0.9264566 1.4631463 1.3737748 1.4741037 1.3374691 
Smed.3310  1.7162035 0.2278262 0.7233798 0.7474639 0.7359934 0.8202997 0.8477147 0.8474564 0.9703523 0.9266605 0.9228105 0.0000000 0.2215897 0.2563463 1.7775050 1.6082329 1.5312472 1.5553428 
Smed.3311  1.8546282 0.0966473 0.7503688 0.7892673 0.7772925 0.8321302 0.8504658 0.8542830 0.9372953 0.8772016 0.8857366 0.2215897 0.0000000 0.2676024 1.8409808 1.6257737 1.6603384 1.5177888 
Smed.8345  1.8762813 0.2745424 0.8078477 0.8324910 0.8382575 0.8804396 0.9003007 0.9043302 0.9348897 0.9476484 0.9264566 0.2563463 0.2676024 0.0000000 1.7798813 1.6974652 1.7682643 1.5836434 
Smed.17152 0.2668980 1.8352629 1.4195170 1.4331619 1.4401204 1.4510511 1.4524019 1.4594856 1.4380982 1.4665776 1.4631463 1.7775050 1.8409808 1.7798813 0.0000000 1.0347099 0.9815574 0.6984778 
Smed.19918 1.2141859 1.5639316 1.4001049 1.4095439 1.3924153 1.3259179 1.3536825 1.3602220 1.3926229 1.3588793 1.3737748 1.6082329 1.6257737 1.6974652 1.0347099 0.0000000 0.7055930 0.8856547 
Smed.1463  1.2127278 1.6401430 1.3163445 1.3210828 1.3049107 1.3897329 1.4168505 1.4237716 1.5089022 1.4579115 1.4741037 1.5312472 1.6603384 1.7682643 0.9815574 0.7055930 0.0000000 0.8043433 
Smed.3022  0.7962497 1.4798228 1.3284349 1.3333552 1.3166255 1.3370519 1.3640585 1.3708933 1.3697508 1.3322583 1.3374691 1.5553428 1.5177888 1.5836434 0.6984778 0.8856547 0.8043433 0.0000000 
