10
Mlig.19843 0.0000000 0.0000010 0.0365515 0.0112751 0.0112751 0.0158173 0.0158173 0.0157939 0.0112608 0.0112608 
Mlig.19844 0.0000010 0.0000000 0.0365515 0.0112751 0.0112751 0.0158173 0.0158173 0.0157939 0.0112608 0.0112608 
Mlig.27076 0.0365515 0.0365515 0.0000000 0.0296483 0.0296483 0.0389337 0.0389337 0.0342638 0.0296414 0.0296414 
Mlig.39909 0.0112751 0.0112751 0.0296483 0.0000000 0.0000010 0.0181057 0.0181057 0.0135441 0.0090131 0.0090131 
Mlig.39910 0.0112751 0.0112751 0.0296483 0.0000010 0.0000000 0.0181057 0.0181057 0.0135441 0.0090131 0.0090131 
Mlig.35025 0.0158173 0.0158173 0.0389337 0.0181057 0.0181057 0.0000000 0.0000010 0.0044995 0.0090120 0.0090120 
Mlig.35026 0.0158173 0.0158173 0.0389337 0.0181057 0.0181057 0.0000010 0.0000000 0.0044995 0.0090120 0.0090120 
Mlig.19222 0.0157939 0.0157939 0.0342638 0.0135441 0.0135441 0.0044995 0.0044995 0.0000000 0.0044944 0.0044944 
Mlig.29393 0.0112608 0.0112608 0.0296414 0.0090131 0.0090131 0.0090120 0.0090120 0.0044944 0.0000000 0.0000010 
Mlig.29396 0.0112608 0.0112608 0.0296414 0.0090131 0.0090131 0.0090120 0.0090120 0.0044944 0.0000010 0.0000000 
