7
Mlig.22260 0.0000000 0.0000010 0.5791717 0.0326720 0.5740525 0.6639891 0.5999398 
Mlig.22262 0.0000010 0.0000000 0.5791717 0.0326720 0.5740525 0.6639891 0.5999398 
Mlig.33378 0.5791717 0.5791717 0.0000000 0.5739557 0.0114861 0.0987716 0.0115225 
Mlig.37776 0.0326720 0.0326720 0.5739557 0.0000000 0.5540682 0.6418143 0.5944885 
Mlig.33379 0.5740525 0.5740525 0.0114861 0.5540682 0.0000000 0.0858849 0.0231380 
Mlig.33380 0.6639891 0.6639891 0.0987716 0.6418143 0.0858849 0.0000000 0.1119404 
Mlig.33381 0.5999398 0.5999398 0.0115225 0.5944885 0.0231380 0.1119404 0.0000000 
