7
Mlig.28920 0.0000000 0.4008062 0.3006785 0.2941356 0.3006785 0.0104210 0.0051618 
Mlig.43433 0.4008062 0.0000000 0.2931671 0.2867752 0.2931671 0.3985418 0.4075358 
Mlig.23183 0.3006785 0.2931671 0.0000000 0.0051385 0.0000010 0.2920915 0.3069548 
Mlig.27008 0.2941356 0.2867752 0.0051385 0.0000000 0.0051385 0.2856013 0.3004034 
Mlig.35713 0.3006785 0.2931671 0.0000010 0.0051385 0.0000000 0.2920915 0.3069548 
Mlig.5796  0.0104210 0.3985418 0.2920915 0.2856013 0.2920915 0.0000000 0.0156413 
Mlig.28919 0.0051618 0.4075358 0.3069548 0.3004034 0.3069548 0.0156413 0.0000000 
