8
Mlig.44310 0.0000000 0.0000010 0.0000010 0.1774338 0.1807791 1.0119417 0.9849213 0.9907731 
Mlig.8858  0.0000010 0.0000000 0.0000010 0.1774338 0.1807791 1.0119417 0.9849213 0.9907731 
Mlig.44311 0.0000010 0.0000010 0.0000000 0.1774338 0.1807791 1.0119417 0.9849213 0.9907731 
Mlig.8857  0.1774338 0.1774338 0.1774338 0.0000000 0.0113640 1.0483552 1.0203804 1.0284898 
Mlig.20630 0.1807791 0.1807791 0.1807791 0.0113640 0.0000000 1.0579275 1.0281620 1.0363472 
Mlig.10610 1.0119417 1.0119417 1.0119417 1.0483552 1.0579275 0.0000000 0.0264992 0.0294803 
Mlig.10611 0.9849213 0.9849213 0.9849213 1.0203804 1.0281620 0.0264992 0.0000000 0.0087182 
Mlig.10612 0.9907731 0.9907731 0.9907731 1.0284898 1.0363472 0.0294803 0.0087182 0.0000000 
