6
Mlig.22170 0.0000000 0.0021858 0.9145929 0.9155885 0.9544429 0.9571813 
Mlig.27947 0.0021858 0.0000000 0.9119658 0.9129600 0.9532552 0.9559908 
Mlig.1622  0.9145929 0.9119658 0.0000000 0.0043949 0.8695987 0.8726419 
Mlig.31778 0.9155885 0.9129600 0.0043949 0.0000000 0.8742488 0.8773059 
Mlig.275   0.9544429 0.9532552 0.8695987 0.8742488 0.0000000 0.0022087 
Mlig.22047 0.9571813 0.9559908 0.8726419 0.8773059 0.0022087 0.0000000 
