6
Mlig.23710 0.0000000 0.0000010 0.0213874 0.7633301 0.7589430 0.7628756 
Mlig.30617 0.0000010 0.0000000 0.0213874 0.7633301 0.7589430 0.7628756 
Mlig.23711 0.0213874 0.0213874 0.0000000 0.7359865 0.7316573 0.7355122 
Mlig.4924  0.7633301 0.7633301 0.7359865 0.0000000 0.0141185 0.0212216 
Mlig.14430 0.7589430 0.7589430 0.7316573 0.0141185 0.0000000 0.0070115 
Mlig.44256 0.7628756 0.7628756 0.7355122 0.0212216 0.0070115 0.0000000 
