8
Mlig.44849 0.0000000 0.0308610 0.0308610 0.5190992 0.5190992 0.4088106 0.4088106 0.4088106 
Mlig.25727 0.0308610 0.0000000 0.0000010 0.5088406 0.5088406 0.3898644 0.3898644 0.3898644 
Mlig.35173 0.0308610 0.0000010 0.0000000 0.5088406 0.5088406 0.3898644 0.3898644 0.3898644 
Mlig.820   0.5190992 0.5088406 0.5088406 0.0000000 0.0060647 0.4605072 0.4605072 0.4605072 
Mlig.17569 0.5190992 0.5088406 0.5088406 0.0060647 0.0000000 0.4628858 0.4628858 0.4628858 
Mlig.27113 0.4088106 0.3898644 0.3898644 0.4605072 0.4628858 0.0000000 0.0000010 0.0000010 
Mlig.31359 0.4088106 0.3898644 0.3898644 0.4605072 0.4628858 0.0000010 0.0000000 0.0000010 
Mlig.45491 0.4088106 0.3898644 0.3898644 0.4605072 0.4628858 0.0000010 0.0000010 0.0000000 
