7
Mlig.23201 0.0000000 0.0022182 0.0081681 0.9362984 0.9009698 0.9372263 0.9298984 
Mlig.23199 0.0022182 0.0000000 0.0089125 0.9358842 0.9005743 0.9377938 0.9304634 
Mlig.23200 0.0081681 0.0089125 0.0000000 0.9385971 0.9038995 0.9402725 0.9329227 
Mlig.7514  0.9362984 0.9358842 0.9385971 0.0000000 0.2865513 0.4132945 0.4456505 
Mlig.13417 0.9009698 0.9005743 0.9038995 0.2865513 0.0000000 0.1345204 0.1088377 
Mlig.23261 0.9372263 0.9377938 0.9402725 0.4132945 0.1345204 0.0000000 0.0216784 
Mlig.23262 0.9298984 0.9304634 0.9329227 0.4456505 0.1088377 0.0216784 0.0000000 
