6
Mlig.29790 0.0000000 0.3069749 0.3069749 0.2877767 0.0039971 0.0080293 
Mlig.9576  0.3069749 0.0000000 0.0000010 0.2098409 0.3068066 0.3084259 
Mlig.40186 0.3069749 0.0000010 0.0000000 0.2098409 0.3068066 0.3084259 
Mlig.4560  0.2877767 0.2098409 0.2098409 0.0000000 0.2927690 0.2940845 
Mlig.7641  0.0039971 0.3068066 0.3068066 0.2927690 0.0000000 0.0120582 
Mlig.41640 0.0080293 0.3084259 0.3084259 0.2940845 0.0120582 0.0000000 
