6
Mlig.33756 0.0000000 0.0000010 0.0399422 0.0399422 0.0456826 0.0456826 
Mlig.33757 0.0000010 0.0000000 0.0399422 0.0399422 0.0456826 0.0456826 
Mlig.4622  0.0399422 0.0399422 0.0000000 0.0000010 0.0055855 0.0055855 
Mlig.45710 0.0399422 0.0399422 0.0000010 0.0000000 0.0055855 0.0055855 
Mlig.39937 0.0456826 0.0456826 0.0055855 0.0055855 0.0000000 0.0000010 
Mlig.39938 0.0456826 0.0456826 0.0055855 0.0055855 0.0000010 0.0000000 
