10
Smar.5150  0.0000000 0.0675692 0.0582202 0.0475605 0.0573184 0.0526252 0.0527748 0.0573159 0.0527748 0.0476509 
Smar.8957  0.0675692 0.0000000 0.0431943 0.0478071 0.0335486 0.0334415 0.0288883 0.0335484 0.0288883 0.0189653 
Smar.8325  0.0582202 0.0431943 0.0000000 0.0428500 0.0332499 0.0285465 0.0286279 0.0332497 0.0286279 0.0236944 
Smar.6644  0.0475605 0.0478071 0.0428500 0.0000000 0.0378536 0.0236346 0.0332701 0.0188251 0.0332701 0.0283239 
Smar.9514  0.0573184 0.0335486 0.0332499 0.0378536 0.0000000 0.0236416 0.0141761 0.0188167 0.0141761 0.0188382 
Smar.3902  0.0526252 0.0334415 0.0285465 0.0236346 0.0236416 0.0000000 0.0189991 0.0141481 0.0189991 0.0141524 
Smar.2924  0.0527748 0.0288883 0.0286279 0.0332701 0.0141761 0.0189991 0.0000000 0.0141764 0.0000010 0.0141926 
Smar.4456  0.0573159 0.0335484 0.0332497 0.0188251 0.0188167 0.0141481 0.0141764 0.0000000 0.0141764 0.0188385 
Smar.6680  0.0527748 0.0288883 0.0286279 0.0332701 0.0141761 0.0189991 0.0000010 0.0141764 0.0000000 0.0141926 
Smar.8413  0.0476509 0.0189653 0.0236944 0.0283239 0.0188382 0.0141524 0.0141926 0.0188385 0.0141926 0.0000000 
