11
Mlig.15220 0.0000000 0.0114676 0.5781138 0.5794347 0.9651562 0.9675554 0.9716354 0.8833074 0.9708204 0.6009774 0.5846759 
Mlig.15221 0.0114676 0.0000000 0.5770787 0.5784005 0.9636323 0.9660358 0.9701277 0.8713485 0.9654766 0.5971936 0.5836546 
Mlig.28330 0.5781138 0.5770787 0.0000000 0.0076073 0.8411782 0.8408440 0.8469618 0.7247478 0.8227573 0.0271313 0.0095399 
Mlig.36662 0.5794347 0.5784005 0.0076073 0.0000000 0.8420042 0.8416698 0.8478009 0.7347140 0.8340705 0.0271495 0.0095368 
Mlig.35531 0.9651562 0.9636323 0.8411782 0.8420042 0.0000000 0.0096049 0.0038303 1.0407864 1.1349981 0.8965706 0.8546821 
Mlig.35532 0.9675554 0.9660358 0.8408440 0.8416698 0.0096049 0.0000000 0.0096205 1.0614353 1.1572769 0.8962552 0.8543518 
Mlig.35533 0.9716354 0.9701277 0.8469618 0.8478009 0.0038303 0.0096205 0.0000000 1.0478144 1.1425762 0.9026633 0.8605467 
Mlig.18437 0.8833074 0.8713485 0.7247478 0.7347140 1.0407864 1.0614353 1.0478144 0.0000000 0.0898393 0.7577002 0.7342077 
Mlig.18438 0.9708204 0.9654766 0.8227573 0.8340705 1.1349981 1.1572769 1.1425762 0.0898393 0.0000000 0.8636358 0.8336651 
Mlig.1122  0.6009774 0.5971936 0.0271313 0.0271495 0.8965706 0.8962552 0.9026633 0.7577002 0.8636358 0.0000000 0.0291686 
Mlig.28331 0.5846759 0.5836546 0.0095399 0.0095368 0.8546821 0.8543518 0.8605467 0.7342077 0.8336651 0.0291686 0.0000000 
