6
Mlig.4945  0.0000000 0.0000010 0.0166644 0.6353051 0.6353051 0.6366755 
Mlig.4946  0.0000010 0.0000000 0.0166644 0.6353051 0.6353051 0.6366755 
Mlig.4947  0.0166644 0.0166644 0.0000000 0.6323643 0.6323643 0.6337244 
Mlig.32849 0.6353051 0.6353051 0.6323643 0.0000000 0.0000010 0.0084337 
Mlig.32850 0.6353051 0.6353051 0.6323643 0.0000010 0.0000000 0.0084337 
Mlig.32851 0.6366755 0.6366755 0.6337244 0.0084337 0.0084337 0.0000000 
