18
Mlig.23215 0.0000000 0.0039701 0.2401400 0.2457528 1.2110914 1.2110914 1.2135595 0.9604296 0.9604296 0.9604296 0.8788387 0.8871245 0.8788387 1.2670046 1.2670046 1.2670046 1.2274651 1.2274651 
Mlig.12945 0.0039701 0.0000000 0.2340570 0.2396497 1.1973353 1.1973353 1.1997771 0.9492605 0.9492605 0.9492605 0.8681229 0.8763497 0.8681229 1.2529160 1.2529160 1.2529160 1.2137386 1.2137386 
Mlig.12400 0.2401400 0.2340570 0.0000000 0.0039798 1.2419748 1.2419748 1.2445174 0.9371633 0.9371633 0.9371633 0.7608915 0.7685062 0.7608915 1.2680927 1.2680927 1.2680927 1.2744048 1.2744048 
Mlig.13920 0.2457528 0.2396497 0.0039798 0.0000000 1.2521896 1.2521896 1.2547489 0.9456038 0.9456038 0.9456038 0.7685713 0.7762074 0.7685713 1.2782582 1.2782582 1.2782582 1.2846556 1.2846556 
Mlig.23130 1.2110914 1.1973353 1.2419748 1.2521896 0.0000000 0.0000010 0.0038390 0.9678497 0.9678497 0.9678497 0.8837945 0.8776692 0.8837945 0.7362188 0.7362188 0.7362188 0.7714911 0.7714911 
Mlig.23132 1.2110914 1.1973353 1.2419748 1.2521896 0.0000010 0.0000000 0.0038390 0.9678497 0.9678497 0.9678497 0.8837945 0.8776692 0.8837945 0.7362188 0.7362188 0.7362188 0.7714911 0.7714911 
Mlig.23131 1.2135595 1.1997771 1.2445174 1.2547489 0.0038390 0.0038390 0.0000000 0.9738410 0.9738410 0.9738410 0.8883252 0.8821855 0.8883252 0.7358834 0.7358834 0.7358834 0.7711310 0.7711310 
Mlig.19882 0.9604296 0.9492605 0.9371633 0.9456038 0.9678497 0.9678497 0.9738410 0.0000000 0.0000010 0.0000010 0.5123646 0.5148444 0.5123646 0.7846993 0.7846993 0.7846993 0.8034871 0.8034871 
Mlig.19883 0.9604296 0.9492605 0.9371633 0.9456038 0.9678497 0.9678497 0.9738410 0.0000010 0.0000000 0.0000010 0.5123646 0.5148444 0.5123646 0.7846993 0.7846993 0.7846993 0.8034871 0.8034871 
Mlig.19884 0.9604296 0.9492605 0.9371633 0.9456038 0.9678497 0.9678497 0.9738410 0.0000010 0.0000010 0.0000000 0.5123646 0.5148444 0.5123646 0.7846993 0.7846993 0.7846993 0.8034871 0.8034871 
Mlig.31908 0.8788387 0.8681229 0.7608915 0.7685713 0.8837945 0.8837945 0.8883252 0.5123646 0.5123646 0.5123646 0.0000000 0.0039243 0.0000010 0.7533425 0.7533425 0.7533425 0.8125717 0.8125717 
Mlig.31909 0.8871245 0.8763497 0.7685062 0.7762074 0.8776692 0.8776692 0.8821855 0.5148444 0.5148444 0.5148444 0.0039243 0.0000000 0.0039243 0.7477344 0.7477344 0.7477344 0.8068103 0.8068103 
Mlig.31910 0.8788387 0.8681229 0.7608915 0.7685713 0.8837945 0.8837945 0.8883252 0.5123646 0.5123646 0.5123646 0.0000010 0.0039243 0.0000000 0.7533425 0.7533425 0.7533425 0.8125717 0.8125717 
Mlig.33748 1.2670046 1.2529160 1.2680927 1.2782582 0.7362188 0.7362188 0.7358834 0.7846993 0.7846993 0.7846993 0.7533425 0.7477344 0.7533425 0.0000000 0.0000010 0.0000010 0.1916330 0.1916330 
Mlig.33749 1.2670046 1.2529160 1.2680927 1.2782582 0.7362188 0.7362188 0.7358834 0.7846993 0.7846993 0.7846993 0.7533425 0.7477344 0.7533425 0.0000010 0.0000000 0.0000010 0.1916330 0.1916330 
Mlig.33750 1.2670046 1.2529160 1.2680927 1.2782582 0.7362188 0.7362188 0.7358834 0.7846993 0.7846993 0.7846993 0.7533425 0.7477344 0.7533425 0.0000010 0.0000010 0.0000000 0.1916330 0.1916330 
Mlig.30135 1.2274651 1.2137386 1.2744048 1.2846556 0.7714911 0.7714911 0.7711310 0.8034871 0.8034871 0.8034871 0.8125717 0.8068103 0.8125717 0.1916330 0.1916330 0.1916330 0.0000000 0.0000010 
Mlig.30136 1.2274651 1.2137386 1.2744048 1.2846556 0.7714911 0.7714911 0.7711310 0.8034871 0.8034871 0.8034871 0.8125717 0.8068103 0.8125717 0.1916330 0.1916330 0.1916330 0.0000010 0.0000000 
