28
Smed.23436 0.0000000 0.0000010 0.0000010 0.0000010 0.0000010 0.0000010 0.0000010 0.0000010 0.0000010 0.0000010 0.0000010 0.0000010 0.0000010 0.0000010 0.0000010 0.4859222 0.4569721 0.4730347 0.7758713 0.6599808 0.4734437 0.5629608 0.5366762 0.5225256 0.5225256 0.5679090 1.3279330 0.0000010 
Smed.22815 0.0000010 0.0000000 0.0000010 0.0000010 0.0000010 0.0000010 0.0000010 0.0000010 0.0000010 0.0000010 0.0000010 0.0000010 0.0000010 0.0000010 0.0000010 0.4859222 0.4569721 0.4730347 0.7758713 0.6599808 0.4734437 0.5629608 0.5366762 0.5225256 0.5225256 0.5679090 1.3279330 0.0000010 
Smed.17666 0.0000010 0.0000010 0.0000000 0.0000010 0.0000010 0.0000010 0.0000010 0.0000010 0.0000010 0.0000010 0.0000010 0.0000010 0.0000010 0.0000010 0.0000010 0.4859222 0.4569721 0.4730347 0.7758713 0.6599808 0.4734437 0.5629608 0.5366762 0.5225256 0.5225256 0.5679090 1.3279330 0.0000010 
Smed.26950 0.0000010 0.0000010 0.0000010 0.0000000 0.0000010 0.0000010 0.0000010 0.0000010 0.0000010 0.0000010 0.0000010 0.0000010 0.0000010 0.0000010 0.0000010 0.4859222 0.4569721 0.4730347 0.7758713 0.6599808 0.4734437 0.5629608 0.5366762 0.5225256 0.5225256 0.5679090 1.3279330 0.0000010 
Smed.23074 0.0000010 0.0000010 0.0000010 0.0000010 0.0000000 0.0000010 0.0000010 0.0000010 0.0000010 0.0000010 0.0000010 0.0000010 0.0000010 0.0000010 0.0000010 0.4859222 0.4569721 0.4730347 0.7758713 0.6599808 0.4734437 0.5629608 0.5366762 0.5225256 0.5225256 0.5679090 1.3279330 0.0000010 
Smed.20472 0.0000010 0.0000010 0.0000010 0.0000010 0.0000010 0.0000000 0.0000010 0.0000010 0.0000010 0.0000010 0.0000010 0.0000010 0.0000010 0.0000010 0.0000010 0.4859222 0.4569721 0.4730347 0.7758713 0.6599808 0.4734437 0.5629608 0.5366762 0.5225256 0.5225256 0.5679090 1.3279330 0.0000010 
Smed.21486 0.0000010 0.0000010 0.0000010 0.0000010 0.0000010 0.0000010 0.0000000 0.0000010 0.0000010 0.0000010 0.0000010 0.0000010 0.0000010 0.0000010 0.0000010 0.4859222 0.4569721 0.4730347 0.7758713 0.6599808 0.4734437 0.5629608 0.5366762 0.5225256 0.5225256 0.5679090 1.3279330 0.0000010 
Smed.25563 0.0000010 0.0000010 0.0000010 0.0000010 0.0000010 0.0000010 0.0000010 0.0000000 0.0000010 0.0000010 0.0000010 0.0000010 0.0000010 0.0000010 0.0000010 0.4859222 0.4569721 0.4730347 0.7758713 0.6599808 0.4734437 0.5629608 0.5366762 0.5225256 0.5225256 0.5679090 1.3279330 0.0000010 
Smed.23188 0.0000010 0.0000010 0.0000010 0.0000010 0.0000010 0.0000010 0.0000010 0.0000010 0.0000000 0.0000010 0.0000010 0.0000010 0.0000010 0.0000010 0.0000010 0.4859222 0.4569721 0.4730347 0.7758713 0.6599808 0.4734437 0.5629608 0.5366762 0.5225256 0.5225256 0.5679090 1.3279330 0.0000010 
Smed.8847  0.0000010 0.0000010 0.0000010 0.0000010 0.0000010 0.0000010 0.0000010 0.0000010 0.0000010 0.0000000 0.0000010 0.0000010 0.0000010 0.0000010 0.0000010 0.4859222 0.4569721 0.4730347 0.7758713 0.6599808 0.4734437 0.5629608 0.5366762 0.5225256 0.5225256 0.5679090 1.3279330 0.0000010 
Smed.7927  0.0000010 0.0000010 0.0000010 0.0000010 0.0000010 0.0000010 0.0000010 0.0000010 0.0000010 0.0000010 0.0000000 0.0000010 0.0000010 0.0000010 0.0000010 0.4859222 0.4569721 0.4730347 0.7758713 0.6599808 0.4734437 0.5629608 0.5366762 0.5225256 0.5225256 0.5679090 1.3279330 0.0000010 
Smed.20806 0.0000010 0.0000010 0.0000010 0.0000010 0.0000010 0.0000010 0.0000010 0.0000010 0.0000010 0.0000010 0.0000010 0.0000000 0.0000010 0.0000010 0.0000010 0.4859222 0.4569721 0.4730347 0.7758713 0.6599808 0.4734437 0.5629608 0.5366762 0.5225256 0.5225256 0.5679090 1.3279330 0.0000010 
Smed.23642 0.0000010 0.0000010 0.0000010 0.0000010 0.0000010 0.0000010 0.0000010 0.0000010 0.0000010 0.0000010 0.0000010 0.0000010 0.0000000 0.0000010 0.0000010 0.4859222 0.4569721 0.4730347 0.7758713 0.6599808 0.4734437 0.5629608 0.5366762 0.5225256 0.5225256 0.5679090 1.3279330 0.0000010 
Smed.8846  0.0000010 0.0000010 0.0000010 0.0000010 0.0000010 0.0000010 0.0000010 0.0000010 0.0000010 0.0000010 0.0000010 0.0000010 0.0000010 0.0000000 0.0000010 0.4859222 0.4569721 0.4730347 0.7758713 0.6599808 0.4734437 0.5629608 0.5366762 0.5225256 0.5225256 0.5679090 1.3279330 0.0000010 
Smed.23045 0.0000010 0.0000010 0.0000010 0.0000010 0.0000010 0.0000010 0.0000010 0.0000010 0.0000010 0.0000010 0.0000010 0.0000010 0.0000010 0.0000010 0.0000000 0.4859222 0.4569721 0.4730347 0.7758713 0.6599808 0.4734437 0.5629608 0.5366762 0.5225256 0.5225256 0.5679090 1.3279330 0.0000010 
Smed.11914 0.4859222 0.4859222 0.4859222 0.4859222 0.4859222 0.4859222 0.4859222 0.4859222 0.4859222 0.4859222 0.4859222 0.4859222 0.4859222 0.4859222 0.4859222 0.0000000 0.0360461 0.0360267 0.7213593 0.5127492 0.4342682 0.3583750 0.3504989 0.3270520 0.3270520 0.3763836 0.9633150 0.4859222 
Smed.6714  0.4569721 0.4569721 0.4569721 0.4569721 0.4569721 0.4569721 0.4569721 0.4569721 0.4569721 0.4569721 0.4569721 0.4569721 0.4569721 0.4569721 0.4569721 0.0360461 0.0000000 0.0353448 0.6754785 0.5062879 0.4078022 0.3333526 0.3261360 0.3031420 0.3031420 0.3513570 0.9577560 0.4569721 
Smed.8981  0.4730347 0.4730347 0.4730347 0.4730347 0.4730347 0.4730347 0.4730347 0.4730347 0.4730347 0.4730347 0.4730347 0.4730347 0.4730347 0.4730347 0.4730347 0.0360267 0.0353448 0.0000000 0.6726364 0.5227971 0.4232019 0.3495431 0.3420521 0.3192260 0.3192260 0.3671909 0.9102527 0.4730347 
Smed.7988  0.7758713 0.7758713 0.7758713 0.7758713 0.7758713 0.7758713 0.7758713 0.7758713 0.7758713 0.7758713 0.7758713 0.7758713 0.7758713 0.7758713 0.7758713 0.7213593 0.6754785 0.6726364 0.0000000 0.4728610 0.8353036 0.6942233 0.6410244 0.6460025 0.6460025 0.6760818 1.8009282 0.7758713 
Smed.2860  0.6599808 0.6599808 0.6599808 0.6599808 0.6599808 0.6599808 0.6599808 0.6599808 0.6599808 0.6599808 0.6599808 0.6599808 0.6599808 0.6599808 0.6599808 0.5127492 0.5062879 0.5227971 0.4728610 0.0000000 0.6449386 0.5752473 0.5726484 0.5685127 0.5685127 0.6043894 1.4685976 0.6599808 
Smed.9539  0.4734437 0.4734437 0.4734437 0.4734437 0.4734437 0.4734437 0.4734437 0.4734437 0.4734437 0.4734437 0.4734437 0.4734437 0.4734437 0.4734437 0.4734437 0.4342682 0.4078022 0.4232019 0.8353036 0.6449386 0.0000000 0.3507219 0.3431137 0.3200032 0.3200032 0.3685735 1.3325587 0.4734437 
Smed.3171  0.5629608 0.5629608 0.5629608 0.5629608 0.5629608 0.5629608 0.5629608 0.5629608 0.5629608 0.5629608 0.5629608 0.5629608 0.5629608 0.5629608 0.5629608 0.3583750 0.3333526 0.3495431 0.6942233 0.5752473 0.3507219 0.0000000 0.0357470 0.0177819 0.0177819 0.0541379 1.3253270 0.5629608 
Smed.13341 0.5366762 0.5366762 0.5366762 0.5366762 0.5366762 0.5366762 0.5366762 0.5366762 0.5366762 0.5366762 0.5366762 0.5366762 0.5366762 0.5366762 0.5366762 0.3504989 0.3261360 0.3420521 0.6410244 0.5726484 0.3431137 0.0357470 0.0000000 0.0174759 0.0174759 0.0175763 1.2834130 0.5366762 
Smed.8983  0.5225256 0.5225256 0.5225256 0.5225256 0.5225256 0.5225256 0.5225256 0.5225256 0.5225256 0.5225256 0.5225256 0.5225256 0.5225256 0.5225256 0.5225256 0.3270520 0.3031420 0.3192260 0.6460025 0.5685127 0.3200032 0.0177819 0.0174759 0.0000000 0.0000010 0.0352787 1.2397630 0.5225256 
Smed.18133 0.5225256 0.5225256 0.5225256 0.5225256 0.5225256 0.5225256 0.5225256 0.5225256 0.5225256 0.5225256 0.5225256 0.5225256 0.5225256 0.5225256 0.5225256 0.3270520 0.3031420 0.3192260 0.6460025 0.5685127 0.3200032 0.0177819 0.0174759 0.0000010 0.0000000 0.0352787 1.2397630 0.5225256 
Smed.20738 0.5679090 0.5679090 0.5679090 0.5679090 0.5679090 0.5679090 0.5679090 0.5679090 0.5679090 0.5679090 0.5679090 0.5679090 0.5679090 0.5679090 0.5679090 0.3763836 0.3513570 0.3671909 0.6760818 0.6043894 0.3685735 0.0541379 0.0175763 0.0352787 0.0352787 0.0000000 1.3430648 0.5679090 
Smed.9317  1.3279330 1.3279330 1.3279330 1.3279330 1.3279330 1.3279330 1.3279330 1.3279330 1.3279330 1.3279330 1.3279330 1.3279330 1.3279330 1.3279330 1.3279330 0.9633150 0.9577560 0.9102527 1.8009282 1.4685976 1.3325587 1.3253270 1.2834130 1.2397630 1.2397630 1.3430648 0.0000000 1.3279330 
Smed.27960 0.0000010 0.0000010 0.0000010 0.0000010 0.0000010 0.0000010 0.0000010 0.0000010 0.0000010 0.0000010 0.0000010 0.0000010 0.0000010 0.0000010 0.0000010 0.4859222 0.4569721 0.4730347 0.7758713 0.6599808 0.4734437 0.5629608 0.5366762 0.5225256 0.5225256 0.5679090 1.3279330 0.0000000 
