6
Smed.11085 0.0000000 0.2233432 0.1149363 0.2190449 0.1879564 0.1976587 
Smed.13477 0.2233432 0.0000000 0.1167055 0.0771633 0.0763336 0.1144733 
Smed.322   0.1149363 0.1167055 0.0000000 0.1146679 0.1134051 0.0732832 
Smed.10855 0.2190449 0.0771633 0.1146679 0.0000000 0.0750180 0.1125090 
Smed.23439 0.1879564 0.0763336 0.1134051 0.0750180 0.0000000 0.1112943 
Smed.11367 0.1976587 0.1144733 0.0732832 0.1125090 0.1112943 0.0000000 
