6
Mlig.47138 0.0000000 0.0000010 1.0248468 1.0246642 1.1901898 1.1927650 
Mlig.47140 0.0000010 0.0000000 1.0248468 1.0246642 1.1901898 1.1927650 
Mlig.40541 1.0248468 1.0248468 0.0000000 0.0069120 0.8272601 0.8325134 
Mlig.40543 1.0246642 1.0246642 0.0069120 0.0000000 0.8223104 0.8275277 
Mlig.2297  1.1901898 1.1901898 0.8272601 0.8223104 0.0000000 0.0017286 
Mlig.2299  1.1927650 1.1927650 0.8325134 0.8275277 0.0017286 0.0000000 
