9
Mlig.34568 0.0000000 0.0064293 0.8379974 0.8379974 0.7341110 0.7903690 0.7903690 0.8029888 0.8029888 
Mlig.41841 0.0064293 0.0000000 0.8397844 0.8397844 0.7212047 0.7767441 0.7767441 0.7892348 0.7892348 
Mlig.18567 0.8379974 0.8397844 0.0000000 0.0000010 0.1348996 0.1126561 0.1126561 0.1195297 0.1195297 
Mlig.18568 0.8379974 0.8397844 0.0000010 0.0000000 0.1348996 0.1126561 0.1126561 0.1195297 0.1195297 
Mlig.2639  0.7341110 0.7212047 0.1348996 0.1348996 0.0000000 0.0519920 0.0519920 0.0586037 0.0586037 
Mlig.14924 0.7903690 0.7767441 0.1126561 0.1126561 0.0519920 0.0000000 0.0000010 0.0061939 0.0061939 
Mlig.14925 0.7903690 0.7767441 0.1126561 0.1126561 0.0519920 0.0000010 0.0000000 0.0061939 0.0061939 
Mlig.14929 0.8029888 0.7892348 0.1195297 0.1195297 0.0586037 0.0061939 0.0061939 0.0000000 0.0000010 
Mlig.14930 0.8029888 0.7892348 0.1195297 0.1195297 0.0586037 0.0061939 0.0061939 0.0000010 0.0000000 
