6
Mlig.18129 0.0000000 0.0000010 0.0025379 0.3836942 0.3799780 0.3849019 
Mlig.18130 0.0000010 0.0000000 0.0025379 0.3836942 0.3799780 0.3849019 
Mlig.18131 0.0025379 0.0025379 0.0000000 0.3845990 0.3808732 0.3858095 
Mlig.4684  0.3836942 0.3836942 0.3845990 0.0000000 0.0230878 0.0283765 
Mlig.21291 0.3799780 0.3799780 0.3808732 0.0230878 0.0000000 0.0050892 
Mlig.22209 0.3849019 0.3849019 0.3858095 0.0283765 0.0050892 0.0000000 
