6
Mlig.13265 0.0000000 0.0534680 0.1035113 0.7908043 0.7886242 0.7817062 
Mlig.13266 0.0534680 0.0000000 0.0469677 0.7198651 0.7178057 0.7113660 
Mlig.39045 0.1035113 0.0469677 0.0000000 0.7266805 0.7245916 0.7180512 
Mlig.6900  0.7908043 0.7198651 0.7266805 0.0000000 0.0079694 0.0106237 
Mlig.33206 0.7886242 0.7178057 0.7245916 0.0079694 0.0000000 0.0079749 
Mlig.33208 0.7817062 0.7113660 0.7180512 0.0106237 0.0079749 0.0000000 
