8
Smar.1708  0.0000000 0.1151683 0.1140342 0.1162251 0.1162251 0.2706776 0.2706776 0.0434888 
Smar.9013  0.1151683 0.0000000 0.0009673 0.0038758 0.0038758 0.3780004 0.3780004 0.1107364 
Smar.2721  0.1140342 0.0009673 0.0000000 0.0029043 0.0029043 0.3776875 0.3776875 0.1096097 
Smar.7946  0.1162251 0.0038758 0.0029043 0.0000000 0.0000010 0.3794041 0.3794041 0.1117891 
Smar.7947  0.1162251 0.0038758 0.0029043 0.0000010 0.0000000 0.3794041 0.3794041 0.1117891 
Smar.5414  0.2706776 0.3780004 0.3776875 0.3794041 0.3794041 0.0000000 0.0000010 0.2784436 
Smar.5425  0.2706776 0.3780004 0.3776875 0.3794041 0.3794041 0.0000010 0.0000000 0.2784436 
Smar.5862  0.0434888 0.1107364 0.1096097 0.1117891 0.1117891 0.2784436 0.2784436 0.0000000 
