10
Mlig.24806 0.0000000 0.5124559 0.4951435 0.5124559 0.1119302 0.2876465 0.2876465 0.0000010 0.1119302 0.1255670 
Mlig.12527 0.5124559 0.0000000 0.0108378 0.0000010 0.5102840 0.4653784 0.4653784 0.5124559 0.5102840 0.5375284 
Mlig.12525 0.4951435 0.0108378 0.0000000 0.0108378 0.4970165 0.4489966 0.4489966 0.4951435 0.4970165 0.5232681 
Mlig.12526 0.5124559 0.0000010 0.0108378 0.0000000 0.5102840 0.4653784 0.4653784 0.5124559 0.5102840 0.5375284 
Mlig.29212 0.1119302 0.5102840 0.4970165 0.5102840 0.0000000 0.3062417 0.3062417 0.1119302 0.0000010 0.0108012 
Mlig.17878 0.2876465 0.4653784 0.4489966 0.4653784 0.3062417 0.0000000 0.0000010 0.2876465 0.3062417 0.3263002 
Mlig.30586 0.2876465 0.4653784 0.4489966 0.4653784 0.3062417 0.0000010 0.0000000 0.2876465 0.3062417 0.3263002 
Mlig.24804 0.0000010 0.5124559 0.4951435 0.5124559 0.1119302 0.2876465 0.2876465 0.0000000 0.1119302 0.1255670 
Mlig.13138 0.1119302 0.5102840 0.4970165 0.5102840 0.0000010 0.3062417 0.3062417 0.1119302 0.0000000 0.0108012 
Mlig.24976 0.1255670 0.5375284 0.5232681 0.5375284 0.0108012 0.3263002 0.3263002 0.1255670 0.0108012 0.0000000 
