6
Mlig.45638 0.0000000 0.0000010 0.0014049 0.7473591 0.7505016 0.7473591 
Mlig.45639 0.0000010 0.0000000 0.0014049 0.7473591 0.7505016 0.7473591 
Mlig.45640 0.0014049 0.0014049 0.0000000 0.7500061 0.7531548 0.7500061 
Mlig.17337 0.7473591 0.7473591 0.7500061 0.0000000 0.0056627 0.0000010 
Mlig.17338 0.7505016 0.7505016 0.7531548 0.0056627 0.0000000 0.0056627 
Mlig.17339 0.7473591 0.7473591 0.7500061 0.0000010 0.0056627 0.0000000 
