26
Hdim.2132  0.0000000 3.5124723 3.4064992 3.4628438 6.6674184 2.2279059 2.1871987 8.9999990 7.0126107 5.3616784 4.3677335 3.1966324 3.2688893 2.8944227 2.6363737 3.3060144 3.3060144 2.6363737 3.0566035 3.0566035 3.8841273 5.1601621 9.0000000 2.6163612 5.0557201 2.1428277 
Hdim.9914  3.5124723 0.0000000 0.6395659 0.5141508 1.6614352 0.6810520 1.3927919 0.7692417 8.9999984 0.7778246 1.1634213 0.7360206 0.5642813 0.5006970 0.5283450 0.6782447 0.6782447 0.5283450 0.6439261 0.6439261 0.8418905 0.7489811 1.1165535 0.7166162 0.9971794 1.7115279 
Hdim.4517  3.4064992 0.6395659 0.0000000 0.2182328 0.9184605 0.2643620 0.5313960 1.2188572 6.0034228 0.5326720 1.2057772 0.9132901 0.7681323 0.8099075 0.8243740 0.9907677 0.9907677 0.8243740 0.6529536 0.6529536 1.3274875 1.0698234 1.2552323 0.5549121 1.1852287 0.7356695 
Hdim.15049 3.4628438 0.5141508 0.2182328 0.0000000 1.1220985 0.5967885 0.9372168 2.0158630 9.0000000 1.0326938 1.7175802 1.3927451 1.0792270 1.2475793 1.0464667 1.2184612 1.2184612 1.0464667 0.8588356 0.8588356 1.2059318 1.2856632 1.8995035 0.9238947 1.7297642 1.0723824 
Hdim.351   6.6674184 1.6614352 0.9184605 1.1220985 0.0000000 0.8568377 0.7148653 1.2763391 8.9999989 1.7418484 2.1544922 1.5654268 1.0693308 1.5268285 1.4327341 1.6723245 1.6723245 1.4327341 1.6882365 1.6882365 2.1896284 1.1774764 1.7212715 1.0118050 1.3575643 0.8054218 
Hdim.12673 2.2279059 0.6810520 0.2643620 0.5967885 0.8568377 0.0000000 0.3165837 0.9420197 3.8025947 0.5701029 1.0258375 0.5694557 0.4576014 0.2985876 0.5014531 0.6218846 0.6218846 0.5014531 0.6315470 0.6315470 0.8672781 1.0060306 0.9603392 0.2981462 0.7744040 0.4952448 
Hdim.14541 2.1871987 1.3927919 0.5313960 0.9372168 0.7148653 0.3165837 0.0000000 1.0041698 6.2801998 0.9070233 1.0852453 0.3782563 0.6066689 0.6434901 0.6506470 0.7929464 0.7929464 0.6506470 0.7983592 0.7983592 1.0770448 1.2417661 1.0956700 0.3756911 0.8866726 0.3116919 
Hdim.12196 8.9999990 0.7692417 1.2188572 2.0158630 1.2763391 0.9420197 1.0041698 0.0000000 8.0771261 0.5400854 1.0700551 0.6015476 0.5512510 0.5861846 0.5905152 0.7565987 0.7565987 0.5905152 0.7149886 0.7149886 0.9465834 0.8052138 0.7454048 0.5854320 0.5812111 1.0854579 
Hdim.12433 7.0126107 8.9999984 6.0034228 9.0000000 8.9999989 3.8025947 6.2801998 8.0771261 0.0000000 6.9210503 9.0000000 8.9999981 8.9999989 8.9364433 8.6864957 8.9999988 8.9999988 8.6864957 8.9999986 8.9999986 8.9999988 8.9999988 8.9999983 8.9999983 8.9999980 5.4543138 
Hdim.11254 5.3616784 0.7778246 0.5326720 1.0326938 1.7418484 0.5701029 0.9070233 0.5400854 6.9210503 0.0000000 0.5206534 0.5015571 0.4071182 0.4894922 0.4464285 0.5837371 0.5837371 0.4464285 0.3393834 0.3393834 0.7905121 0.8266942 0.6416262 0.4885079 0.7127176 1.1647524 
Hdim.7663  4.3677335 1.1634213 1.2057772 1.7175802 2.1544922 1.0258375 1.0852453 1.0700551 9.0000000 0.5206534 0.0000000 0.4339434 0.4439931 0.4406288 0.6061096 0.4724080 0.4724080 0.6061096 0.6129690 0.6129690 0.6577717 0.6911347 0.4636274 0.4063745 0.3756255 1.4376910 
Hdim.9828  3.1966324 0.7360206 0.9132901 1.3927451 1.5654268 0.5694557 0.3782563 0.6015476 8.9999981 0.5015571 0.4339434 0.0000000 0.1538772 0.1521689 0.2524427 0.3653664 0.3653664 0.2524427 0.3494978 0.3494978 0.5337215 0.6333203 0.3551546 0.1516690 0.2751927 0.9157625 
Hdim.2172  3.2688893 0.5642813 0.7681323 1.0792270 1.0693308 0.4576014 0.6066689 0.5512510 8.9999989 0.4071182 0.4439931 0.1538772 0.0000000 0.1516929 0.2196713 0.3337655 0.3337655 0.2196713 0.3192058 0.3192058 0.4965560 0.5921428 0.3510969 0.1511987 0.2727863 0.8627757 
Hdim.6890  2.8944227 0.5006970 0.8099075 1.2475793 1.5268285 0.2985876 0.6434901 0.5861846 8.9364433 0.4894922 0.4406288 0.1521689 0.1516929 0.0000000 0.2479028 0.3573997 0.3573997 0.2479028 0.3423306 0.3423306 0.5192544 0.6153517 0.3478672 0.1495478 0.2698519 0.8896890 
Hdim.2433  2.6363737 0.5283450 0.8243740 1.0464667 1.4327341 0.5014531 0.6506470 0.5905152 8.6864957 0.4464285 0.6061096 0.2524427 0.2196713 0.2479028 0.0000000 0.0708092 0.0708092 0.0000010 0.0686794 0.0686794 0.1606518 0.2330902 0.4953810 0.2471098 0.4054294 0.9069567 
Hdim.12396 3.3060144 0.6782447 0.9907677 1.2184612 1.6723245 0.6218846 0.7929464 0.7565987 8.9999988 0.5837371 0.4724080 0.3653664 0.3337655 0.3573997 0.0708092 0.0000000 0.0000010 0.0708092 0.1456140 0.1456140 0.0766328 0.1477780 0.6558891 0.3204646 0.2858111 1.0623227 
Hdim.1426  3.3060144 0.6782447 0.9907677 1.2184612 1.6723245 0.6218846 0.7929464 0.7565987 8.9999988 0.5837371 0.4724080 0.3653664 0.3337655 0.3573997 0.0708092 0.0000010 0.0000000 0.0708092 0.1456140 0.1456140 0.0766328 0.1477780 0.6558891 0.3204646 0.2858111 1.0623227 
Hdim.8449  2.6363737 0.5283450 0.8243740 1.0464667 1.4327341 0.5014531 0.6506470 0.5905152 8.6864957 0.4464285 0.6061096 0.2524427 0.2196713 0.2479028 0.0000010 0.0708092 0.0708092 0.0000000 0.0686794 0.0686794 0.1606518 0.2330902 0.4953810 0.2471098 0.4054294 0.9069567 
Hdim.6688  3.0566035 0.6439261 0.6529536 0.8588356 1.6882365 0.6315470 0.7983592 0.7149886 8.9999986 0.3393834 0.6129690 0.3494978 0.3192058 0.3423306 0.0686794 0.1456140 0.1456140 0.0686794 0.0000000 0.0000010 0.2475176 0.3204111 0.5013139 0.3413667 0.5252180 1.0647420 
Hdim.732   3.0566035 0.6439261 0.6529536 0.8588356 1.6882365 0.6315470 0.7983592 0.7149886 8.9999986 0.3393834 0.6129690 0.3494978 0.3192058 0.3423306 0.0686794 0.1456140 0.1456140 0.0686794 0.0000010 0.0000000 0.2475176 0.3204111 0.5013139 0.3413667 0.5252180 1.0647420 
Hdim.3318  3.8841273 0.8418905 1.3274875 1.2059318 2.1896284 0.8672781 1.0770448 0.9465834 8.9999988 0.7905121 0.6577717 0.5337215 0.4965560 0.5192544 0.1606518 0.0766328 0.0766328 0.1606518 0.2475176 0.2475176 0.0000000 0.2521093 0.9036455 0.4781208 0.4441367 1.2253465 
Hdim.3482  5.1601621 0.7489811 1.0698234 1.2856632 1.1774764 1.0060306 1.2417661 0.8052138 8.9999988 0.8266942 0.6911347 0.6333203 0.5921428 0.6153517 0.2330902 0.1477780 0.1477780 0.2330902 0.3204111 0.3204111 0.2521093 0.0000000 0.8782029 0.5719567 0.3806554 1.3653675 
Hdim.9726  9.0000000 1.1165535 1.2552323 1.8995035 1.7212715 0.9603392 1.0956700 0.7454048 8.9999983 0.6416262 0.4636274 0.3551546 0.3510969 0.3478672 0.4953810 0.6558891 0.6558891 0.4953810 0.5013139 0.5013139 0.9036455 0.8782029 0.0000000 0.3469023 0.4353437 0.9435419 
Hdim.5217  2.6163612 0.7166162 0.5549121 0.9238947 1.0118050 0.2981462 0.3756911 0.5854320 8.9999983 0.4885079 0.4063745 0.1516690 0.1511987 0.1495478 0.2471098 0.3204646 0.3204646 0.2471098 0.3413667 0.3413667 0.4781208 0.5719567 0.3469023 0.0000000 0.2307709 0.5890784 
Hdim.11720 5.0557201 0.9971794 1.1852287 1.7297642 1.3575643 0.7744040 0.8866726 0.5812111 8.9999980 0.7127176 0.3756255 0.2751927 0.2727863 0.2698519 0.4054294 0.2858111 0.2858111 0.4054294 0.5252180 0.5252180 0.4441367 0.3806554 0.4353437 0.2307709 0.0000000 1.0033545 
Hdim.2652  2.1428277 1.7115279 0.7356695 1.0723824 0.8054218 0.4952448 0.3116919 1.0854579 5.4543138 1.1647524 1.4376910 0.9157625 0.8627757 0.8896890 0.9069567 1.0623227 1.0623227 0.9069567 1.0647420 1.0647420 1.2253465 1.3653675 0.9435419 0.5890784 1.0033545 0.0000000 
