9
Smed.2875  0.0000000 0.0805975 0.1111758 0.1578227 0.7995615 0.1391572 0.0674555 0.0817135 0.0962243 
Smed.5340  0.0805975 0.0000000 0.1259830 0.1885911 0.7713655 0.1687626 0.0953808 0.1100508 0.1250120 
Smed.4570  0.1111758 0.1259830 0.0000000 0.2256602 0.8785079 0.1885962 0.1269203 0.1265194 0.1582499 
Smed.13851 0.1578227 0.1885911 0.2256602 0.0000000 0.8510408 0.2052952 0.1747835 0.1759391 0.1767656 
Smed.16468 0.7995615 0.7713655 0.8785079 0.8510408 0.0000000 0.8180017 0.8047362 0.8074877 0.8020435 
Smed.6122  0.1391572 0.1687626 0.1885962 0.2052952 0.8180017 0.0000000 0.1553239 0.1710900 0.1725337 
Smed.9829  0.0674555 0.0953808 0.1269203 0.1747835 0.8047362 0.1553239 0.0000000 0.0967092 0.1115840 
Smed.3351  0.0817135 0.1100508 0.1265194 0.1759391 0.8074877 0.1710900 0.0967092 0.0000000 0.1267576 
Smed.11099 0.0962243 0.1250120 0.1582499 0.1767656 0.8020435 0.1725337 0.1115840 0.1267576 0.0000000 
