6
Smed.21677 0.0000000 0.8970217 2.4076555 2.4076555 1.9015981 1.8305557 
Smed.4454  0.8970217 0.0000000 0.6313473 0.6313473 0.4655842 0.5976181 
Smed.12000 2.4076555 0.6313473 0.0000000 0.0000010 0.2354345 0.2856139 
Smed.12724 2.4076555 0.6313473 0.0000010 0.0000000 0.2354345 0.2856139 
Smed.1875  1.9015981 0.4655842 0.2354345 0.2354345 0.0000000 0.1888158 
Smed.23881 1.8305557 0.5976181 0.2856139 0.2856139 0.1888158 0.0000000 
