8
Mlig.31383 0.0000000 0.0000010 0.1205704 0.1205704 0.1205704 0.0000010 0.1671927 0.0840290 
Mlig.31384 0.0000010 0.0000000 0.1205704 0.1205704 0.1205704 0.0000010 0.1671927 0.0840290 
Mlig.3963  0.1205704 0.1205704 0.0000000 0.0000010 0.0000010 0.1205704 0.1937304 0.1209010 
Mlig.23378 0.1205704 0.1205704 0.0000010 0.0000000 0.0000010 0.1205704 0.1937304 0.1209010 
Mlig.34766 0.1205704 0.1205704 0.0000010 0.0000010 0.0000000 0.1205704 0.1937304 0.1209010 
Mlig.31382 0.0000010 0.0000010 0.1205704 0.1205704 0.1205704 0.0000000 0.1671927 0.0840290 
Mlig.1383  0.1671927 0.1671927 0.1937304 0.1937304 0.1937304 0.1671927 0.0000000 0.0751855 
Mlig.23299 0.0840290 0.0840290 0.1209010 0.1209010 0.1209010 0.0840290 0.0751855 0.0000000 
