6
Mlig.4577  0.0000000 0.0014712 0.0014712 0.7786507 0.7790330 0.7814228 
Mlig.17103 0.0014712 0.0000000 0.0000010 0.7816252 0.7820090 0.7844044 
Mlig.19795 0.0014712 0.0000010 0.0000000 0.7816252 0.7820090 0.7844044 
Mlig.28227 0.7786507 0.7816252 0.7816252 0.0000000 0.0014825 0.0134542 
Mlig.28228 0.7790330 0.7820090 0.7820090 0.0014825 0.0000000 0.0119550 
Mlig.28229 0.7814228 0.7844044 0.7844044 0.0134542 0.0119550 0.0000000 
