6
Hdim.3669  0.0000000 1.3124607 0.8874213 1.2560459 0.8312315 1.0698700 
Hdim.13358 1.3124607 0.0000000 1.1227868 1.3138756 1.0268277 1.6865917 
Hdim.3097  0.8874213 1.1227868 0.0000000 1.3029764 0.9917226 1.0897485 
Hdim.5815  1.2560459 1.3138756 1.3029764 0.0000000 0.9570970 1.0868476 
Hdim.221   0.8312315 1.0268277 0.9917226 0.9570970 0.0000000 0.9523598 
Hdim.8539  1.0698700 1.6865917 1.0897485 1.0868476 0.9523598 0.0000000 
