6
Treg.4595  0.0000000 1.6015760 1.6228964 1.5354677 1.4243646 1.4147674 
Treg.11808 1.6015760 0.0000000 0.0219724 0.9957099 1.0358495 0.8012814 
Treg.11809 1.6228964 0.0219724 0.0000000 1.0238368 1.0301985 0.8254951 
Treg.11811 1.5354677 0.9957099 1.0238368 0.0000000 0.8575055 0.6228772 
Treg.1593  1.4243646 1.0358495 1.0301985 0.8575055 0.0000000 0.6723542 
Treg.11812 1.4147674 0.8012814 0.8254951 0.6228772 0.6723542 0.0000000 
