7
Mlig.16472 0.0000000 0.0109362 0.0093683 0.0109362 0.3171121 0.3147299 0.3174102 
Mlig.43003 0.0109362 0.0000000 0.0015533 0.0000010 0.3127772 0.3104072 0.3153865 
Mlig.37598 0.0093683 0.0015533 0.0000000 0.0015533 0.3127250 0.3103554 0.3153338 
Mlig.37599 0.0109362 0.0000010 0.0015533 0.0000000 0.3127772 0.3104072 0.3153865 
Mlig.5500  0.3171121 0.3127772 0.3127250 0.3127772 0.0000000 0.0141082 0.0268647 
Mlig.5499  0.3147299 0.3104072 0.3103554 0.3104072 0.0141082 0.0000000 0.0252545 
Mlig.40073 0.3174102 0.3153865 0.3153338 0.3153865 0.0268647 0.0252545 0.0000000 
