7
Mlig.20116 0.0000000 0.0102479 0.4867936 0.8610721 0.8550130 0.4969996 0.5386258 
Mlig.20118 0.0102479 0.0000000 0.4819334 0.8517701 0.8457643 0.4921348 0.5335847 
Mlig.45277 0.4867936 0.4819334 0.0000000 0.7937264 0.8016269 0.0100592 0.0358030 
Mlig.1243  0.8610721 0.8517701 0.7937264 0.0000000 0.0102917 0.7935456 0.8412565 
Mlig.1244  0.8550130 0.8457643 0.8016269 0.0102917 0.0000000 0.8014491 0.8495064 
Mlig.30113 0.4969996 0.4921348 0.0100592 0.7935456 0.8014491 0.0000000 0.0465129 
Mlig.45278 0.5386258 0.5335847 0.0358030 0.8412565 0.8495064 0.0465129 0.0000000 
