7
Mlig.18970 0.0000000 0.0000010 1.1710074 1.1710074 0.9282688 0.9479243 0.9565024 
Mlig.18971 0.0000010 0.0000000 1.1710074 1.1710074 0.9282688 0.9479243 0.9565024 
Mlig.32908 1.1710074 1.1710074 0.0000000 0.0000010 0.4058868 0.4219704 0.4354314 
Mlig.32910 1.1710074 1.1710074 0.0000010 0.0000000 0.4058868 0.4219704 0.4354314 
Mlig.13027 0.9282688 0.9282688 0.4058868 0.4058868 0.0000000 0.0118916 0.0238186 
Mlig.35169 0.9479243 0.9479243 0.4219704 0.4219704 0.0118916 0.0000000 0.0118473 
Mlig.16848 0.9565024 0.9565024 0.4354314 0.4354314 0.0238186 0.0118473 0.0000000 
