7
Treg.13098 0.0000000 0.4918903 0.5094836 0.6048493 0.4872765 0.4734158 0.5019521 
Treg.12918 0.4918903 0.0000000 0.1360720 0.5827088 0.2336804 0.2277441 0.2346756 
Treg.12920 0.5094836 0.1360720 0.0000000 0.5644283 0.2319962 0.2258581 0.2330514 
Treg.13287 0.6048493 0.5827088 0.5644283 0.0000000 0.5537354 0.5461914 0.5611339 
Treg.4970  0.4872765 0.2336804 0.2319962 0.5537354 0.0000000 0.0064819 0.0330821 
Treg.4971  0.4734158 0.2277441 0.2258581 0.5461914 0.0064819 0.0000000 0.0262433 
Treg.13096 0.5019521 0.2346756 0.2330514 0.5611339 0.0330821 0.0262433 0.0000000 
