6
Mlig.8905  0.0000000 0.0074434 0.2540855 0.0074434 0.2019427 0.1926718 
Mlig.8907  0.0074434 0.0000000 0.2554996 0.0000010 0.2029417 0.1973936 
Mlig.24838 0.2540855 0.2554996 0.0000000 0.2554996 0.1359127 0.1459445 
Mlig.8906  0.0074434 0.0000010 0.2554996 0.0000000 0.2029417 0.1973936 
Mlig.20606 0.2019427 0.2029417 0.1359127 0.2029417 0.0000000 0.0384339 
Mlig.20607 0.1926718 0.1973936 0.1459445 0.1973936 0.0384339 0.0000000 
