6
Mlig.28010 0.0000000 0.0012408 0.0288520 0.0049721 0.0237536 0.0237536 
Mlig.33565 0.0012408 0.0000000 0.0275842 0.0037264 0.0224925 0.0224925 
Mlig.35073 0.0288520 0.0275842 0.0000000 0.0276496 0.0049606 0.0049606 
Mlig.33563 0.0049721 0.0037264 0.0276496 0.0000000 0.0225462 0.0225462 
Mlig.35074 0.0237536 0.0224925 0.0049606 0.0225462 0.0000000 0.0000010 
Mlig.35075 0.0237536 0.0224925 0.0049606 0.0225462 0.0000010 0.0000000 
