6
Mlig.6887  0.0000000 0.7831281 0.7831281 0.7803296 0.7884474 0.0135329 
Mlig.48723 0.7831281 0.0000000 0.0000010 0.0026528 0.0106441 0.7924383 
Mlig.48724 0.7831281 0.0000010 0.0000000 0.0026528 0.0106441 0.7924383 
Mlig.48726 0.7803296 0.0026528 0.0026528 0.0000000 0.0079587 0.7896209 
Mlig.48725 0.7884474 0.0106441 0.0106441 0.0079587 0.0000000 0.7978242 
Mlig.14623 0.0135329 0.7924383 0.7924383 0.7896209 0.7978242 0.0000000 
