6
Mlig.48011 0.0000000 0.0102647 0.0102742 0.7280640 0.7223595 0.7178601 
Mlig.45140 0.0102647 0.0000000 0.0068431 0.7164508 0.7107664 0.7071725 
Mlig.45786 0.0102742 0.0068431 0.0000000 0.7230967 0.7174078 0.7138095 
Mlig.45141 0.7280640 0.7164508 0.7230967 0.0000000 0.0170756 0.0239893 
Mlig.45787 0.7223595 0.7107664 0.7174078 0.0170756 0.0000000 0.0067852 
Mlig.48012 0.7178601 0.7071725 0.7138095 0.0239893 0.0067852 0.0000000 
