      6     78

Smed.20840                      ATG ATG TTA CGG ATT ATT TAC GCG TTC AGC GTG ACT TTG GCA GTT CTG TTC AAA GAC GAA ATA GTA AAC AAT TAT GAA 
Smed.21046                      ATC TTA TTC GCT TCT GTG CTG ATT CAA TCA ATT CTG GTG GTG CAC TGT GCC TGC ACA GTT CTT GCC AAC AGA ATT GAC 
Smed.22250                      ATG CTG GTG GTG CAC TGT GCC AGT GTC AAG GCC GTG GAA AAG AAA GGA ACG GAA TGT GAT GAC AAA TAT CGG CGT CTG 
Smed.24809                      ATG CTG GTG GTG CAC TGT GCC AGT GTC AAG GCC GTG GAA AAG AAA GGA ACG GAA TGT GAT GAC AAA TAT CGG CGC CTG 
Smed.28504                      ATG CTG GTG GTG CAC TGT GCC AGT GTC AAG GCC GTG GAA AAG AAA GGA ACG GAA TGT GAT GAC AAA TAT CGG CGC CTG 
Smed.29712                      ATG CTG GTG GTG CAC TGT GCC AGT GTC AAG GCC GTG GAA AAG AAA GGA ACG GAA TGT GAT GAC AAA TAT CGG CGT CTG 



Printing out site pattern counts


         6         78  P

Smed.20840                      AAA AAC AAT ACT AGC ATA ATG ATG ATT ATT CGG CTG GAA GAA GAC GCA GCG GTA GTG GTT TAC TAT TTA TTC TTC TTG 
Smed.21046                      TGC ... .GA CTG TCA C.T ..C T.A G.G TC. GCT TGT ..C .TT ACA .TG ATT .CC A.T CAC CTG AT. ..C CAA GC. G.. 
Smed.22250                      G.. T.T CGG GTG .AG GAC ... C.. TG. CAC GT. GGA CTG ..T TGT AAG AGT AA. .CC AAA GC. CG. G.G G.. ACG GAA 
Smed.24809                      G.. T.T CGG GTG .AG GAC ... C.. TG. CAC GT. GGA CTG ..T TGT AAG AGT AA. .CC AAA GC. CGC G.G G.. ACG GAA 
Smed.28504                      G.. T.T CGG GTG .AG GAC ... C.. TG. CAC GT. GGA CTG ..T TGT AAG AGT AA. .CC AAA GC. CGC G.G G.. ACG GAA 
Smed.29712                      G.. T.T CGG GTG .AG GAC ... C.. TG. CAC GT. GGA CTG ..T TGT AAG AGT AA. .CC AAA GC. CG. G.G G.. ACG GAA 

    1    1    1    1    1    1    1    1    1    1    1    1    1    1    1
    1    1    1    1    1    1    1    1    1    1    1

CODONML (in paml version 4.8a, July 2014)  algn
Model: One dN/dS ratio for branches, 
Codon frequency model: F3x4
ns =   6  ls =  26

Codon usage in sequences
--------------------------------------------------------------------------------------------------------------------------------------
Phe TTT   0   0   0   0   0   0 | Ser TCT   0   1   0   0   0   0 | Tyr TAT   1   0   1   1   1   1 | Cys TGT   0   1   2   2   2   2
    TTC   2   1   0   0   0   0 |     TCC   0   0   0   0   0   0 |     TAC   1   0   0   0   0   0 |     TGC   0   1   0   0   0   0
Leu TTA   1   1   0   0   0   0 |     TCA   0   1   0   0   0   0 | *** TAA   0   0   0   0   0   0 | *** TGA   0   0   0   0   0   0
    TTG   1   0   0   0   0   0 |     TCG   0   0   0   0   0   0 |     TAG   0   0   0   0   0   0 | Trp TGG   0   0   0   0   0   0
--------------------------------------------------------------------------------------------------------------------------------------
Leu CTT   0   1   0   0   0   0 | Pro CCT   0   0   0   0   0   0 | His CAT   0   0   0   0   0   0 | Arg CGT   0   0   1   0   0   1
    CTC   0   0   0   0   0   0 |     CCC   0   0   0   0   0   0 |     CAC   0   1   1   1   1   1 |     CGC   0   0   0   1   1   0
    CTA   0   0   0   0   0   0 |     CCA   0   0   0   0   0   0 | Gln CAA   0   1   0   0   0   0 |     CGA   0   0   0   0   0   0
    CTG   1   2   2   2   2   2 |     CCG   0   0   0   0   0   0 |     CAG   0   0   0   0   0   0 |     CGG   1   0   1   1   1   1
--------------------------------------------------------------------------------------------------------------------------------------
Ile ATT   2   3   0   0   0   0 | Thr ACT   1   0   0   0   0   0 | Asn AAT   1   0   0   0   0   0 | Ser AGT   0   0   1   1   1   1
    ATC   0   1   0   0   0   0 |     ACC   0   0   0   0   0   0 |     AAC   1   1   0   0   0   0 |     AGC   1   0   0   0   0   0
    ATA   1   0   0   0   0   0 |     ACA   0   1   0   0   0   0 | Lys AAA   1   0   2   2   2   2 | Arg AGA   0   1   0   0   0   0
Met ATG   2   0   1   1   1   1 |     ACG   0   0   1   1   1   1 |     AAG   0   0   2   2   2   2 |     AGG   0   0   0   0   0   0
--------------------------------------------------------------------------------------------------------------------------------------
Val GTT   1   1   0   0   0   0 | Ala GCT   0   1   0   0   0   0 | Asp GAT   0   0   1   1   1   1 | Gly GGT   0   0   0   0   0   0
    GTC   0   0   1   1   1   1 |     GCC   0   2   2   2   2   2 |     GAC   1   1   1   1   1   1 |     GGC   0   0   0   0   0   0
    GTA   1   0   0   0   0   0 |     GCA   1   0   0   0   0   0 | Glu GAA   2   0   2   2   2   2 |     GGA   0   0   1   1   1   1
    GTG   1   3   3   3   3   3 |     GCG   1   0   0   0   0   0 |     GAG   0   0   0   0   0   0 |     GGG   0   0   0   0   0   0
--------------------------------------------------------------------------------------------------------------------------------------

Codon position x base (3x4) table for each sequence.

#1: Smed.20840     
position  1:    T:0.23077    C:0.07692    A:0.38462    G:0.30769
position  2:    T:0.50000    C:0.11538    A:0.30769    G:0.07692
position  3:    T:0.23077    C:0.23077    A:0.26923    G:0.26923
Average         T:0.32051    C:0.14103    A:0.32051    G:0.21795

#2: Smed.21046     
position  1:    T:0.23077    C:0.19231    A:0.26923    G:0.30769
position  2:    T:0.50000    C:0.23077    A:0.15385    G:0.11538
position  3:    T:0.30769    C:0.30769    A:0.19231    G:0.19231
Average         T:0.34615    C:0.24359    A:0.20513    G:0.20513

#3: Smed.22250     
position  1:    T:0.11538    C:0.19231    A:0.26923    G:0.42308
position  2:    T:0.26923    C:0.11538    A:0.38462    G:0.23077
position  3:    T:0.23077    C:0.19231    A:0.19231    G:0.38462
Average         T:0.20513    C:0.16667    A:0.28205    G:0.34615

#4: Smed.24809     
position  1:    T:0.11538    C:0.19231    A:0.26923    G:0.42308
position  2:    T:0.26923    C:0.11538    A:0.38462    G:0.23077
position  3:    T:0.19231    C:0.23077    A:0.19231    G:0.38462
Average         T:0.19231    C:0.17949    A:0.28205    G:0.34615

#5: Smed.28504     
position  1:    T:0.11538    C:0.19231    A:0.26923    G:0.42308
position  2:    T:0.26923    C:0.11538    A:0.38462    G:0.23077
position  3:    T:0.19231    C:0.23077    A:0.19231    G:0.38462
Average         T:0.19231    C:0.17949    A:0.28205    G:0.34615

#6: Smed.29712     
position  1:    T:0.11538    C:0.19231    A:0.26923    G:0.42308
position  2:    T:0.26923    C:0.11538    A:0.38462    G:0.23077
position  3:    T:0.23077    C:0.19231    A:0.19231    G:0.38462
Average         T:0.20513    C:0.16667    A:0.28205    G:0.34615

Sums of codon usage counts
------------------------------------------------------------------------------
Phe F TTT       0 | Ser S TCT       1 | Tyr Y TAT       5 | Cys C TGT       9
      TTC       3 |       TCC       0 |       TAC       1 |       TGC       1
Leu L TTA       2 |       TCA       1 | *** * TAA       0 | *** * TGA       0
      TTG       1 |       TCG       0 |       TAG       0 | Trp W TGG       0
------------------------------------------------------------------------------
Leu L CTT       1 | Pro P CCT       0 | His H CAT       0 | Arg R CGT       2
      CTC       0 |       CCC       0 |       CAC       5 |       CGC       2
      CTA       0 |       CCA       0 | Gln Q CAA       1 |       CGA       0
      CTG      11 |       CCG       0 |       CAG       0 |       CGG       5
------------------------------------------------------------------------------
Ile I ATT       5 | Thr T ACT       1 | Asn N AAT       1 | Ser S AGT       4
      ATC       1 |       ACC       0 |       AAC       2 |       AGC       1
      ATA       1 |       ACA       1 | Lys K AAA       9 | Arg R AGA       1
Met M ATG       6 |       ACG       4 |       AAG       8 |       AGG       0
------------------------------------------------------------------------------
Val V GTT       2 | Ala A GCT       1 | Asp D GAT       4 | Gly G GGT       0
      GTC       4 |       GCC      10 |       GAC       6 |       GGC       0
      GTA       1 |       GCA       1 | Glu E GAA      10 |       GGA       4
      GTG      16 |       GCG       1 |       GAG       0 |       GGG       0
------------------------------------------------------------------------------


Codon position x base (3x4) table, overall

position  1:    T:0.15385    C:0.17308    A:0.28846    G:0.38462
position  2:    T:0.34615    C:0.13462    A:0.33333    G:0.18590
position  3:    T:0.23077    C:0.23077    A:0.20513    G:0.33333
Average         T:0.24359    C:0.17949    A:0.27564    G:0.30128

Codon frequencies under model, for use in evolver (TTT TTC TTA TTG ... GGG):
  0.01271519  0.01271519  0.01130239  0.01836639
  0.00494480  0.00494480  0.00439537  0.00714248
  0.01224426  0.01224426  0.00000000  0.00000000
  0.00682853  0.00682853  0.00000000  0.00986343
  0.01430459  0.01430459  0.01271519  0.02066218
  0.00556290  0.00556290  0.00494480  0.00803529
  0.01377479  0.01377479  0.01224426  0.01989692
  0.00768209  0.00768209  0.00682853  0.01109636
  0.02384098  0.02384098  0.02119198  0.03443697
  0.00927149  0.00927149  0.00824133  0.01339216
  0.02295798  0.02295798  0.02040710  0.03316153
  0.01280349  0.01280349  0.01138088  0.01849393
  0.03178798  0.03178798  0.02825598  0.04591596
  0.01236199  0.01236199  0.01098844  0.01785621
  0.03061064  0.03061064  0.02720946  0.04421537
  0.01707132  0.01707132  0.01517451  0.02465857



Nei & Gojobori 1986. dN/dS (dN, dS)
(Note: This matrix is not used in later ML. analysis.
Use runmode = -2 for ML pairwise comparison.)

Smed.20840          
Smed.21046           2.4487 (3.4928 1.4264)
Smed.22250           1.4151 (4.0335 2.8503)-1.0000 (2.1521 -1.0000)
Smed.24809          -1.0000 (4.0335 -1.0000)-1.0000 (2.1521 -1.0000)-1.0000 (0.0000 0.0571)
Smed.28504          -1.0000 (4.0335 -1.0000)-1.0000 (2.1521 -1.0000)-1.0000 (0.0000 0.0571)-1.0000 (0.0000 0.0000)
Smed.29712           1.4151 (4.0335 2.8503)-1.0000 (2.1521 -1.0000)-1.0000 (0.0000 0.0000)-1.0000 (0.0000 0.0571)-1.0000 (0.0000 0.0571)


TREE #  1:  (1, (((3, 6), 5), 4), 2);   MP score: 51
lnL(ntime:  9  np: 11):   -317.784208      +0.000000
   7..1     7..8     8..9     9..10   10..3    10..6     9..5     8..4     7..2  
 28.924253 50.000000 0.000004 0.037829 0.000004 0.000004 0.000004 0.000004 50.000000 6.187757 0.118690

Note: Branch length is defined as number of nucleotide substitutions per codon (not per neucleotide site).

tree length = 128.96210

(1: 28.924253, (((3: 0.000004, 6: 0.000004): 0.037829, 5: 0.000004): 0.000004, 4: 0.000004): 50.000000, 2: 50.000000);

(Smed.20840: 28.924253, (((Smed.22250: 0.000004, Smed.29712: 0.000004): 0.037829, Smed.28504: 0.000004): 0.000004, Smed.24809: 0.000004): 50.000000, Smed.21046: 50.000000);

Detailed output identifying parameters

kappa (ts/tv) =  6.18776

omega (dN/dS) =  0.11869

dN & dS for each branch

 branch          t       N       S   dN/dS      dN      dS  N*dN  S*dS

   7..1     28.924    53.9    24.1  0.1187  2.9305 24.6905 158.1 593.9
   7..8     50.000    53.9    24.1  0.1187  5.0658 42.6814 273.3 1026.7
   8..9      0.000    53.9    24.1  0.1187  0.0000  0.0000   0.0   0.0
   9..10     0.038    53.9    24.1  0.1187  0.0038  0.0323   0.2   0.8
  10..3      0.000    53.9    24.1  0.1187  0.0000  0.0000   0.0   0.0
  10..6      0.000    53.9    24.1  0.1187  0.0000  0.0000   0.0   0.0
   9..5      0.000    53.9    24.1  0.1187  0.0000  0.0000   0.0   0.0
   8..4      0.000    53.9    24.1  0.1187  0.0000  0.0000   0.0   0.0
   7..2     50.000    53.9    24.1  0.1187  5.0658 42.6814 273.3 1026.7

tree length for dN:      13.0660
tree length for dS:     110.0856


Time used:  0:05
