11
Treg.13742 0.0000000 0.0399689 1.3196151 1.5055645 1.5300699 1.2310477 1.2310477 1.3366600 1.3204849 1.3204325 1.3204325 
Treg.13743 0.0399689 0.0000000 1.3460322 1.4414998 1.5445872 1.1524238 1.1524238 1.2618506 1.2466612 1.2399827 1.2399827 
Treg.13738 1.3196151 1.3460322 0.0000000 1.5802666 1.6852503 0.8413849 0.8413849 0.8576919 0.8817573 0.8720905 0.8720905 
Treg.13670 1.5055645 1.4414998 1.5802666 0.0000000 0.2684811 1.0621908 1.0621908 1.1292117 1.0912371 1.0985071 1.0985071 
Treg.13673 1.5300699 1.5445872 1.6852503 0.2684811 0.0000000 1.2258795 1.2258795 1.2510573 1.2115646 1.2191504 1.2191504 
Treg.13675 1.2310477 1.1524238 0.8413849 1.0621908 1.2258795 0.0000000 0.0000010 0.1601835 0.1737563 0.1744137 0.1744137 
Treg.13676 1.2310477 1.1524238 0.8413849 1.0621908 1.2258795 0.0000010 0.0000000 0.1601835 0.1737563 0.1744137 0.1744137 
Treg.13680 1.3366600 1.2618506 0.8576919 1.1292117 1.2510573 0.1601835 0.1601835 0.0000000 0.0119333 0.0239696 0.0239696 
Treg.13687 1.3204849 1.2466612 0.8817573 1.0912371 1.2115646 0.1737563 0.1737563 0.0119333 0.0000000 0.0119057 0.0119057 
Treg.13685 1.3204325 1.2399827 0.8720905 1.0985071 1.2191504 0.1744137 0.1744137 0.0239696 0.0119057 0.0000000 0.0000010 
Treg.13686 1.3204325 1.2399827 0.8720905 1.0985071 1.2191504 0.1744137 0.1744137 0.0239696 0.0119057 0.0000010 0.0000000 
