6
Mlig.22496 0.0000000 0.7845189 0.8256174 0.8797121 0.7947504 0.7804428 
Mlig.22494 0.7845189 0.0000000 0.3540262 0.3308865 0.2988565 0.2788744 
Mlig.22497 0.8256174 0.3540262 0.0000000 0.3252876 0.3007030 0.3073659 
Mlig.22495 0.8797121 0.3308865 0.3252876 0.0000000 0.2004472 0.1503739 
Mlig.2146  0.7947504 0.2988565 0.3007030 0.2004472 0.0000000 0.0601076 
Mlig.2148  0.7804428 0.2788744 0.3073659 0.1503739 0.0601076 0.0000000 
