6
Mlig.42166 0.0000000 0.0023951 0.0024000 0.3928574 0.4000062 0.3977401 
Mlig.2163  0.0023951 0.0000000 0.0048029 0.3961185 0.4032792 0.4010172 
Mlig.42167 0.0024000 0.0048029 0.0000000 0.3893643 0.3964924 0.3942250 
Mlig.26027 0.3928574 0.3961185 0.3893643 0.0000000 0.0070600 0.0094293 
Mlig.2943  0.4000062 0.4032792 0.3964924 0.0070600 0.0000000 0.0070750 
Mlig.26028 0.3977401 0.4010172 0.3942250 0.0094293 0.0070750 0.0000000 
