12
Mlig.38908 0.0000000 0.8642594 0.9016842 0.9117072 0.5648804 0.5648804 0.4384754 0.4384754 0.4445188 0.0728128 0.0728128 0.0728128 
Mlig.4907  0.8642594 0.0000000 0.0529807 0.0552452 1.0444186 1.0444186 1.1458979 1.1458979 1.1400877 0.9709915 0.9709915 0.9709915 
Mlig.4906  0.9016842 0.0529807 0.0000000 0.0062096 1.0843508 1.0843508 1.1963337 1.1963337 1.1902318 1.0159501 1.0159501 1.0159501 
Mlig.4908  0.9117072 0.0552452 0.0062096 0.0000000 1.0886653 1.0886653 1.2090216 1.2090216 1.2028340 1.0268700 1.0268700 1.0268700 
Mlig.39949 0.5648804 1.0444186 1.0843508 1.0886653 0.0000000 0.0000010 0.7015178 0.7015178 0.7074809 0.5688774 0.5688774 0.5688774 
Mlig.39950 0.5648804 1.0444186 1.0843508 1.0886653 0.0000010 0.0000000 0.7015178 0.7015178 0.7074809 0.5688774 0.5688774 0.5688774 
Mlig.12003 0.4384754 1.1458979 1.1963337 1.2090216 0.7015178 0.7015178 0.0000000 0.0000010 0.0164657 0.3904054 0.3904054 0.3904054 
Mlig.12005 0.4384754 1.1458979 1.1963337 1.2090216 0.7015178 0.7015178 0.0000010 0.0000000 0.0164657 0.3904054 0.3904054 0.3904054 
Mlig.12002 0.4445188 1.1400877 1.1902318 1.2028340 0.7074809 0.7074809 0.0164657 0.0164657 0.0000000 0.3962006 0.3962006 0.3962006 
Mlig.24833 0.0728128 0.9709915 1.0159501 1.0268700 0.5688774 0.5688774 0.3904054 0.3904054 0.3962006 0.0000000 0.0000010 0.0000010 
Mlig.24834 0.0728128 0.9709915 1.0159501 1.0268700 0.5688774 0.5688774 0.3904054 0.3904054 0.3962006 0.0000010 0.0000000 0.0000010 
Mlig.24835 0.0728128 0.9709915 1.0159501 1.0268700 0.5688774 0.5688774 0.3904054 0.3904054 0.3962006 0.0000010 0.0000010 0.0000000 
