9
Mlig.11206 0.0000000 0.0033398 0.0167688 0.0134164 0.0100390 0.0100309 0.0133916 0.0167927 0.0100390 
Mlig.38765 0.0033398 0.0000000 0.0201447 0.0167893 0.0133991 0.0133881 0.0167583 0.0201734 0.0133991 
Mlig.38764 0.0167688 0.0201447 0.0000000 0.0167765 0.0133888 0.0133778 0.0167455 0.0201580 0.0133888 
Mlig.41888 0.0134164 0.0167893 0.0167765 0.0000000 0.0100437 0.0100355 0.0133978 0.0168004 0.0100437 
Mlig.45186 0.0100390 0.0133991 0.0133888 0.0100437 0.0000000 0.0066736 0.0100252 0.0134079 0.0000010 
Mlig.43039 0.0100309 0.0133881 0.0133778 0.0100355 0.0066736 0.0000000 0.0100170 0.0133969 0.0066736 
Mlig.8375  0.0133916 0.0167583 0.0167455 0.0133978 0.0100252 0.0100170 0.0000000 0.0033399 0.0100252 
Mlig.48971 0.0167927 0.0201734 0.0201580 0.0168004 0.0134079 0.0133969 0.0033399 0.0000000 0.0134079 
Mlig.48970 0.0100390 0.0133991 0.0133888 0.0100437 0.0000010 0.0066736 0.0100252 0.0134079 0.0000000 
