19
Hmic.10028 0.0000000 0.9836616 0.9769822 0.9623277 0.8614662 1.4972652 1.4972652 1.4121228 1.5125110 1.4979391 1.4390845 1.4637702 0.3245429 0.2280953 1.6534860 1.5612487 1.2142170 1.6120600 1.9035870 
Hmic.2946  0.9836616 0.0000000 0.2847309 0.3726224 0.2640435 2.2634964 2.2634964 2.1291624 1.5642161 1.7551224 1.7356297 1.7449952 1.1611533 1.1857419 1.3879431 1.6820070 1.1295762 1.5991944 2.1069792 
Hmic.6782  0.9769822 0.2847309 0.0000000 0.3343239 0.3465500 2.2138596 2.2138596 2.0817717 1.5325754 1.7400558 1.7023996 1.7301331 1.1390443 1.2365667 1.4626987 1.5213319 1.2693525 1.6074513 1.9162306 
Hmic.2947  0.9623277 0.3726224 0.3343239 0.0000000 0.3629245 2.0237027 2.0237027 1.9046816 1.4434184 1.7210137 1.6581068 1.7215307 1.0851909 1.0832288 1.3759014 1.7475349 1.1439663 1.3544416 1.6281942 
Hmic.6955  0.8614662 0.2640435 0.3465500 0.3629245 0.0000000 2.0577133 2.0577133 1.9728779 1.5096917 1.7038334 1.6833310 1.7205649 0.9241068 0.9970110 1.4279546 1.6764789 1.1570726 1.6260378 2.1013178 
Hmic.8719  1.4972652 2.2634964 2.2138596 2.0237027 2.0577133 0.0000000 0.0000010 0.0193130 2.0761423 2.3426420 2.2412694 2.3846272 1.7483037 1.6342669 2.0990885 2.2106769 1.4177694 1.9035070 1.8797595 
Hmic.6511  1.4972652 2.2634964 2.2138596 2.0237027 2.0577133 0.0000010 0.0000000 0.0193130 2.0761423 2.3426420 2.2412694 2.3846272 1.7483037 1.6342669 2.0990885 2.2106769 1.4177694 1.9035070 1.8797595 
Hmic.8718  1.4121228 2.1291624 2.0817717 1.9046816 1.9728779 0.0193130 0.0193130 0.0000000 2.0724014 2.3221443 2.2218497 2.3636648 1.7439317 1.6298134 2.2280923 2.2075090 1.4128721 1.8995367 1.8755491 
Hmic.8659  1.5125110 1.5642161 1.5325754 1.4434184 1.5096917 2.0761423 2.0761423 2.0724014 0.0000000 2.2096678 2.2407765 2.2236460 1.8159016 1.6101983 1.2075679 2.0499332 1.5454100 1.7752951 1.7014157 
Hmic.8722  1.4979391 1.7551224 1.7400558 1.7210137 1.7038334 2.3426420 2.3426420 2.3221443 2.2096678 0.0000000 0.0698061 0.0183544 1.4823074 1.3708769 1.1264188 0.4820087 1.5410564 1.4287197 1.7217584 
Hmic.8720  1.4390845 1.7356297 1.7023996 1.6581068 1.6833310 2.2412694 2.2412694 2.2218497 2.2407765 0.0698061 0.0000000 0.0809339 1.5509261 1.4181097 1.1645522 0.4395675 1.4658804 1.5473115 1.6639972 
Hmic.8721  1.4637702 1.7449952 1.7301331 1.7215307 1.7205649 2.3846272 2.3846272 2.3636648 2.2236460 0.0183544 0.0809339 0.0000000 1.4479038 1.3543695 1.1388698 0.5120621 1.5165135 1.3783095 1.6576882 
Hmic.4265  0.3245429 1.1611533 1.1390443 1.0851909 0.9241068 1.7483037 1.7483037 1.7439317 1.8159016 1.4823074 1.5509261 1.4479038 0.0000000 0.2232686 1.6790969 1.6644216 1.2623245 1.5212045 1.9205608 
Hmic.6651  0.2280953 1.1857419 1.2365667 1.0832288 0.9970110 1.6342669 1.6342669 1.6298134 1.6101983 1.3708769 1.4181097 1.3543695 0.2232686 0.0000000 1.5876235 1.4159265 1.2748048 1.6097280 1.7768613 
Hmic.9270  1.6534860 1.3879431 1.4626987 1.3759014 1.4279546 2.0990885 2.0990885 2.2280923 1.2075679 1.1264188 1.1645522 1.1388698 1.6790969 1.5876235 0.0000000 1.3489248 1.6752618 1.5842931 1.4845300 
Hmic.6746  1.5612487 1.6820070 1.5213319 1.7475349 1.6764789 2.2106769 2.2106769 2.2075090 2.0499332 0.4820087 0.4395675 0.5120621 1.6644216 1.4159265 1.3489248 0.0000000 1.4751980 1.7617519 1.9260943 
Hmic.8723  1.2142170 1.1295762 1.2693525 1.1439663 1.1570726 1.4177694 1.4177694 1.4128721 1.5454100 1.5410564 1.4658804 1.5165135 1.2623245 1.2748048 1.6752618 1.4751980 0.0000000 1.7282394 1.7303991 
Hmic.5761  1.6120600 1.5991944 1.6074513 1.3544416 1.6260378 1.9035070 1.9035070 1.8995367 1.7752951 1.4287197 1.5473115 1.3783095 1.5212045 1.6097280 1.5842931 1.7617519 1.7282394 0.0000000 0.8178132 
Hmic.6960  1.9035870 2.1069792 1.9162306 1.6281942 2.1013178 1.8797595 1.8797595 1.8755491 1.7014157 1.7217584 1.6639972 1.6576882 1.9205608 1.7768613 1.4845300 1.9260943 1.7303991 0.8178132 0.0000000 
