6
Mlig.989   0.0000000 0.0156800 0.0125143 0.5957601 0.5957601 0.5980931 
Mlig.34608 0.0156800 0.0000000 0.0093656 0.6014073 0.6014073 0.6086370 
Mlig.16730 0.0125143 0.0093656 0.0000000 0.5931066 0.5931066 0.6003055 
Mlig.806   0.5957601 0.6014073 0.5931066 0.0000000 0.0000010 0.0186118 
Mlig.807   0.5957601 0.6014073 0.5931066 0.0000010 0.0000000 0.0186118 
Mlig.808   0.5980931 0.6086370 0.6003055 0.0186118 0.0186118 0.0000000 
