8
Smed.29306 0.0000000 0.8784124 0.2936147 0.0471889 0.0531193 0.0445148 0.0355954 0.0443884 
Smed.2714  0.8784124 0.0000000 0.9584403 0.8823502 0.8559831 0.8735179 0.8512582 0.8695774 
Smed.9605  0.2936147 0.9584403 0.0000000 0.2909716 0.2756145 0.2763957 0.2755640 0.2636050 
Smed.18978 0.0471889 0.8823502 0.2909716 0.0000000 0.0420303 0.0275986 0.0217670 0.0305368 
Smed.22686 0.0531193 0.8559831 0.2756145 0.0420303 0.0000000 0.0303475 0.0304096 0.0272586 
Smed.28821 0.0445148 0.8735179 0.2763957 0.0275986 0.0303475 0.0000000 0.0218526 0.0136393 
Smed.26225 0.0355954 0.8512582 0.2755640 0.0217670 0.0304096 0.0218526 0.0000000 0.0247300 
Smed.26859 0.0443884 0.8695774 0.2636050 0.0305368 0.0272586 0.0136393 0.0247300 0.0000000 
