7
Mlig.3800  0.0000000 0.0000010 0.0000010 0.0000010 0.6708765 0.6750645 0.6723807 
Mlig.11784 0.0000010 0.0000000 0.0000010 0.0000010 0.6708765 0.6750645 0.6723807 
Mlig.3801  0.0000010 0.0000010 0.0000000 0.0000010 0.6708765 0.6750645 0.6723807 
Mlig.25210 0.0000010 0.0000010 0.0000010 0.0000000 0.6708765 0.6750645 0.6723807 
Mlig.13322 0.6708765 0.6708765 0.6708765 0.6708765 0.0000000 0.0094992 0.0190770 
Mlig.13323 0.6750645 0.6750645 0.6750645 0.6750645 0.0094992 0.0000000 0.0142907 
Mlig.18803 0.6723807 0.6723807 0.6723807 0.6723807 0.0190770 0.0142907 0.0000000 
