7
Hmic.9291  0.0000000 0.1348553 0.5947834 0.5187377 0.5407283 0.5338464 0.5338464 
Hmic.9292  0.1348553 0.0000000 0.4667875 0.4729769 0.4956425 0.4894260 0.4894260 
Hmic.9286  0.5947834 0.4667875 0.0000000 0.2316263 0.2537393 0.2116885 0.2116885 
Hmic.9287  0.5187377 0.4729769 0.2316263 0.0000000 0.0178747 0.0177609 0.0177609 
Hmic.9290  0.5407283 0.4956425 0.2537393 0.0178747 0.0000000 0.0357503 0.0357503 
Hmic.9288  0.5338464 0.4894260 0.2116885 0.0177609 0.0357503 0.0000000 0.0000010 
Hmic.9289  0.5338464 0.4894260 0.2116885 0.0177609 0.0357503 0.0000010 0.0000000 
