11
Smed.10488 0.0000000 0.1784921 0.1043046 0.0679040 0.0506618 0.1603909 0.2398178 0.2188340 0.1413120 0.1789597 0.1602089 
Smed.28626 0.1784921 0.0000000 0.1040636 0.1409232 0.1225914 0.1046668 0.1213679 0.1029561 0.0673546 0.0675030 0.0503449 
Smed.25624 0.1043046 0.1040636 0.0000000 0.0686285 0.0511923 0.1440491 0.1611247 0.1416547 0.1041116 0.1043683 0.0864807 
Smed.88    0.0679040 0.1409232 0.0686285 0.0000000 0.0166646 0.1230953 0.2002204 0.1799541 0.1409334 0.1413150 0.1229566 
Smed.11806 0.0506618 0.1225914 0.0511923 0.0166646 0.0000000 0.1049005 0.1808812 0.1609749 0.1226236 0.1229414 0.1047830 
Smed.2662  0.1603909 0.1046668 0.1440491 0.1230953 0.1049005 0.0000000 0.1244116 0.1055105 0.0689937 0.0691500 0.0869864 
Smed.2981  0.2398178 0.1213679 0.1611247 0.2002204 0.1808812 0.1244116 0.0000000 0.0165976 0.0856729 0.0858733 0.1037292 
Smed.10588 0.2188340 0.1029561 0.1416547 0.1799541 0.1609749 0.1055105 0.0165976 0.0000000 0.0678642 0.0680151 0.0855599 
Smed.6803  0.1413120 0.0673546 0.1041116 0.1409334 0.1226236 0.0689937 0.0856729 0.0678642 0.0000000 0.0334029 0.0503945 
Smed.24338 0.1789597 0.0675030 0.1043683 0.1413150 0.1229414 0.0691500 0.0858733 0.0680151 0.0334029 0.0000000 0.0505008 
Smed.25617 0.1602089 0.0503449 0.0864807 0.1229566 0.1047830 0.0869864 0.1037292 0.0855599 0.0503945 0.0505008 0.0000000 
