19
Smed.21528 0.0000000 0.0902048 0.0373156 0.1043133 0.0635924 0.1146030 0.0636117 0.1363699 0.1428371 0.1160639 0.1308068 0.0895642 0.0630361 0.0634127 0.0911942 0.0634049 0.0891697 0.1015792 0.0910443 
Smed.13862 0.0902048 0.0000000 0.0498713 0.1051363 0.0765033 0.1276836 0.0765224 0.1204318 0.1736806 0.1160672 0.1308156 0.1026318 0.0896249 0.0633817 0.0773896 0.0762772 0.1164559 0.1145806 0.1043219 
Smed.6190  0.0373156 0.0498713 0.0000000 0.0630687 0.0246297 0.0739429 0.0246409 0.1025795 0.1158760 0.0748519 0.0885171 0.0495309 0.0370849 0.0245602 0.0503955 0.0245595 0.0624384 0.0614566 0.0503374 
Smed.6058  0.1043133 0.1051363 0.0630687 0.0000000 0.0903060 0.1036871 0.0766499 0.1603010 0.1608678 0.1304421 0.1455512 0.1029834 0.1036344 0.0900535 0.1058041 0.0772163 0.1309040 0.1155828 0.1187473 
Smed.21040 0.0635924 0.0765033 0.0246297 0.0903060 0.0000000 0.1008018 0.0503701 0.1032313 0.1305902 0.1020715 0.1164461 0.0759667 0.0631896 0.0502098 0.0773299 0.0502053 0.0893868 0.0879580 0.0506658 
Smed.21521 0.1146030 0.1276836 0.0739429 0.1036871 0.1008018 0.0000000 0.1008162 0.1758355 0.0627965 0.1533409 0.1685042 0.1267808 0.1138733 0.1005291 0.1162060 0.0879824 0.1406269 0.1384025 0.1044556 
Smed.8246  0.0636117 0.0765224 0.0246409 0.0766499 0.0503701 0.1008162 0.0000000 0.1312164 0.1449201 0.1020858 0.1164554 0.0759857 0.0632088 0.0502277 0.0773491 0.0502232 0.0894041 0.0879753 0.0772350 
Smed.26395 0.1363699 0.1204318 0.1025795 0.1603010 0.1032313 0.1758355 0.1312164 0.0000000 0.2101773 0.1726131 0.1886695 0.1584828 0.1449645 0.1308558 0.1328128 0.1308147 0.1731475 0.1703221 0.1165528 
Smed.12073 0.1428371 0.1736806 0.1158760 0.1608678 0.1305902 0.0627965 0.1449201 0.2101773 0.0000000 0.2005255 0.2171235 0.1723898 0.1423724 0.1445347 0.1622135 0.1314065 0.1700137 0.1841541 0.1353055 
Smed.18322 0.1160639 0.1160672 0.0748519 0.1304421 0.1020715 0.1533409 0.1020858 0.1726131 0.2005255 0.0000000 0.0123721 0.1152396 0.1036801 0.1017922 0.1041340 0.0757313 0.1149879 0.1132498 0.1304802 
Smed.19704 0.1308068 0.1308156 0.0885171 0.1455512 0.1164461 0.1685042 0.1164554 0.1886695 0.2171235 0.0123721 0.0000000 0.1298673 0.1182926 0.1161273 0.1188262 0.0895725 0.1295566 0.1275839 0.1456027 
Smed.20428 0.0895642 0.1026318 0.0495309 0.1029834 0.0759667 0.1267808 0.0759857 0.1584828 0.1723898 0.1152396 0.1298673 0.0000000 0.0889926 0.0757554 0.1037558 0.0757437 0.1156232 0.0942272 0.1035715 
Smed.21433 0.0630361 0.0896249 0.0370849 0.1036344 0.0631896 0.1138733 0.0632088 0.1449645 0.1423724 0.1036801 0.1182926 0.0889926 0.0000000 0.0630131 0.0906014 0.0630055 0.0378633 0.1009351 0.0904540 
Smed.27386 0.0634127 0.0633817 0.0245602 0.0900535 0.0502098 0.1005291 0.0502277 0.1308558 0.1445347 0.1017922 0.1161273 0.0757554 0.0630131 0.0000000 0.0771110 0.0500637 0.0891392 0.0877179 0.0769988 
Smed.25041 0.0911942 0.0773896 0.0503955 0.1058041 0.0773299 0.1162060 0.0773491 0.1328128 0.1622135 0.1041340 0.1188262 0.1037558 0.0906014 0.0771110 0.0000000 0.0379162 0.1177453 0.1158287 0.1054829 
Smed.22327 0.0634049 0.0762772 0.0245595 0.0772163 0.0502053 0.0879824 0.0502232 0.1308147 0.1314065 0.0757313 0.0895725 0.0757437 0.0630055 0.0500637 0.0379162 0.0000000 0.0891222 0.0877017 0.0769864 
Smed.26707 0.0891697 0.1164559 0.0624384 0.1309040 0.0893868 0.1406269 0.0894041 0.1731475 0.1700137 0.1149879 0.1295566 0.1156232 0.0378633 0.0891392 0.1177453 0.0891222 0.0000000 0.1274781 0.1175162 
Smed.3115  0.1015792 0.1145806 0.0614566 0.1155828 0.0879580 0.1384025 0.0879753 0.1703221 0.1841541 0.1132498 0.1275839 0.0942272 0.1009351 0.0877179 0.1158287 0.0877017 0.1274781 0.0000000 0.1156094 
Smed.16269 0.0910443 0.1043219 0.0503374 0.1187473 0.0506658 0.1044556 0.0772350 0.1165528 0.1353055 0.1304802 0.1456027 0.1035715 0.0904540 0.0769988 0.1054829 0.0769864 0.1175162 0.1156094 0.0000000 
