11
Smed.9151  0.0000000 1.5495672 0.3165713 0.3128639 0.2256383 0.1922135 0.1653425 0.1361608 0.0918678 0.1057887 0.1800849 
Smed.19520 1.5495672 0.0000000 1.1798977 1.4044199 1.3643264 1.3031145 1.3184986 1.2701752 1.3413256 1.3139995 1.3134860 
Smed.8699  0.3165713 1.1798977 0.0000000 0.4280036 0.3326117 0.3270318 0.2374551 0.2108350 0.2307344 0.2478733 0.2722328 
Smed.2135  0.3128639 1.4044199 0.4280036 0.0000000 0.0792296 0.2824507 0.2720590 0.2497753 0.2371195 0.2543964 0.2535919 
Smed.17548 0.2256383 1.3643264 0.3326117 0.0792296 0.0000000 0.1988031 0.1859105 0.1675325 0.1545754 0.1707398 0.1701535 
Smed.17950 0.1922135 1.3031145 0.3270318 0.2824507 0.1988031 0.0000000 0.1496081 0.1209664 0.1086767 0.1231806 0.1363890 
Smed.1451  0.1653425 1.3184986 0.2374551 0.2720590 0.1859105 0.1496081 0.0000000 0.0257101 0.0667548 0.0807108 0.1211607 
Smed.25476 0.1361608 1.2701752 0.2108350 0.2497753 0.1675325 0.1209664 0.0257101 0.0000000 0.0395895 0.0531767 0.0931519 
Smed.9057  0.0918678 1.3413256 0.2307344 0.2371195 0.1545754 0.1086767 0.0667548 0.0395895 0.0000000 0.0128054 0.0807378 
Smed.21659 0.1057887 1.3139995 0.2478733 0.2543964 0.1707398 0.1231806 0.0807108 0.0531767 0.0128054 0.0000000 0.0948809 
Smed.10636 0.1800849 1.3134860 0.2722328 0.2535919 0.1701535 0.1363890 0.1211607 0.0931519 0.0807378 0.0948809 0.0000000 
