8
Smed.24935 0.0000000 0.0000010 0.1573398 0.1573398 0.2131693 0.1602216 0.4918603 0.4166072 
Smed.27253 0.0000010 0.0000000 0.1573398 0.1573398 0.2131693 0.1602216 0.4918603 0.4166072 
Smed.52    0.1573398 0.1573398 0.0000000 0.0000010 0.0491297 0.0491559 0.2689996 0.2019734 
Smed.3131  0.1573398 0.1573398 0.0000010 0.0000000 0.0491297 0.0491559 0.2689996 0.2019734 
Smed.210   0.2131693 0.2131693 0.0491297 0.0491297 0.0000000 0.0997235 0.3365731 0.2676005 
Smed.16748 0.1602216 0.1602216 0.0491559 0.0491559 0.0997235 0.0000000 0.3365713 0.2676235 
Smed.27226 0.4918603 0.4918603 0.2689996 0.2689996 0.3365731 0.3365713 0.0000000 0.0504743 
Smed.27603 0.4166072 0.4166072 0.2019734 0.2019734 0.2676005 0.2676235 0.0504743 0.0000000 
