6
Mlig.35220 0.0000000 0.0334418 0.0334418 0.0164171 0.0164171 0.0333530 
Mlig.2916  0.0334418 0.0000000 0.0000010 0.0166617 0.0166617 0.0338556 
Mlig.20737 0.0334418 0.0000010 0.0000000 0.0166617 0.0166617 0.0338556 
Mlig.18912 0.0164171 0.0166617 0.0166617 0.0000000 0.0000010 0.0166156 
Mlig.20735 0.0164171 0.0166617 0.0166617 0.0000010 0.0000000 0.0166156 
Mlig.20736 0.0333530 0.0338556 0.0338556 0.0166156 0.0166156 0.0000000 
