6
Hdim.9834  0.0000000 0.2320181 0.1741411 0.2014931 0.1729978 0.1529516 
Hdim.519   0.2320181 0.0000000 0.1887242 0.1683975 0.1739017 0.1524616 
Hdim.9729  0.1741411 0.1887242 0.0000000 0.1675435 0.1207236 0.1014219 
Hdim.6778  0.2014931 0.1683975 0.1675435 0.0000000 0.1448884 0.1252574 
Hdim.1818  0.1729978 0.1739017 0.1207236 0.1448884 0.0000000 0.0403735 
Hdim.2749  0.1529516 0.1524616 0.1014219 0.1252574 0.0403735 0.0000000 
