7
Mlig.286   0.0000000 0.0042850 0.6123475 0.6150659 0.5123400 0.5123400 0.5123400 
Mlig.26505 0.0042850 0.0000000 0.6156719 0.6183962 0.5105059 0.5105059 0.5105059 
Mlig.46942 0.6123475 0.6156719 0.0000000 0.0014244 0.5753755 0.5753755 0.5753755 
Mlig.46943 0.6150659 0.6183962 0.0014244 0.0000000 0.5779711 0.5779711 0.5779711 
Mlig.22550 0.5123400 0.5105059 0.5753755 0.5779711 0.0000000 0.0000010 0.0000010 
Mlig.22551 0.5123400 0.5105059 0.5753755 0.5779711 0.0000010 0.0000000 0.0000010 
Mlig.27648 0.5123400 0.5105059 0.5753755 0.5779711 0.0000010 0.0000010 0.0000000 
