6
Mlig.27961 0.0000000 0.0051398 0.3821111 0.3821111 0.3891883 0.3959862 
Mlig.27962 0.0051398 0.0000000 0.3815337 0.3815337 0.3886065 0.3953952 
Mlig.8850  0.3821111 0.3815337 0.0000000 0.0000010 0.3015846 0.3019749 
Mlig.17554 0.3821111 0.3815337 0.0000010 0.0000000 0.3015846 0.3019749 
Mlig.4044  0.3891883 0.3886065 0.3015846 0.3015846 0.0000000 0.0104039 
Mlig.10775 0.3959862 0.3953952 0.3019749 0.3019749 0.0104039 0.0000000 
