8
Mlig.133   0.0000000 0.9304529 0.9384589 0.9384589 0.7118487 1.2341864 1.2462637 1.2341864 
Mlig.18300 0.9304529 0.0000000 0.0032814 0.0032814 1.0151692 0.8648186 0.8741868 0.8648186 
Mlig.43398 0.9384589 0.0032814 0.0000000 0.0000010 1.0234542 0.8724576 0.8818526 0.8724576 
Mlig.43399 0.9384589 0.0032814 0.0000010 0.0000000 1.0234542 0.8724576 0.8818526 0.8724576 
Mlig.48791 0.7118487 1.0151692 1.0234542 1.0234542 0.0000000 0.9554572 0.9654469 0.9554572 
Mlig.28858 1.2341864 0.8648186 0.8724576 0.8724576 0.9554572 0.0000000 0.0032760 0.0000010 
Mlig.5727  1.2462637 0.8741868 0.8818526 0.8818526 0.9654469 0.0032760 0.0000000 0.0032760 
Mlig.31622 1.2341864 0.8648186 0.8724576 0.8724576 0.9554572 0.0000010 0.0032760 0.0000000 
