6
Mlig.15935 0.0000000 0.3888560 0.3888560 0.6356343 0.6333682 0.5880323 
Mlig.15934 0.3888560 0.0000000 0.0000010 0.1520111 0.1518158 0.1286112 
Mlig.15936 0.3888560 0.0000010 0.0000000 0.1520111 0.1518158 0.1286112 
Mlig.31465 0.6356343 0.1520111 0.1520111 0.0000000 0.0206247 0.0843345 
Mlig.31466 0.6333682 0.1518158 0.1518158 0.0206247 0.0000000 0.0629242 
Mlig.31467 0.5880323 0.1286112 0.1286112 0.0843345 0.0629242 0.0000000 
