6
Smed.12538 0.0000000 0.3182701 0.3010077 0.2700746 0.2522657 0.2464936 
Smed.4999  0.3182701 0.0000000 0.1124072 0.0843636 0.0836699 0.0838075 
Smed.1695  0.3010077 0.1124072 0.0000000 0.0259876 0.0788847 0.0790075 
Smed.3956  0.2700746 0.0843636 0.0259876 0.0000000 0.0525531 0.0526347 
Smed.14699 0.2522657 0.0836699 0.0788847 0.0525531 0.0000000 0.0522352 
Smed.19791 0.2464936 0.0838075 0.0790075 0.0526347 0.0522352 0.0000000 
