17
Mlig.11442 0.0000000 0.0000010 0.0031116 0.0062360 0.3960320 0.3917087 0.3971798 0.4831113 0.4984963 0.3484818 0.3472103 0.3475429 0.5035485 0.5035485 0.4868925 0.5227296 0.5144851 
Mlig.11443 0.0000010 0.0000000 0.0031116 0.0062360 0.3960320 0.3917087 0.3971798 0.4831113 0.4984963 0.3484818 0.3472103 0.3475429 0.5035485 0.5035485 0.4868925 0.5227296 0.5144851 
Mlig.11444 0.0031116 0.0031116 0.0000000 0.0031075 0.3902762 0.3859696 0.3913982 0.4765077 0.4918013 0.3431695 0.3419234 0.3422501 0.4968626 0.4968626 0.4802873 0.5158947 0.5077672 
Mlig.11445 0.0062360 0.0062360 0.0031075 0.0000000 0.3889601 0.3846583 0.3900761 0.4749969 0.4902728 0.3478652 0.3465985 0.3469299 0.5025287 0.5025287 0.4787768 0.5143407 0.5062374 
Mlig.6353  0.3960320 0.3960320 0.3902762 0.3889601 0.0000000 0.0031376 0.0095464 0.5730322 0.5702323 0.2979217 0.3026900 0.3029830 0.6040199 0.6040199 0.5700593 0.5908035 0.5824874 
Mlig.6354  0.3917087 0.3917087 0.3859696 0.3846583 0.0031376 0.0000000 0.0063597 0.5680709 0.5652434 0.2938319 0.2985880 0.2988772 0.5990161 0.5990161 0.5650831 0.5858115 0.5775557 
Mlig.6355  0.3971798 0.3971798 0.3913982 0.3900761 0.0095464 0.0063597 0.0000000 0.5698165 0.5669933 0.2947250 0.2994954 0.2997862 0.6008346 0.6008346 0.5668282 0.5876014 0.5793087 
Mlig.23654 0.4831113 0.4831113 0.4765077 0.4749969 0.5730322 0.5680709 0.5698165 0.0000000 0.0153791 0.4848181 0.4869331 0.4895206 0.1535251 0.1535251 0.0061041 0.1285785 0.1002983 
Mlig.36157 0.4984963 0.4984963 0.4918013 0.4902728 0.5702323 0.5652434 0.5669933 0.0153791 0.0000000 0.4792252 0.4779745 0.4805483 0.1592224 0.1592224 0.0092048 0.1323792 0.1038991 
Mlig.16685 0.3484818 0.3484818 0.3431695 0.3478652 0.2979217 0.2938319 0.2947250 0.4848181 0.4792252 0.0000000 0.0030906 0.0093078 0.4648051 0.4648051 0.4816930 0.5336575 0.5024534 
Mlig.16686 0.3472103 0.3472103 0.3419234 0.3465985 0.3026900 0.2985880 0.2994954 0.4869331 0.4779745 0.0030906 0.0000000 0.0061820 0.4633863 0.4633863 0.4804342 0.5359867 0.5046191 
Mlig.16687 0.3475429 0.3475429 0.3422501 0.3469299 0.3029830 0.2988772 0.2997862 0.4895206 0.4805483 0.0093078 0.0061820 0.0000000 0.4658972 0.4658972 0.4830141 0.5386365 0.5071946 
Mlig.14289 0.5035485 0.5035485 0.4968626 0.5025287 0.6040199 0.5990161 0.6008346 0.1535251 0.1592224 0.4648051 0.4633863 0.4658972 0.0000000 0.0000010 0.1554672 0.2026930 0.1713922 
Mlig.14290 0.5035485 0.5035485 0.4968626 0.5025287 0.6040199 0.5990161 0.6008346 0.1535251 0.1592224 0.4648051 0.4633863 0.4658972 0.0000010 0.0000000 0.1554672 0.2026930 0.1713922 
Mlig.36158 0.4868925 0.4868925 0.4802873 0.4787768 0.5700593 0.5650831 0.5668282 0.0061041 0.0092048 0.4816930 0.4804342 0.4830141 0.1554672 0.1554672 0.0000000 0.1287191 0.1004007 
Mlig.42188 0.5227296 0.5227296 0.5158947 0.5143407 0.5908035 0.5858115 0.5876014 0.1285785 0.1323792 0.5336575 0.5359867 0.5386365 0.2026930 0.2026930 0.1287191 0.0000000 0.0420289 
Mlig.48388 0.5144851 0.5144851 0.5077672 0.5062374 0.5824874 0.5775557 0.5793087 0.1002983 0.1038991 0.5024534 0.5046191 0.5071946 0.1713922 0.1713922 0.1004007 0.0420289 0.0000000 
