7
Mcor.11637 0.0000000 1.0565650 0.5903715 0.3088442 0.3462285 0.3237068 0.2301736 
Mcor.10772 1.0565650 0.0000000 1.3814570 1.1803034 1.0673654 1.1674608 1.1174506 
Mcor.12173 0.5903715 1.3814570 0.0000000 0.5105669 0.4537384 0.5423420 0.4858071 
Mcor.12812 0.3088442 1.1803034 0.5105669 0.0000000 0.3073064 0.3571181 0.0791149 
Mcor.13035 0.3462285 1.0673654 0.4537384 0.3073064 0.0000000 0.2376973 0.2819425 
Mcor.12013 0.3237068 1.1674608 0.5423420 0.3571181 0.2376973 0.0000000 0.3249006 
Mcor.12487 0.2301736 1.1174506 0.4858071 0.0791149 0.2819425 0.3249006 0.0000000 
