6
Mlig.11324 0.0000000 0.6125169 0.6098398 0.8627225 0.8627225 0.0042248 
Mlig.20731 0.6125169 0.0000000 0.0125251 1.0985752 1.0985752 0.6057112 
Mlig.29974 0.6098398 0.0125251 0.0000000 1.0973144 1.0973144 0.6030403 
Mlig.14814 0.8627225 1.0985752 1.0973144 0.0000000 0.0000010 0.8539990 
Mlig.20393 0.8627225 1.0985752 1.0973144 0.0000010 0.0000000 0.8539990 
Mlig.41070 0.0042248 0.6057112 0.6030403 0.8539990 0.8539990 0.0000000 
