6
Mlig.48324 0.0000000 0.0231118 0.8517420 0.8575977 0.8517420 0.8538911 
Mlig.48325 0.0231118 0.0000000 0.8553369 0.8612157 0.8553369 0.8577183 
Mlig.8307  0.8517420 0.8553369 0.0000000 0.0029994 0.0000010 0.0030006 
Mlig.8304  0.8575977 0.8612157 0.0029994 0.0000000 0.0029994 0.0060068 
Mlig.8305  0.8517420 0.8553369 0.0000010 0.0029994 0.0000000 0.0030006 
Mlig.8306  0.8538911 0.8577183 0.0030006 0.0060068 0.0030006 0.0000000 
