8
Hdim.13585 0.0000000 0.0000010 0.8226073 0.4866315 0.5368220 0.4544828 0.4544828 0.4544828 
Hdim.13691 0.0000010 0.0000000 0.8226073 0.4866315 0.5368220 0.4544828 0.4544828 0.4544828 
Hdim.631   0.8226073 0.8226073 0.0000000 0.7328192 0.7175422 0.6302519 0.6302519 0.6302519 
Hdim.11629 0.4866315 0.4866315 0.7328192 0.0000000 0.3848085 0.3710066 0.3710066 0.3710066 
Hdim.8134  0.5368220 0.5368220 0.7175422 0.3848085 0.0000000 0.3545379 0.3545379 0.3545379 
Hdim.1449  0.4544828 0.4544828 0.6302519 0.3710066 0.3545379 0.0000000 0.0000010 0.0000010 
Hdim.5935  0.4544828 0.4544828 0.6302519 0.3710066 0.3545379 0.0000010 0.0000000 0.0000010 
Hdim.10464 0.4544828 0.4544828 0.6302519 0.3710066 0.3545379 0.0000010 0.0000010 0.0000000 
