6
Mlig.5862  0.0000000 0.0136855 0.0068338 0.5024754 0.5160548 0.5160548 
Mlig.19135 0.0136855 0.0000000 0.0068323 0.5073895 0.5210140 0.5210140 
Mlig.44742 0.0068338 0.0068323 0.0000000 0.4972922 0.5108121 0.5108121 
Mlig.37588 0.5024754 0.5073895 0.4972922 0.0000000 0.0141225 0.0141225 
Mlig.37589 0.5160548 0.5210140 0.5108121 0.0141225 0.0000000 0.0000010 
Mlig.37590 0.5160548 0.5210140 0.5108121 0.0141225 0.0000010 0.0000000 
