16
Smed.12209 0.0000000 0.0946748 0.0946748 0.0799152 0.0930874 0.0526314 0.0797897 0.1072950 0.0799326 0.1069289 0.1244327 0.0799152 0.1073172 0.1074014 0.0820713 0.0667414 
Smed.13939 0.0946748 0.0000000 0.0000010 0.0657629 0.0788061 0.0389846 0.0525248 0.0927176 0.0657808 0.0924170 0.0944963 0.0657629 0.0927356 0.0928001 0.0966049 0.0527292 
Smed.18719 0.0946748 0.0000010 0.0000000 0.0657629 0.0788061 0.0389846 0.0525248 0.0927176 0.0657808 0.0924170 0.0944963 0.0657629 0.0927356 0.0928001 0.0966049 0.0527292 
Smed.23998 0.0799152 0.0657629 0.0657629 0.0000000 0.0646966 0.0256025 0.0517416 0.0250615 0.0518352 0.0780412 0.1081599 0.0000010 0.0250649 0.0783433 0.0383941 0.0389543 
Smed.5480  0.0930874 0.0788061 0.0788061 0.0646966 0.0000000 0.0383647 0.0645994 0.0911939 0.0647142 0.0909043 0.1214682 0.0646966 0.0912112 0.0912728 0.0949563 0.0406355 
Smed.9034  0.0526314 0.0389846 0.0389846 0.0256025 0.0383647 0.0000000 0.0255661 0.0515620 0.0256134 0.0514172 0.0800851 0.0256025 0.0515703 0.0515937 0.0537685 0.0128356 
Smed.21152 0.0797897 0.0525248 0.0525248 0.0517416 0.0645994 0.0255661 0.0000000 0.0781614 0.0517583 0.0779218 0.1079824 0.0517416 0.0781755 0.0782228 0.0814362 0.0388972 
Smed.25165 0.1072950 0.0927176 0.0927176 0.0250615 0.0911939 0.0515620 0.0781614 0.0000000 0.0782989 0.0780013 0.1361731 0.0250615 0.0504584 0.1052009 0.0383719 0.0653707 
Smed.26703 0.0799326 0.0657808 0.0657808 0.0518352 0.0647142 0.0256134 0.0517583 0.0782989 0.0000000 0.0780584 0.0977800 0.0518352 0.0783131 0.0783606 0.0815843 0.0389689 
Smed.1242  0.1069289 0.0924170 0.0924170 0.0780412 0.0909043 0.0514172 0.0779218 0.0780013 0.0780584 0.0000000 0.1356651 0.0780412 0.1047717 0.1048505 0.1090311 0.0651769 
Smed.19664 0.1244327 0.0944963 0.0944963 0.1081599 0.1214682 0.0800851 0.1079824 0.1361731 0.0977800 0.1356651 0.0000000 0.1081599 0.1362046 0.1363355 0.1418011 0.0948039 
Smed.11178 0.0799152 0.0657629 0.0657629 0.0000010 0.0646966 0.0256025 0.0517416 0.0250615 0.0518352 0.0780412 0.1081599 0.0000000 0.0250649 0.0783433 0.0383941 0.0389543 
Smed.23705 0.1073172 0.0927356 0.0927356 0.0250649 0.0912112 0.0515703 0.0781755 0.0504584 0.0783131 0.1047717 0.1362046 0.0250649 0.0000000 0.1052221 0.0644401 0.0653820 
Smed.2447  0.1074014 0.0928001 0.0928001 0.0783433 0.0912728 0.0515937 0.0782228 0.1052009 0.0783606 0.1048505 0.1363355 0.0783433 0.1052221 0.0000000 0.1095241 0.0654171 
Smed.14379 0.0820713 0.0966049 0.0966049 0.0383941 0.0949563 0.0537685 0.0814362 0.0383719 0.0815843 0.1090311 0.1418011 0.0383941 0.0644401 0.1095241 0.0000000 0.0681603 
Smed.20464 0.0667414 0.0527292 0.0527292 0.0389543 0.0406355 0.0128356 0.0388972 0.0653707 0.0389689 0.0651769 0.0948039 0.0389543 0.0653820 0.0654171 0.0681603 0.0000000 
