55
Mcor.10962 0.0000000 1.3599970 1.1640868 1.6951273 2.0548106 1.9667294 1.6730895 0.8092906 0.9543606 0.8812721 1.0096826 1.0573594 1.8215961 1.5605753 0.6691269 1.1013664 0.7823032 1.2005949 1.0065073 1.0287348 1.2494061 1.4939831 1.6895340 1.5808549 1.2907987 1.4927426 1.3923849 1.3101226 1.0951311 1.3245737 0.8824832 0.6970359 0.7779518 1.0267886 1.2607919 1.4312597 1.2615175 1.1220196 0.9595070 1.1913963 1.1626126 1.0574471 1.0290286 0.8072712 1.1634066 0.8106113 1.2088364 1.2014096 1.3908457 1.1700421 1.1832862 1.1607670 1.1215468 1.0867583 0.9994278 
Mcor.12168 1.3599970 0.0000000 1.5364799 1.8293757 2.3595912 2.1703665 2.0400888 0.8529341 1.5207436 0.9370142 0.8739994 1.3618985 1.6859515 1.8395699 0.8713918 1.0990185 0.8446581 1.2527156 1.4683613 1.2674615 1.1897752 1.7816755 2.2956521 2.3689326 1.2547457 1.5303863 1.2184452 1.2389241 0.9508828 1.3493335 0.8397402 0.9457942 1.0376483 0.9542640 1.2092275 1.0856595 0.9278599 0.9075565 1.1455365 1.0233671 1.0566063 1.1436419 0.9769356 1.1082538 1.3789532 0.9637789 1.7037334 1.8279487 1.8637653 1.4882989 1.4712788 1.5063253 0.8812985 0.8629317 1.5653330 
Mcor.13411 1.1640868 1.5364799 0.0000000 0.8157929 0.9898226 0.8637346 0.7612898 0.8676599 0.8652883 0.9658695 1.0131499 0.8759912 1.7837478 1.9265498 0.9724218 0.9592923 0.9987882 1.3277914 0.6796265 1.2524695 0.8894980 1.2184856 1.4938485 1.6174869 1.4489287 1.3068432 1.0688147 1.2181882 1.0649027 1.3137306 1.1170858 0.9041398 1.0808440 1.2596835 1.4423801 1.2591185 1.3835739 1.1456851 1.0875698 1.1134338 1.0796307 1.1914460 1.1387107 0.9957391 1.1723083 1.1274002 0.9502290 1.0386852 1.0683465 0.8971538 0.2591976 0.1585623 1.1958632 0.9356566 1.0212232 
Mcor.2793  1.6951273 1.8293757 0.8157929 0.0000000 0.4364434 0.2611320 0.3653904 1.3933881 1.1647044 1.6427027 1.1647745 1.3026624 2.3563040 2.7311190 1.4960959 1.1717050 1.7012768 1.5543704 1.2685849 1.8232666 1.1007759 1.6802314 1.6332557 2.0355425 1.7521180 1.2936498 1.5392550 1.5292763 1.3735714 1.8764832 1.2991208 1.4185342 1.6713352 1.7781373 1.7224618 1.9587224 1.5717710 1.5310733 1.8465097 1.4910144 1.7560201 1.6015899 1.5064740 1.4559584 1.5180573 1.5645866 1.1457721 1.3668969 1.3721736 1.2496189 0.9703410 0.9323850 1.4655466 1.5026525 1.6303199 
Mcor.2797  2.0548106 2.3595912 0.9898226 0.4364434 0.0000000 0.2325486 0.3081977 1.5696969 1.4913141 2.0840592 1.7753145 1.3339002 2.0827101 2.4278743 1.9053003 1.7248791 1.8269519 2.1108791 1.4240891 2.5557379 1.4514543 1.7390328 1.9388353 2.0320891 1.8922289 1.4727600 2.0477841 1.8486206 1.9329371 2.3095191 1.7366850 1.6983587 2.0423186 1.9021629 2.1188238 2.0182321 1.9982916 1.7215825 1.9139499 1.8068602 2.2086179 2.2802426 2.0895121 1.6083108 1.6682785 1.8206773 1.1954224 1.1513310 1.3467860 1.2499320 1.1471924 1.0704735 1.8707826 2.0588688 2.0268310 
Mcor.2792  1.9667294 2.1703665 0.8637346 0.2611320 0.2325486 0.0000000 0.2135232 1.5955498 1.4974865 1.9536538 1.5522607 1.2927421 2.2300954 2.2421221 1.6497165 1.4119757 1.7103540 2.1994657 1.3749603 2.2765313 1.2610969 1.3940717 1.8330500 1.9553519 1.9549555 1.3979027 1.7444616 1.7095716 1.9277244 1.9502593 1.5767523 1.5181997 1.7959658 1.7463610 2.2337993 2.0633566 1.7634343 1.5568074 2.0405457 1.5486868 2.0224343 1.9926577 1.8359282 1.5901909 1.5604866 1.7869520 1.0995116 1.2358633 1.1736086 1.1119771 1.0746168 0.9648987 1.6650918 1.7963228 1.8466072 
Mcor.2796  1.6730895 2.0400888 0.7612898 0.3653904 0.3081977 0.2135232 0.0000000 1.5360836 1.4601507 1.6978080 1.3560639 1.1415237 2.2020184 2.5584159 1.3308106 1.2497857 1.6242174 1.9099870 1.1784912 2.1584328 1.1425469 1.5151038 1.3519053 1.6128477 1.8090222 1.3143250 1.5818057 1.5690707 1.7859902 1.8200503 1.5383932 1.3175180 1.7417453 1.8021716 2.0145337 1.9055190 1.7534197 1.6750947 1.8057899 1.5589401 1.8277299 1.9524286 1.6789377 1.4500931 1.3413844 1.5746170 1.1652342 1.1700940 1.2626991 1.1775505 0.8467252 0.8146132 1.8686333 1.7848275 2.0241889 
Mcor.11997 0.8092906 0.8529341 0.8676599 1.3933881 1.5696969 1.5955498 1.5360836 0.0000000 0.8727156 0.6831432 0.4843852 1.0000449 1.1877669 1.2759746 0.6237847 0.6301058 0.2224095 1.0557085 0.9399616 0.8329047 0.9417384 1.3828067 1.6356505 1.5520246 1.2270030 1.2121949 1.0482362 0.9598156 0.6426079 1.2962139 0.7325853 0.5455524 0.7093662 0.8014413 1.2008723 0.8883762 0.9744844 1.0334833 0.8328071 0.8208109 0.9282509 1.0311106 0.9502098 0.8544549 1.0872149 0.7670783 1.1426226 1.2246055 1.1631940 0.9963747 1.0305603 1.0006933 0.5048405 0.6672707 0.7991240 
Mcor.9527  0.9543606 1.5207436 0.8652883 1.1647044 1.4913141 1.4974865 1.4601507 0.8727156 0.0000000 1.2218992 1.0265455 0.8286150 1.1896225 1.8796210 0.8932740 0.8658485 1.0482965 0.8933619 0.9385803 0.9575053 0.8874309 1.1979436 1.5916822 1.8662154 1.3087942 1.2973957 1.1419267 1.1514203 0.9604027 1.2079048 0.8283870 0.8158314 0.8249579 0.9667828 1.0094150 1.2573720 1.0984184 1.0387765 0.8726835 0.9618312 0.9776473 1.0226139 0.9913282 0.9883768 0.8722654 0.6906842 0.8791801 1.1042700 1.0920284 0.9324263 0.9893247 0.9561328 1.1600182 1.2099345 0.9647362 
Mcor.5112  0.8812721 0.9370142 0.9658695 1.6427027 2.0840592 1.9536538 1.6978080 0.6831432 1.2218992 0.0000000 0.3847976 1.2885810 1.4305673 1.6608454 0.8694057 0.8906330 0.7159543 1.0879904 0.8655861 0.9807380 0.9682378 1.2397182 1.7038497 1.6959504 1.3338336 1.3164320 1.1269294 1.0204279 0.8385615 1.5206186 0.9517539 0.8573705 0.9231807 0.9022941 1.0235935 0.9881229 0.9183000 0.8963226 1.0514731 0.9464214 1.1087632 0.9709778 0.8567936 0.6834587 1.1861655 1.0928175 1.4728622 1.1444520 1.5459097 1.1134305 1.2574667 1.0374649 0.8454819 0.8973698 1.2670612 
Mcor.5121  1.0096826 0.8739994 1.0131499 1.1647745 1.7753145 1.5522607 1.3560639 0.4843852 1.0265455 0.3847976 0.0000000 1.1177581 1.2940900 1.3291291 0.7275965 0.6804474 0.5172286 1.0513766 1.0272404 0.9722189 0.7905000 1.4589049 1.6400535 1.5175813 1.2381749 1.2003048 0.9556924 0.9769620 0.5845581 1.3002653 0.7223697 0.7480709 0.8221088 0.9703952 0.9488361 1.0283064 0.8679200 0.9994862 1.1263199 0.7811018 0.8574962 0.9009706 0.7959699 0.7460654 1.0329058 0.9482861 1.2426003 1.1954229 1.2703503 1.0240487 1.1944460 1.1678765 0.5957850 0.8976732 1.0597093 
Mcor.5113  1.0573594 1.3618985 0.8759912 1.3026624 1.3339002 1.2927421 1.1415237 1.0000449 0.8286150 1.2885810 1.1177581 0.0000000 1.6244654 2.0105335 0.9598482 1.1891247 1.0921812 1.8998303 1.0500571 1.6747472 0.8139530 1.3084099 1.4227193 1.5685367 1.4609748 1.3495310 1.0946819 1.0465183 1.0261582 1.3481319 1.0631960 1.1214313 1.1993263 1.4815493 2.0639953 1.7332663 1.6303967 1.4536762 1.3895836 1.4937872 1.5035778 1.6912520 1.6354124 1.3684148 0.8877350 1.3056663 0.3219659 0.4990881 0.6252745 0.4473637 0.9110599 0.9852059 1.3554927 1.0660904 0.9804681 
Mcor.6010  1.8215961 1.6859515 1.7837478 2.3563040 2.0827101 2.2300954 2.2020184 1.1877669 1.1896225 1.4305673 1.2940900 1.6244654 0.0000000 2.1157058 1.5467638 1.3181295 1.0598888 1.5290083 1.2548255 1.8680741 1.6010151 1.9686835 2.0791079 2.4655183 1.7174080 1.8656066 1.6394855 1.4541307 1.7294597 1.2896038 1.3630298 1.4672361 1.6620991 1.2503242 1.4142735 1.4980680 1.4808628 1.4948170 1.2294441 1.2649399 1.6694326 1.8796000 1.5600708 1.2988653 1.2327051 1.5655290 1.4706692 1.7795267 1.6325217 1.4214518 1.8286294 1.9978962 1.6877956 1.6324703 1.3137999 
Mcor.8054  1.5605753 1.8395699 1.9265498 2.7311190 2.4278743 2.2421221 2.5584159 1.2759746 1.8796210 1.6608454 1.3291291 2.0105335 2.1157058 0.0000000 1.0497628 1.7923317 1.2954685 2.0431642 1.6966893 2.1902284 1.5016550 2.0590780 2.3938943 1.8019317 2.0980746 2.0741040 1.8502799 1.5877655 1.8194115 1.6032103 1.4608158 1.3142174 1.0099054 1.9821371 1.6686776 1.6640965 2.6812972 2.1048581 1.6619117 1.7511576 1.7553100 1.7392802 1.7482910 1.6990233 1.7029953 1.5065246 2.0146590 2.1870901 2.1463743 2.0467715 1.9015908 1.9797162 1.3759751 1.8858354 1.6425063 
Mcor.12707 0.6691269 0.8713918 0.9724218 1.4960959 1.9053003 1.6497165 1.3308106 0.6237847 0.8932740 0.8694057 0.7275965 0.9598482 1.5467638 1.0497628 0.0000000 0.6858582 0.6598906 1.0278495 0.8556958 1.0798821 0.6251480 1.1602211 1.3011895 1.1311380 0.9379173 0.9576271 0.7718253 0.8205899 0.7623829 0.9734006 0.7312557 0.3026325 0.2781389 0.9732282 1.1921074 1.0915595 1.3773086 1.1965389 0.9146461 0.9051202 0.8660988 0.9486844 0.8966720 0.7821127 0.8940098 0.6853160 1.1001371 1.1597171 1.1006011 0.9951635 1.0145571 1.0688936 0.7663569 0.7793937 0.9631921 
Mcor.2799  1.1013664 1.0990185 0.9592923 1.1717050 1.7248791 1.4119757 1.2497857 0.6301058 0.8658485 0.8906330 0.6804474 1.1891247 1.3181295 1.7923317 0.6858582 0.0000000 0.8085880 0.8701408 0.9431765 1.0046151 0.8309293 1.4531050 1.8149753 1.7918469 1.3915303 1.3401374 1.0065655 0.9900394 1.0477225 1.3533460 0.7646094 0.6193529 0.7463867 0.8627019 1.0140993 1.0602435 0.9076088 0.9749976 0.9374816 0.6320091 0.8048279 0.7326192 0.7467126 0.8228143 1.0346972 1.1233657 1.1058799 1.2402442 1.0464044 0.9193558 1.1977831 1.1436563 0.9698559 0.9880486 0.9919109 
Mcor.12265 0.7823032 0.8446581 0.9987882 1.7012768 1.8269519 1.7103540 1.6242174 0.2224095 1.0482965 0.7159543 0.5172286 1.0921812 1.0598888 1.2954685 0.6598906 0.8085880 0.0000000 1.1238341 1.0098351 0.8473853 0.9689536 1.7169645 1.8450568 1.7201975 1.1372404 1.1300341 1.1381602 1.0953411 0.7524501 1.0288491 0.6846732 0.6326780 0.7392058 0.7203063 1.1547261 1.0083129 0.9062114 0.9647870 0.7549188 0.7098101 0.9131450 1.0247576 0.8619133 0.7641318 1.0150126 0.8682314 1.2060161 1.3552320 1.2969068 1.0779353 0.9852536 1.0682078 0.5473493 0.7798520 0.9822851 
Mcor.11262 1.2005949 1.2527156 1.3277914 1.5543704 2.1108791 2.1994657 1.9099870 1.0557085 0.8933619 1.0879904 1.0513766 1.8998303 1.5290083 2.0431642 1.0278495 0.8701408 1.1238341 0.0000000 1.3189782 0.4064043 1.3367707 1.9968148 2.3040779 2.2500013 1.5937086 1.7474875 1.3292709 1.2237685 1.2982809 1.2114239 0.7507201 0.8421846 1.0407647 0.5883144 0.4915645 0.6297582 0.6575181 0.6167253 0.3540798 0.3860494 0.3867865 0.3917114 0.3783863 0.9801831 1.3009424 1.0395731 1.7813290 1.6218623 1.7842719 1.5347678 1.3709406 1.4725855 1.2519984 1.1492929 1.3929225 
Mcor.4908  1.0065073 1.4683613 0.6796265 1.2685849 1.4240891 1.3749603 1.1784912 0.9399616 0.9385803 0.8655861 1.0272404 1.0500571 1.2548255 1.6966893 0.8556958 0.9431765 1.0098351 1.3189782 0.0000000 1.1922199 0.8424374 1.0330198 1.2240402 1.3951032 1.3592402 1.4770149 1.0323147 0.9894664 1.0929177 1.3824787 1.1523998 1.0005208 1.0419584 1.0828696 1.2875805 1.3911351 1.2969049 1.1101631 0.9864057 0.8971852 1.1318427 1.2965019 1.2356143 0.9093835 0.8774213 1.0544730 0.9373528 0.9256273 1.0426487 0.9597323 0.8234572 0.7439892 1.3345605 1.0988221 1.0976945 
Mcor.10980 1.0287348 1.2674615 1.2524695 1.8232666 2.5557379 2.2765313 2.1584328 0.8329047 0.9575053 0.9807380 0.9722189 1.6747472 1.8680741 2.1902284 1.0798821 1.0046151 0.8473853 0.4064043 1.1922199 0.0000000 1.2976521 1.9559451 2.3477329 2.0219819 1.7367557 1.8889042 1.1410008 1.0411746 1.0232850 1.3957144 0.8010631 1.0418766 1.1758868 0.5436771 0.7430794 0.6789537 0.4912514 0.4721652 0.3766484 0.5060523 0.3655767 0.5003033 0.4735394 0.9686453 1.2378079 0.8920876 1.9357955 1.5655533 1.9541203 1.4174198 1.2433252 1.3180053 1.0258958 1.0984695 1.1590513 
Mcor.9906  1.2494061 1.1897752 0.8894980 1.1007759 1.4514543 1.2610969 1.1425469 0.9417384 0.8874309 0.9682378 0.7905000 0.8139530 1.6010151 1.5016550 0.6251480 0.8309293 0.9689536 1.3367707 0.8424374 1.2976521 0.0000000 0.5644621 1.1363148 0.9272939 0.9974565 0.9193309 0.7503998 0.6998549 0.7010977 1.2865885 0.8294418 0.7661794 0.7374051 0.7655277 1.2604133 0.9930289 1.1906837 0.8853719 1.1414485 0.8574199 0.9796658 1.1684441 1.0133946 0.7773838 0.6770685 0.8033260 0.9694872 0.7897917 1.1855917 0.9293634 0.8408365 0.9930829 1.2109124 0.7983943 1.1276834 
Mcor.9907  1.4939831 1.7816755 1.2184856 1.6802314 1.7390328 1.3940717 1.5151038 1.3828067 1.1979436 1.2397182 1.4589049 1.3084099 1.9686835 2.0590780 1.1602211 1.4531050 1.7169645 1.9968148 1.0330198 1.9559451 0.5644621 0.0000000 0.6959518 0.7195748 1.1874517 1.1237410 1.0231953 1.0726210 1.1447570 1.7561358 1.5530823 1.4132731 1.3345153 1.3670250 1.7006748 1.4664651 1.8434351 1.4627246 1.8001399 1.3938160 1.7479483 1.8739202 1.7452320 1.2628274 1.0098131 1.0869027 1.3992634 1.2213665 1.6137577 1.2629039 1.5859406 1.3354241 1.8515106 1.3464961 1.6497920 
Mcor.2790  1.6895340 2.2956521 1.4938485 1.6332557 1.9388353 1.8330500 1.3519053 1.6356505 1.5916822 1.7038497 1.6400535 1.4227193 2.0791079 2.3938943 1.3011895 1.8149753 1.8450568 2.3040779 1.2240402 2.3477329 1.1363148 0.6959518 0.0000000 0.3692703 1.5865275 1.5231654 1.5604058 1.6064732 1.3225407 1.8872845 1.9648886 1.6195456 1.8211294 2.0607635 2.0579541 1.8032218 2.3343204 2.1217978 2.0895875 1.8988919 2.3599495 2.2209938 1.9782018 1.6678508 1.1936115 1.5595269 1.4505492 1.2275041 1.6379997 1.4197541 1.6233600 1.6050810 1.9351066 1.2539099 1.6851137 
Mcor.5115  1.5808549 2.3689326 1.6174869 2.0355425 2.0320891 1.9553519 1.6128477 1.5520246 1.8662154 1.6959504 1.5175813 1.5685367 2.4655183 1.8019317 1.1311380 1.7918469 1.7201975 2.2500013 1.3951032 2.0219819 0.9272939 0.7195748 0.3692703 0.0000000 1.6558725 1.6243213 1.6265902 1.4875195 1.2444542 2.0534968 1.7495793 1.3675211 1.7254085 1.7674235 2.1638471 1.7271704 2.1785555 1.9006310 1.7894799 1.5392115 2.0566563 2.1976083 1.9829543 1.7501042 1.2373252 1.4330074 1.5431533 1.3468368 1.9055808 1.6446424 1.5457979 1.5022830 1.8211899 1.3624675 1.6983714 
Mcor.5114  1.2907987 1.2547457 1.4489287 1.7521180 1.8922289 1.9549555 1.8090222 1.2270030 1.3087942 1.3338336 1.2381749 1.4609748 1.7174080 2.0980746 0.9379173 1.3915303 1.1372404 1.5937086 1.3592402 1.7367557 0.9974565 1.1874517 1.5865275 1.6558725 0.0000000 0.4541479 0.9192530 0.8375187 0.8911776 1.6712526 1.3138998 1.0552107 1.0481767 1.2478511 1.7534818 1.5143401 1.7067808 1.5682260 1.5122532 1.1930664 1.4830171 1.5083639 1.4659991 1.5289759 1.0451124 1.1373884 1.3360504 1.0989906 1.6013145 1.3190949 1.2185341 1.4018163 1.5307896 1.2606888 1.4370998 
Mcor.8050  1.4927426 1.5303863 1.3068432 1.2936498 1.4727600 1.3979027 1.3143250 1.2121949 1.2973957 1.3164320 1.2003048 1.3495310 1.8656066 2.0741040 0.9576271 1.3401374 1.1300341 1.7474875 1.4770149 1.8889042 0.9193309 1.1237410 1.5231654 1.6243213 0.4541479 0.0000000 0.8570146 0.8559772 1.0500170 1.7226163 1.5170280 1.0458630 1.0110725 1.4304172 1.8464093 1.5515664 2.0490456 1.6618996 1.7861059 1.2572954 1.5536193 1.5448596 1.4688361 1.2414757 1.0796203 1.1912165 1.3775102 1.0718199 1.7529371 1.3701208 1.2243499 1.2160259 1.5341640 1.3039369 1.4750579 
Mcor.5117  1.3923849 1.2184452 1.0688147 1.5392550 2.0477841 1.7444616 1.5818057 1.0482362 1.1419267 1.1269294 0.9556924 1.0946819 1.6394855 1.8502799 0.7718253 1.0065655 1.1381602 1.3292709 1.0323147 1.1410008 0.7503998 1.0231953 1.5604058 1.6265902 0.9192530 0.8570146 0.0000000 0.1789614 0.9299909 1.5113508 1.2217861 1.0090210 1.0429392 1.0868903 1.3912238 1.3919956 1.3113161 1.2471044 1.3477629 1.1493293 1.0620888 1.2326575 1.2409272 1.0917981 0.6607479 1.1777307 1.2711920 1.0281611 1.3827159 1.1156107 1.1068402 1.1864339 1.2660155 1.0605228 1.1426125 
Mcor.9910  1.3101226 1.2389241 1.2181882 1.5292763 1.8486206 1.7095716 1.5690707 0.9598156 1.1514203 1.0204279 0.9769620 1.0465183 1.4541307 1.5877655 0.8205899 0.9900394 1.0953411 1.2237685 0.9894664 1.0411746 0.6998549 1.0726210 1.6064732 1.4875195 0.8375187 0.8559772 0.1789614 0.0000000 0.8513206 1.4692385 1.0768776 1.1738468 1.0653198 0.8247152 1.3382130 1.2681650 1.2886400 1.1005522 1.2525290 1.0654474 1.0642284 1.2591266 1.1878391 1.0718503 0.6439462 1.0922337 1.2701204 0.8724209 1.4798043 1.0511448 1.1262693 1.2451799 1.2200908 0.9964465 1.0582646 
Mcor.5123  1.0951311 0.9508828 1.0649027 1.3735714 1.9329371 1.9277244 1.7859902 0.6426079 0.9604027 0.8385615 0.5845581 1.0261582 1.7294597 1.8194115 0.7623829 1.0477225 0.7524501 1.2982809 1.0929177 1.0232850 0.7010977 1.1447570 1.3225407 1.2444542 0.8911776 1.0500170 0.9299909 0.8513206 0.0000000 1.7038120 0.8127813 0.9058811 0.9134676 1.1848289 1.4820696 1.2705030 1.2668667 1.0360412 1.2367111 1.0679970 0.9378749 1.2266563 1.1130627 0.7208718 0.9753911 0.9930747 1.2859819 1.1133330 1.2029404 1.0381694 1.0451259 1.0062431 0.6167839 0.6378906 0.8578422 
Mcor.9379  1.3245737 1.3493335 1.3137306 1.8764832 2.3095191 1.9502593 1.8200503 1.2962139 1.2079048 1.5206186 1.3002653 1.3481319 1.2896038 1.6032103 0.9734006 1.3533460 1.0288491 1.2114239 1.3824787 1.3957144 1.2865885 1.7561358 1.8872845 2.0534968 1.6712526 1.7226163 1.5113508 1.4692385 1.7038120 0.0000000 0.8543712 0.9669030 1.1171388 1.2196326 1.0958240 1.3429981 1.3362074 1.1053092 0.9411234 0.8898115 1.1881305 1.4681637 1.2449627 1.1463143 1.0777199 1.2752328 1.5827539 1.8238384 1.7815164 1.3550542 1.2614362 1.5383144 1.4976504 1.4143642 1.3705740 
Mcor.12865 0.8824832 0.8397402 1.1170858 1.2991208 1.7366850 1.5767523 1.5383932 0.7325853 0.8283870 0.9517539 0.7223697 1.0631960 1.3630298 1.4608158 0.7312557 0.7646094 0.6846732 0.7507201 1.1523998 0.8010631 0.8294418 1.5530823 1.9648886 1.7495793 1.3138998 1.5170280 1.2217861 1.0768776 0.8127813 0.8543712 0.0000000 0.5944550 0.7587959 0.6864555 0.7664231 0.9191239 0.6573080 0.6256021 0.6164863 0.5750425 0.6673950 0.6378827 0.5809590 0.6298443 1.0134545 0.6419859 1.1467786 1.1030496 1.1670276 0.8409466 0.9356462 1.2866903 0.8530066 0.8853668 1.0077521 
Mcor.12121 0.6970359 0.9457942 0.9041398 1.4185342 1.6983587 1.5181997 1.3175180 0.5455524 0.8158314 0.8573705 0.7480709 1.1214313 1.4672361 1.3142174 0.3026325 0.6193529 0.6326780 0.8421846 1.0005208 1.0418766 0.7661794 1.4132731 1.6195456 1.3675211 1.0552107 1.0458630 1.0090210 1.1738468 0.9058811 0.9669030 0.5944550 0.0000000 0.2623222 0.9069387 0.9224839 0.8876872 1.1449204 1.0067115 0.7769336 0.6533255 0.8225062 0.7441746 0.7349282 0.7511714 1.0817946 0.7319104 1.1801732 1.2409930 1.2276770 1.1119776 0.9283514 0.8989052 0.8529981 0.7279852 1.0024153 
Mcor.12718 0.7779518 1.0376483 1.0808440 1.6713352 2.0423186 1.7959658 1.7417453 0.7093662 0.8249579 0.9231807 0.8221088 1.1993263 1.6620991 1.0099054 0.2781389 0.7463867 0.7392058 1.0407647 1.0419584 1.1758868 0.7374051 1.3345153 1.8211294 1.7254085 1.0481767 1.0110725 1.0429392 1.0653198 0.9134676 1.1171388 0.7587959 0.2623222 0.0000000 1.0176233 1.1694661 0.9878695 1.3170343 1.1030158 0.9275057 0.9122109 0.8321806 0.8372800 0.8156440 0.7251765 1.1075017 0.7580844 1.3208247 1.3501529 1.2572757 1.1949347 1.1692163 1.0871895 0.8735129 0.8768886 0.9060485 
Mcor.9529  1.0267886 0.9542640 1.2596835 1.7781373 1.9021629 1.7463610 1.8021716 0.8014413 0.9667828 0.9022941 0.9703952 1.4815493 1.2503242 1.9821371 0.9732282 0.8627019 0.7203063 0.5883144 1.0828696 0.5436771 0.7655277 1.3670250 2.0607635 1.7674235 1.2478511 1.4304172 1.0868903 0.8247152 1.1848289 1.2196326 0.6864555 0.9069387 1.0176233 0.0000000 0.5395233 0.5550121 0.2968402 0.3929565 0.5322925 0.3448440 0.4576591 0.5160148 0.4479417 0.8656047 0.9805686 0.8524405 1.5568420 1.3354349 1.6427887 1.1946589 1.1374504 1.3117677 1.1837122 0.8206367 1.0925452 
Mcor.7951  1.2607919 1.2092275 1.4423801 1.7224618 2.1188238 2.2337993 2.0145337 1.2008723 1.0094150 1.0235935 0.9488361 2.0639953 1.4142735 1.6686776 1.1921074 1.0140993 1.1547261 0.4915645 1.2875805 0.7430794 1.2604133 1.7006748 2.0579541 2.1638471 1.7534818 1.8464093 1.3912238 1.3382130 1.4820696 1.0958240 0.7664231 0.9224839 1.1694661 0.5395233 0.0000000 0.5656384 0.6436006 0.6159143 0.5878258 0.5301535 0.5850333 0.5191275 0.4240474 0.9211327 1.2014944 1.0392982 1.6859410 1.9732377 1.7139491 1.5385208 1.4082808 1.5658383 1.4537959 1.2818603 1.3318405 
Mcor.7952  1.4312597 1.0856595 1.2591185 1.9587224 2.0182321 2.0633566 1.9055190 0.8883762 1.2573720 0.9881229 1.0283064 1.7332663 1.4980680 1.6640965 1.0915595 1.0602435 1.0083129 0.6297582 1.3911351 0.6789537 0.9930289 1.4664651 1.8032218 1.7271704 1.5143401 1.5515664 1.3919956 1.2681650 1.2705030 1.3429981 0.9191239 0.8876872 0.9878695 0.5550121 0.5656384 0.0000000 0.7196546 0.7335236 0.4757725 0.6663213 0.6316145 0.5729601 0.4982985 1.1238465 1.2027289 1.1663381 2.0835776 1.7466865 2.0820235 1.5601471 1.3512429 1.3658470 1.3106721 0.9922164 1.3438875 
Mcor.11263 1.2615175 0.9278599 1.3835739 1.5717710 1.9982916 1.7634343 1.7534197 0.9744844 1.0984184 0.9183000 0.8679200 1.6303967 1.4808628 2.6812972 1.3773086 0.9076088 0.9062114 0.6575181 1.2969049 0.4912514 1.1906837 1.8434351 2.3343204 2.1785555 1.7067808 2.0490456 1.3113161 1.2886400 1.2668667 1.3362074 0.6573080 1.1449204 1.3170343 0.2968402 0.6436006 0.7196546 0.0000000 0.3220973 0.6511721 0.4375132 0.4658344 0.5369695 0.5156709 0.8794272 1.1280182 0.8814601 1.8986404 1.6502088 1.9362954 1.4462698 1.3353205 1.5033280 1.3341477 1.0125529 1.3043674 
Mcor.7950  1.1220196 0.9075565 1.1456851 1.5310733 1.7215825 1.5568074 1.6750947 1.0334833 1.0387765 0.8963226 0.9994862 1.4536762 1.4948170 2.1048581 1.1965389 0.9749976 0.9647870 0.6167253 1.1101631 0.4721652 0.8853719 1.4627246 2.1217978 1.9006310 1.5682260 1.6618996 1.2471044 1.1005522 1.0360412 1.1053092 0.6256021 1.0067115 1.1030158 0.3929565 0.6159143 0.7335236 0.3220973 0.0000000 0.6983006 0.4247232 0.5076944 0.4965117 0.4316229 0.6627802 1.1109637 0.9631020 1.7002069 1.5230774 1.7956987 1.3194220 0.9921110 1.1176104 1.1020213 0.9152419 1.2604137 
Mcor.9560  0.9595070 1.1455365 1.0875698 1.8465097 1.9139499 2.0405457 1.8057899 0.8328071 0.8726835 1.0514731 1.1263199 1.3895836 1.2294441 1.6619117 0.9146461 0.9374816 0.7549188 0.3540798 0.9864057 0.3766484 1.1414485 1.8001399 2.0895875 1.7894799 1.5122532 1.7861059 1.3477629 1.2525290 1.2367111 0.9411234 0.6164863 0.7769336 0.9275057 0.5322925 0.5878258 0.4757725 0.6511721 0.6983006 0.0000000 0.3546541 0.4148381 0.6284485 0.5253501 0.9417495 0.9877529 0.8298806 1.5388180 1.3512657 1.5481167 1.1349967 1.0523147 1.2426459 1.1163764 1.1933174 0.9788601 
Mcor.10643 1.1913963 1.0233671 1.1134338 1.4910144 1.8068602 1.5486868 1.5589401 0.8208109 0.9618312 0.9464214 0.7811018 1.4937872 1.2649399 1.7511576 0.9051202 0.6320091 0.7098101 0.3860494 0.8971852 0.5060523 0.8574199 1.3938160 1.8988919 1.5392115 1.1930664 1.2572954 1.1493293 1.0654474 1.0679970 0.8898115 0.5750425 0.6533255 0.9122109 0.3448440 0.5301535 0.6663213 0.4375132 0.4247232 0.3546541 0.0000000 0.3672233 0.4809209 0.3918532 0.7230787 0.9475950 0.9388854 1.4925702 1.3420790 1.6662539 1.2180994 0.9560663 1.1674712 1.0077741 1.0043867 1.0558240 
Mcor.7953  1.1626126 1.0566063 1.0796307 1.7560201 2.2086179 2.0224343 1.8277299 0.9282509 0.9776473 1.1087632 0.8574962 1.5035778 1.6694326 1.7553100 0.8660988 0.8048279 0.9131450 0.3867865 1.1318427 0.3655767 0.9796658 1.7479483 2.3599495 2.0566563 1.4830171 1.5536193 1.0620888 1.0642284 0.9378749 1.1881305 0.6673950 0.8225062 0.8321806 0.4576591 0.5850333 0.6316145 0.4658344 0.5076944 0.4148381 0.3672233 0.0000000 0.3621742 0.3410925 0.6840844 1.2884724 0.8477963 1.8625992 1.5132503 1.8032280 1.4604467 1.1167232 1.1903792 1.1133896 1.0023584 1.1622884 
Mcor.12897 1.0574471 1.1436419 1.1914460 1.6015899 2.2802426 1.9926577 1.9524286 1.0311106 1.0226139 0.9709778 0.9009706 1.6912520 1.8796000 1.7392802 0.9486844 0.7326192 1.0247576 0.3917114 1.2965019 0.5003033 1.1684441 1.8739202 2.2209938 2.1976083 1.5083639 1.5448596 1.2326575 1.2591266 1.2266563 1.4681637 0.6378827 0.7441746 0.8372800 0.5160148 0.5191275 0.5729601 0.5369695 0.4965117 0.6284485 0.4809209 0.3621742 0.0000000 0.0989876 0.9056516 1.3124385 1.1372330 1.7904020 1.5829807 1.7247793 1.4464111 1.2216360 1.3167939 1.1698080 1.1865940 1.1897371 
Mcor.13414 1.0290286 0.9769356 1.1387107 1.5064740 2.0895121 1.8359282 1.6789377 0.9502098 0.9913282 0.8567936 0.7959699 1.6354124 1.5600708 1.7482910 0.8966720 0.7467126 0.8619133 0.3783863 1.2356143 0.4735394 1.0133946 1.7452320 1.9782018 1.9829543 1.4659991 1.4688361 1.2409272 1.1878391 1.1130627 1.2449627 0.5809590 0.7349282 0.8156440 0.4479417 0.4240474 0.4982985 0.5156709 0.4316229 0.5253501 0.3918532 0.3410925 0.0989876 0.0000000 0.8432173 1.0832983 1.0289429 1.6376345 1.4559476 1.5875660 1.3154509 1.1300583 1.2555588 1.0593008 1.1032039 1.1496384 
Mcor.2794  0.8072712 1.1082538 0.9957391 1.4559584 1.6083108 1.5901909 1.4500931 0.8544549 0.9883768 0.6834587 0.7460654 1.3684148 1.2988653 1.6990233 0.7821127 0.8228143 0.7641318 0.9801831 0.9093835 0.9686453 0.7773838 1.2628274 1.6678508 1.7501042 1.5289759 1.2414757 1.0917981 1.0718503 0.7208718 1.1463143 0.6298443 0.7511714 0.7251765 0.8656047 0.9211327 1.1238465 0.8794272 0.6627802 0.9417495 0.7230787 0.6840844 0.9056516 0.8432173 0.0000000 1.0494300 0.6293929 1.3041399 1.4603281 1.3232930 1.2254873 1.0371890 0.9958237 0.9871313 0.9055224 1.0208133 
Mcor.9909  1.1634066 1.3789532 1.1723083 1.5180573 1.6682785 1.5604866 1.3413844 1.0872149 0.8722654 1.1861655 1.0329058 0.8877350 1.2327051 1.7029953 0.8940098 1.0346972 1.0150126 1.3009424 0.8774213 1.2378079 0.6770685 1.0098131 1.1936115 1.2373252 1.0451124 1.0796203 0.6607479 0.6439462 0.9753911 1.0777199 1.0134545 1.0817946 1.1075017 0.9805686 1.2014944 1.2027289 1.1280182 1.1109637 0.9877529 0.9475950 1.2884724 1.3124385 1.0832983 1.0494300 0.0000000 0.9655692 0.9268723 0.8272732 1.0596771 0.8969751 1.1875251 1.2496936 1.4189696 1.1390049 0.9978318 
Mcor.13280 0.8106113 0.9637789 1.1274002 1.5645866 1.8206773 1.7869520 1.5746170 0.7670783 0.6906842 1.0928175 0.9482861 1.3056663 1.5655290 1.5065246 0.6853160 1.1233657 0.8682314 1.0395731 1.0544730 0.8920876 0.8033260 1.0869027 1.5595269 1.4330074 1.1373884 1.1912165 1.1777307 1.0922337 0.9930747 1.2752328 0.6419859 0.7319104 0.7580844 0.8524405 1.0392982 1.1663381 0.8814601 0.9631020 0.8298806 0.9388854 0.8477963 1.1372330 1.0289429 0.6293929 0.9655692 0.0000000 1.2865254 1.2992250 1.3145225 1.2205735 1.0929830 1.2303736 0.9939094 0.9421033 1.3358538 
Mcor.9115  1.2088364 1.7037334 0.9502290 1.1457721 1.1954224 1.0995116 1.1652342 1.1426226 0.8791801 1.4728622 1.2426003 0.3219659 1.4706692 2.0146590 1.1001371 1.1058799 1.2060161 1.7813290 0.9373528 1.9357955 0.9694872 1.3992634 1.4505492 1.5431533 1.3360504 1.3775102 1.2711920 1.2701204 1.2859819 1.5827539 1.1467786 1.1801732 1.3208247 1.5568420 1.6859410 2.0835776 1.8986404 1.7002069 1.5388180 1.4925702 1.8625992 1.7904020 1.6376345 1.3041399 0.9268723 1.2865254 0.0000000 0.5916534 0.4508631 0.4349850 0.9520659 1.0238296 1.6151442 1.2463992 1.2161020 
Mcor.2795  1.2014096 1.8279487 1.0386852 1.3668969 1.1513310 1.2358633 1.1700940 1.2246055 1.1042700 1.1444520 1.1954229 0.4990881 1.7795267 2.1870901 1.1597171 1.2402442 1.3552320 1.6218623 0.9256273 1.5655533 0.7897917 1.2213665 1.2275041 1.3468368 1.0989906 1.0718199 1.0281611 0.8724209 1.1133330 1.8238384 1.1030496 1.2409930 1.3501529 1.3354349 1.9732377 1.7466865 1.6502088 1.5230774 1.3512657 1.3420790 1.5132503 1.5829807 1.4559476 1.4603281 0.8272732 1.2992250 0.5916534 0.0000000 0.5619114 0.2495405 0.8588652 1.1444955 1.4837114 1.1445203 1.3211522 
Mcor.2798  1.3908457 1.8637653 1.0683465 1.3721736 1.3467860 1.1736086 1.2626991 1.1631940 1.0920284 1.5459097 1.2703503 0.6252745 1.6325217 2.1463743 1.1006011 1.0464044 1.2969068 1.7842719 1.0426487 1.9541203 1.1855917 1.6137577 1.6379997 1.9055808 1.6013145 1.7529371 1.3827159 1.4798043 1.2029404 1.7815164 1.1670276 1.2276770 1.2572757 1.6427887 1.7139491 2.0820235 1.9362954 1.7956987 1.5481167 1.6662539 1.8032280 1.7247793 1.5875660 1.3232930 1.0596771 1.3145225 0.4508631 0.5619114 0.0000000 0.2760607 1.1101451 1.2435974 1.5258441 1.3987521 1.3188451 
Mcor.9114  1.1700421 1.4882989 0.8971538 1.2496189 1.2499320 1.1119771 1.1775505 0.9963747 0.9324263 1.1134305 1.0240487 0.4473637 1.4214518 2.0467715 0.9951635 0.9193558 1.0779353 1.5347678 0.9597323 1.4174198 0.9293634 1.2629039 1.4197541 1.6446424 1.3190949 1.3701208 1.1156107 1.0511448 1.0381694 1.3550542 0.8409466 1.1119776 1.1949347 1.1946589 1.5385208 1.5601471 1.4462698 1.3194220 1.1349967 1.2180994 1.4604467 1.4464111 1.3154509 1.2254873 0.8969751 1.2205735 0.4349850 0.2495405 0.2760607 0.0000000 0.7692625 1.0154713 1.2247208 1.2667637 1.1504896 
Mcor.10228 1.1832862 1.4712788 0.2591976 0.9703410 1.1471924 1.0746168 0.8467252 1.0305603 0.9893247 1.2574667 1.1944460 0.9110599 1.8286294 1.9015908 1.0145571 1.1977831 0.9852536 1.3709406 0.8234572 1.2433252 0.8408365 1.5859406 1.6233600 1.5457979 1.2185341 1.2243499 1.1068402 1.1262693 1.0451259 1.2614362 0.9356462 0.9283514 1.1692163 1.1374504 1.4082808 1.3512429 1.3353205 0.9921110 1.0523147 0.9560663 1.1167232 1.2216360 1.1300583 1.0371890 1.1875251 1.0929830 0.9520659 0.8588652 1.1101451 0.7692625 0.0000000 0.2119615 1.2244121 1.0996937 1.2751142 
Mcor.13281 1.1607670 1.5063253 0.1585623 0.9323850 1.0704735 0.9648987 0.8146132 1.0006933 0.9561328 1.0374649 1.1678765 0.9852059 1.9978962 1.9797162 1.0688936 1.1436563 1.0682078 1.4725855 0.7439892 1.3180053 0.9930829 1.3354241 1.6050810 1.5022830 1.4018163 1.2160259 1.1864339 1.2451799 1.0062431 1.5383144 1.2866903 0.8989052 1.0871895 1.3117677 1.5658383 1.3658470 1.5033280 1.1176104 1.2426459 1.1674712 1.1903792 1.3167939 1.2555588 0.9958237 1.2496936 1.2303736 1.0238296 1.1444955 1.2435974 1.0154713 0.2119615 0.0000000 1.1626704 1.1116096 1.1700108 
Mcor.5116  1.1215468 0.8812985 1.1958632 1.4655466 1.8707826 1.6650918 1.8686333 0.5048405 1.1600182 0.8454819 0.5957850 1.3554927 1.6877956 1.3759751 0.7663569 0.9698559 0.5473493 1.2519984 1.3345605 1.0258958 1.2109124 1.8515106 1.9351066 1.8211899 1.5307896 1.5341640 1.2660155 1.2200908 0.6167839 1.4976504 0.8530066 0.8529981 0.8735129 1.1837122 1.4537959 1.3106721 1.3341477 1.1020213 1.1163764 1.0077741 1.1133896 1.1698080 1.0593008 0.9871313 1.4189696 0.9939094 1.6151442 1.4837114 1.5258441 1.2247208 1.2244121 1.1626704 0.0000000 0.8630600 1.1336488 
Mcor.8055  1.0867583 0.8629317 0.9356566 1.5026525 2.0588688 1.7963228 1.7848275 0.6672707 1.2099345 0.8973698 0.8976732 1.0660904 1.6324703 1.8858354 0.7793937 0.9880486 0.7798520 1.1492929 1.0988221 1.0984695 0.7983943 1.3464961 1.2539099 1.3624675 1.2606888 1.3039369 1.0605228 0.9964465 0.6378906 1.4143642 0.8853668 0.7279852 0.8768886 0.8206367 1.2818603 0.9922164 1.0125529 0.9152419 1.1933174 1.0043867 1.0023584 1.1865940 1.1032039 0.9055224 1.1390049 0.9421033 1.2463992 1.1445203 1.3987521 1.2667637 1.0996937 1.1116096 0.8630600 0.0000000 0.9900587 
Mcor.9712  0.9994278 1.5653330 1.0212232 1.6303199 2.0268310 1.8466072 2.0241889 0.7991240 0.9647362 1.2670612 1.0597093 0.9804681 1.3137999 1.6425063 0.9631921 0.9919109 0.9822851 1.3929225 1.0976945 1.1590513 1.1276834 1.6497920 1.6851137 1.6983714 1.4370998 1.4750579 1.1426125 1.0582646 0.8578422 1.3705740 1.0077521 1.0024153 0.9060485 1.0925452 1.3318405 1.3438875 1.3043674 1.2604137 0.9788601 1.0558240 1.1622884 1.1897371 1.1496384 1.0208133 0.9978318 1.3358538 1.2161020 1.3211522 1.3188451 1.1504896 1.2751142 1.1700108 1.1336488 0.9900587 0.0000000 
