8
Treg.3184  0.0000000 0.0000010 0.0078789 0.8909888 0.8752705 0.8761276 0.8158591 0.9304296 
Treg.7451  0.0000010 0.0000000 0.0078789 0.8909888 0.8752705 0.8761276 0.8158591 0.9304296 
Treg.11234 0.0078789 0.0078789 0.0000000 0.8747287 0.8593503 0.8601325 0.8010943 0.9141080 
Treg.6970  0.8909888 0.8909888 0.8747287 0.0000000 0.0080478 0.0325303 0.6777208 0.9016449 
Treg.12025 0.8752705 0.8752705 0.8593503 0.0080478 0.0000000 0.0243044 0.6630600 0.8854500 
Treg.13651 0.8761276 0.8761276 0.8601325 0.0325303 0.0243044 0.0000000 0.6679779 0.8761027 
Treg.5449  0.8158591 0.8158591 0.8010943 0.6777208 0.6630600 0.6679779 0.0000000 0.5477097 
Treg.9994  0.9304296 0.9304296 0.9141080 0.9016449 0.8854500 0.8761027 0.5477097 0.0000000 
