6
Mlig.29050 0.0000000 0.0000010 0.0168691 0.5096766 0.5180907 0.5180907 
Mlig.29054 0.0000010 0.0000000 0.0168691 0.5096766 0.5180907 0.5180907 
Mlig.2287  0.0168691 0.0168691 0.0000000 0.5247121 0.5332806 0.5332806 
Mlig.13981 0.5096766 0.5096766 0.5247121 0.0000000 0.0171887 0.0171887 
Mlig.35640 0.5180907 0.5180907 0.5332806 0.0171887 0.0000000 0.0000010 
Mlig.39557 0.5180907 0.5180907 0.5332806 0.0171887 0.0000010 0.0000000 
