21
Smed.684   0.0000000 0.0064298 0.0227797 0.0366244 0.0227823 0.0064298 0.0096621 0.0195470 0.0129136 0.0129094 0.0194471 0.0129114 0.0096629 0.0128981 0.0096572 0.0161779 0.0096786 0.0064298 0.0128884 0.0096568 0.0161926 
Smed.18248 0.0064298 0.0000000 0.0162460 0.0299197 0.0162476 0.0000010 0.0032155 0.0130117 0.0064468 0.0064447 0.0129450 0.0064457 0.0032157 0.0064392 0.0032138 0.0096917 0.0032210 0.0000010 0.0064343 0.0032137 0.0097006 
Smed.22722 0.0227797 0.0162460 0.0000000 0.0471201 0.0328970 0.0162460 0.0195304 0.0296361 0.0228412 0.0228337 0.0294852 0.0228372 0.0195320 0.0228129 0.0195203 0.0261632 0.0195640 0.0162460 0.0227960 0.0195194 0.0261864 
Smed.4667  0.0366244 0.0299197 0.0471201 0.0000000 0.0471284 0.0299197 0.0333052 0.0438041 0.0367262 0.0367139 0.0435803 0.0333304 0.0333078 0.0366782 0.0332875 0.0401569 0.0333632 0.0299197 0.0332111 0.0298607 0.0401920 
Smed.17221 0.0227823 0.0162476 0.0328970 0.0471284 0.0000000 0.0162476 0.0195325 0.0296400 0.0228438 0.0228363 0.0294891 0.0228398 0.0195341 0.0228155 0.0195224 0.0228901 0.0195661 0.0162476 0.0227986 0.0195215 0.0261896 
Smed.22214 0.0064298 0.0000010 0.0162460 0.0299197 0.0162476 0.0000000 0.0032155 0.0130117 0.0064468 0.0064447 0.0129450 0.0064457 0.0032157 0.0064392 0.0032138 0.0096917 0.0032210 0.0000010 0.0064343 0.0032137 0.0097006 
Smed.25170 0.0096621 0.0032155 0.0195304 0.0333052 0.0195325 0.0032155 0.0000000 0.0162941 0.0096878 0.0096846 0.0162108 0.0096861 0.0064437 0.0096763 0.0064399 0.0129458 0.0064542 0.0032155 0.0096689 0.0064396 0.0129576 
Smed.98    0.0195470 0.0130117 0.0296361 0.0438041 0.0296400 0.0130117 0.0162941 0.0000000 0.0195999 0.0195934 0.0262385 0.0195964 0.0162954 0.0195757 0.0162857 0.0229182 0.0163221 0.0130117 0.0195610 0.0162849 0.0229388 
Smed.10537 0.0129136 0.0064468 0.0228412 0.0367262 0.0228438 0.0064468 0.0096878 0.0195999 0.0000000 0.0129438 0.0194996 0.0129458 0.0096886 0.0129325 0.0096828 0.0162213 0.0097044 0.0064468 0.0129228 0.0096824 0.0162360 
Smed.11978 0.0129094 0.0064447 0.0228337 0.0367139 0.0228363 0.0064447 0.0096846 0.0195934 0.0129438 0.0000000 0.0194932 0.0129416 0.0096854 0.0129282 0.0096797 0.0162159 0.0097012 0.0064447 0.0129185 0.0096792 0.0162306 
Smed.10269 0.0194471 0.0129450 0.0294852 0.0435803 0.0294891 0.0129450 0.0162108 0.0262385 0.0194996 0.0194932 0.0000000 0.0194962 0.0162121 0.0194756 0.0162024 0.0228015 0.0162385 0.0129450 0.0194610 0.0162017 0.0228219 
Smed.9023  0.0129114 0.0064457 0.0228372 0.0333304 0.0228398 0.0064457 0.0096861 0.0195964 0.0129458 0.0129416 0.0194962 0.0000000 0.0096869 0.0129302 0.0096811 0.0162184 0.0097027 0.0064457 0.0129205 0.0096807 0.0162331 
Smed.14539 0.0096629 0.0032157 0.0195320 0.0333078 0.0195341 0.0032157 0.0064437 0.0162954 0.0096886 0.0096854 0.0162121 0.0096869 0.0000000 0.0096771 0.0064404 0.0129469 0.0064547 0.0032157 0.0096697 0.0064401 0.0129587 
Smed.18621 0.0128981 0.0064392 0.0228129 0.0366782 0.0228155 0.0064392 0.0096763 0.0195757 0.0129325 0.0129282 0.0194756 0.0129302 0.0096771 0.0000000 0.0096713 0.0162015 0.0096928 0.0064392 0.0129072 0.0096709 0.0162162 
Smed.3698  0.0096572 0.0032138 0.0195203 0.0332875 0.0195224 0.0032138 0.0064399 0.0162857 0.0096828 0.0096797 0.0162024 0.0096811 0.0064404 0.0096713 0.0000000 0.0129392 0.0064508 0.0032138 0.0096640 0.0064363 0.0129509 
Smed.6795  0.0161779 0.0096917 0.0261632 0.0401569 0.0228901 0.0096917 0.0129458 0.0229182 0.0162213 0.0162159 0.0228015 0.0162184 0.0129469 0.0162015 0.0129392 0.0000000 0.0129680 0.0096917 0.0161894 0.0129386 0.0129601 
Smed.266   0.0096786 0.0032210 0.0195640 0.0333632 0.0195661 0.0032210 0.0064542 0.0163221 0.0097044 0.0097012 0.0162385 0.0097027 0.0064547 0.0096928 0.0064508 0.0129680 0.0000000 0.0032210 0.0096854 0.0064506 0.0129798 
Smed.2106  0.0064298 0.0000010 0.0162460 0.0299197 0.0162476 0.0000010 0.0032155 0.0130117 0.0064468 0.0064447 0.0129450 0.0064457 0.0032157 0.0064392 0.0032138 0.0096917 0.0032210 0.0000000 0.0064343 0.0032137 0.0097006 
Smed.5330  0.0128884 0.0064343 0.0227960 0.0332111 0.0227986 0.0064343 0.0096689 0.0195610 0.0129228 0.0129185 0.0194610 0.0129205 0.0096697 0.0129072 0.0096640 0.0161894 0.0096854 0.0064343 0.0000000 0.0032132 0.0162041 
Smed.8428  0.0096568 0.0032137 0.0195194 0.0298607 0.0195215 0.0032137 0.0064396 0.0162849 0.0096824 0.0096792 0.0162017 0.0096807 0.0064401 0.0096709 0.0064363 0.0129386 0.0064506 0.0032137 0.0032132 0.0000000 0.0129504 
Smed.15006 0.0161926 0.0097006 0.0261864 0.0401920 0.0261896 0.0097006 0.0129576 0.0229388 0.0162360 0.0162306 0.0228219 0.0162331 0.0129587 0.0162162 0.0129509 0.0129601 0.0129798 0.0097006 0.0162041 0.0129504 0.0000000 
