6
Mlig.11802 0.0000000 0.0008831 0.0008831 0.4112464 0.4103112 0.4080241 
Mlig.26113 0.0008831 0.0000000 0.0000010 0.4103747 0.4089015 0.4066208 
Mlig.26114 0.0008831 0.0000010 0.0000000 0.4103747 0.4089015 0.4066208 
Mlig.11180 0.4112464 0.4103747 0.4103747 0.0000000 0.0052545 0.0034996 
Mlig.11181 0.4103112 0.4089015 0.4089015 0.0052545 0.0000000 0.0034949 
Mlig.36661 0.4080241 0.4066208 0.4066208 0.0034996 0.0034949 0.0000000 
