11
Treg.2575  0.0000000 0.2126810 0.2322503 0.2162137 0.2162137 0.2126810 0.1879791 0.2126810 0.2126810 0.2126810 0.2126810 
Treg.4300  0.2126810 0.0000000 0.0185665 0.0052723 0.0052723 0.0000010 0.4157822 0.0000010 0.0000010 0.0000010 0.0000010 
Treg.149   0.2322503 0.0185665 0.0000000 0.0132228 0.0132228 0.0185665 0.4397326 0.0185665 0.0185665 0.0185665 0.0185665 
Treg.150   0.2162137 0.0052723 0.0132228 0.0000000 0.0000010 0.0052723 0.4196572 0.0052723 0.0052723 0.0052723 0.0052723 
Treg.146   0.2162137 0.0052723 0.0132228 0.0000010 0.0000000 0.0052723 0.4196572 0.0052723 0.0052723 0.0052723 0.0052723 
Treg.4299  0.2126810 0.0000010 0.0185665 0.0052723 0.0052723 0.0000000 0.4157822 0.0000010 0.0000010 0.0000010 0.0000010 
Treg.2574  0.1879791 0.4157822 0.4397326 0.4196572 0.4196572 0.4157822 0.0000000 0.4157822 0.4157822 0.4157822 0.4157822 
Treg.44    0.2126810 0.0000010 0.0185665 0.0052723 0.0052723 0.0000010 0.4157822 0.0000000 0.0000010 0.0000010 0.0000010 
Treg.11757 0.2126810 0.0000010 0.0185665 0.0052723 0.0052723 0.0000010 0.4157822 0.0000010 0.0000000 0.0000010 0.0000010 
Treg.4301  0.2126810 0.0000010 0.0185665 0.0052723 0.0052723 0.0000010 0.4157822 0.0000010 0.0000010 0.0000000 0.0000010 
Treg.11756 0.2126810 0.0000010 0.0185665 0.0052723 0.0052723 0.0000010 0.4157822 0.0000010 0.0000010 0.0000010 0.0000000 
