8
Mlig.5713  0.0000000 0.0000010 0.0000010 1.3864886 0.7858114 0.7777167 1.3844925 1.3858261 
Mlig.7534  0.0000010 0.0000000 0.0000010 1.3864886 0.7858114 0.7777167 1.3844925 1.3858261 
Mlig.5711  0.0000010 0.0000010 0.0000000 1.3864886 0.7858114 0.7777167 1.3844925 1.3858261 
Mlig.19177 1.3864886 1.3864886 1.3864886 0.0000000 1.1882790 1.1799359 0.0100140 0.0049682 
Mlig.11672 0.7858114 0.7858114 0.7858114 1.1882790 0.0000000 0.0048972 1.2076259 1.1878499 
Mlig.11671 0.7777167 0.7777167 0.7777167 1.1799359 0.0048972 0.0000000 1.1991868 1.1795167 
Mlig.19175 1.3844925 1.3844925 1.3844925 0.0100140 1.2076259 1.1991868 0.0000000 0.0150510 
Mlig.19176 1.3858261 1.3858261 1.3858261 0.0049682 1.1878499 1.1795167 0.0150510 0.0000000 
