7
Mlig.22832 0.0000000 0.3475729 0.0000010 0.0726697 0.0726697 0.0715275 0.0715275 
Mlig.39291 0.3475729 0.0000000 0.3475729 0.3734563 0.3734563 0.3632984 0.3632984 
Mlig.19245 0.0000010 0.3475729 0.0000000 0.0726697 0.0726697 0.0715275 0.0715275 
Mlig.17975 0.0726697 0.3734563 0.0726697 0.0000000 0.0000010 0.0302348 0.0302348 
Mlig.17976 0.0726697 0.3734563 0.0726697 0.0000010 0.0000000 0.0302348 0.0302348 
Mlig.38655 0.0715275 0.3632984 0.0715275 0.0302348 0.0302348 0.0000000 0.0000010 
Mlig.38656 0.0715275 0.3632984 0.0715275 0.0302348 0.0302348 0.0000010 0.0000000 
