6
Smed.19180 0.0000000 0.1535341 0.1538839 0.1527435 0.1927197 0.1467701 
Smed.7736  0.1535341 0.0000000 0.0214433 0.0212987 0.1911144 0.1692619 
Smed.22354 0.1538839 0.0214433 0.0000000 0.0213432 0.1915457 0.1696438 
Smed.27465 0.1527435 0.0212987 0.0213432 0.0000000 0.1901358 0.1683974 
Smed.4383  0.1927197 0.1911144 0.1915457 0.1901358 0.0000000 0.1102858 
Smed.18125 0.1467701 0.1692619 0.1696438 0.1683974 0.1102858 0.0000000 
