9
Mlig.26282 0.0000000 0.3026502 0.3509280 0.3629589 0.3629589 0.4080955 0.4108398 0.4266056 0.0916944 
Mlig.22847 0.3026502 0.0000000 0.2072230 0.2186386 0.2186386 0.4025976 0.3786733 0.3936740 0.3121047 
Mlig.31562 0.3509280 0.2072230 0.0000000 0.0097056 0.0097056 0.3507375 0.3541574 0.3416573 0.3134093 
Mlig.17058 0.3629589 0.2186386 0.0097056 0.0000000 0.0000010 0.3385195 0.3417995 0.3293426 0.3253028 
Mlig.31564 0.3629589 0.2186386 0.0097056 0.0000010 0.0000000 0.3385195 0.3417995 0.3293426 0.3253028 
Mlig.469   0.4080955 0.4025976 0.3507375 0.3385195 0.3385195 0.0000000 0.0393731 0.0294165 0.3304006 
Mlig.468   0.4108398 0.3786733 0.3541574 0.3417995 0.3417995 0.0393731 0.0000000 0.0296378 0.3326139 
Mlig.24961 0.4266056 0.3936740 0.3416573 0.3293426 0.3293426 0.0294165 0.0296378 0.0000000 0.3473013 
Mlig.26283 0.0916944 0.3121047 0.3134093 0.3253028 0.3253028 0.3304006 0.3326139 0.3473013 0.0000000 
