11
Mlig.7663  0.0000000 0.0000010 0.0000010 0.1200817 0.1200817 0.1761226 0.1697293 0.1697293 0.1532572 0.1455593 0.1455593 
Mlig.7664  0.0000010 0.0000000 0.0000010 0.1200817 0.1200817 0.1761226 0.1697293 0.1697293 0.1532572 0.1455593 0.1455593 
Mlig.48382 0.0000010 0.0000010 0.0000000 0.1200817 0.1200817 0.1761226 0.1697293 0.1697293 0.1532572 0.1455593 0.1455593 
Mlig.13762 0.1200817 0.1200817 0.1200817 0.0000000 0.0000010 0.2200644 0.2136331 0.2136331 0.1724214 0.1646689 0.1646689 
Mlig.13763 0.1200817 0.1200817 0.1200817 0.0000010 0.0000000 0.2200644 0.2136331 0.2136331 0.1724214 0.1646689 0.1646689 
Mlig.7962  0.1761226 0.1761226 0.1761226 0.2200644 0.2200644 0.0000000 0.0058294 0.0058294 0.1332619 0.1260640 0.1260640 
Mlig.7963  0.1697293 0.1697293 0.1697293 0.2136331 0.2136331 0.0058294 0.0000000 0.0000010 0.1270536 0.1198822 0.1198822 
Mlig.7964  0.1697293 0.1697293 0.1697293 0.2136331 0.2136331 0.0058294 0.0000010 0.0000000 0.1270536 0.1198822 0.1198822 
Mlig.15769 0.1532572 0.1532572 0.1532572 0.1724214 0.1724214 0.1332619 0.1270536 0.1270536 0.0000000 0.0057396 0.0057396 
Mlig.15770 0.1455593 0.1455593 0.1455593 0.1646689 0.1646689 0.1260640 0.1198822 0.1198822 0.0057396 0.0000000 0.0000010 
Mlig.22688 0.1455593 0.1455593 0.1455593 0.1646689 0.1646689 0.1260640 0.1198822 0.1198822 0.0057396 0.0000010 0.0000000 
