6
Mlig.33338 0.0000000 0.0176877 0.0141180 0.0070376 0.0000010 0.0177500 
Mlig.33070 0.0176877 0.0000000 0.0035176 0.0176660 0.0176877 0.0285174 
Mlig.33071 0.0141180 0.0035176 0.0000000 0.0141008 0.0141180 0.0248957 
Mlig.17144 0.0070376 0.0176660 0.0141008 0.0000000 0.0070376 0.0106189 
Mlig.30866 0.0000010 0.0176877 0.0141180 0.0070376 0.0000000 0.0177500 
Mlig.33337 0.0177500 0.0285174 0.0248957 0.0106189 0.0177500 0.0000000 
