13
Hdim.7683  0.0000000 0.3685441 0.3512762 0.4406821 0.3424409 0.4481224 0.3656055 0.5343096 1.5041319 0.7451649 0.3788849 0.7820795 0.3977620 
Hdim.6746  0.3685441 0.0000000 0.4225051 0.2992839 0.2078111 0.3431537 0.2284463 0.5245853 1.3498277 0.4420813 0.3324332 0.5036755 0.0841086 
Hdim.9842  0.3512762 0.4225051 0.0000000 0.3600355 0.4478419 0.4010413 0.3228989 0.7633582 1.8332467 0.7064867 0.5251623 0.9830750 0.5163101 
Hdim.7190  0.4406821 0.2992839 0.3600355 0.0000000 0.3238493 0.3201037 0.2161974 0.6616157 1.9453192 0.6722688 0.4524263 0.7918495 0.4292768 
Hdim.7340  0.3424409 0.2078111 0.4478419 0.3238493 0.0000000 0.3697539 0.2538878 0.4875347 1.5726089 0.4271820 0.2614247 0.4598669 0.2492387 
Hdim.8768  0.4481224 0.3431537 0.4010413 0.3201037 0.3697539 0.0000000 0.2401568 0.4963632 2.0711941 0.8107102 0.3913100 0.8907050 0.4991106 
Hdim.13605 0.3656055 0.2284463 0.3228989 0.2161974 0.2538878 0.2401568 0.0000000 0.5750042 1.9630756 0.5905356 0.3806495 0.6919332 0.2549144 
Hdim.10775 0.5343096 0.5245853 0.7633582 0.6616157 0.4875347 0.4963632 0.5750042 0.0000000 1.8732433 0.9323362 0.5820435 0.9963049 0.6040984 
Hdim.15155 1.5041319 1.3498277 1.8332467 1.9453192 1.5726089 2.0711941 1.9630756 1.8732433 0.0000000 1.2780718 1.3748120 1.6184726 1.2710741 
Hdim.9802  0.7451649 0.4420813 0.7064867 0.6722688 0.4271820 0.8107102 0.5905356 0.9323362 1.2780718 0.0000000 0.6263483 0.5026992 0.3214750 
Hdim.4014  0.3788849 0.3324332 0.5251623 0.4524263 0.2614247 0.3913100 0.3806495 0.5820435 1.3748120 0.6263483 0.0000000 0.7061381 0.2987059 
Hdim.1055  0.7820795 0.5036755 0.9830750 0.7918495 0.4598669 0.8907050 0.6919332 0.9963049 1.6184726 0.5026992 0.7061381 0.0000000 0.3498904 
Hdim.14241 0.3977620 0.0841086 0.5163101 0.4292768 0.2492387 0.4991106 0.2549144 0.6040984 1.2710741 0.3214750 0.2987059 0.3498904 0.0000000 
