8
Mlig.23032 0.0000000 0.0000010 0.6538703 0.6550641 0.6538703 0.6538703 1.1983214 1.1983214 
Mlig.23033 0.0000010 0.0000000 0.6538703 0.6550641 0.6538703 0.6538703 1.1983214 1.1983214 
Mlig.16766 0.6538703 0.6538703 0.0000000 0.0035867 0.0000010 0.0000010 1.1161673 1.1161673 
Mlig.35535 0.6550641 0.6550641 0.0035867 0.0000000 0.0035867 0.0035867 1.1199799 1.1199799 
Mlig.35536 0.6538703 0.6538703 0.0000010 0.0035867 0.0000000 0.0000010 1.1161673 1.1161673 
Mlig.35537 0.6538703 0.6538703 0.0000010 0.0035867 0.0000010 0.0000000 1.1161673 1.1161673 
Mlig.38148 1.1983214 1.1983214 1.1161673 1.1199799 1.1161673 1.1161673 0.0000000 0.0000010 
Mlig.38149 1.1983214 1.1983214 1.1161673 1.1199799 1.1161673 1.1161673 0.0000010 0.0000000 
