45
Mcor.2919  0.0000000 2.6571046 2.0635854 2.3501137 1.9366231 1.9589504 2.7337747 1.6474135 1.6965587 1.8653996 1.8515203 2.7525081 1.3168426 1.6794243 1.3282801 1.8136121 2.5341429 1.7161440 1.3471825 1.4431702 1.8962329 1.9066391 1.5215476 2.3161638 3.8014679 1.4912325 1.6120458 1.7570729 2.0958966 2.2015830 1.5449024 1.5864174 1.3471825 2.1466502 1.7779190 1.5202389 1.9477333 1.7505202 1.4637306 2.2908999 1.7540488 6.4827871 1.8090945 1.7936567 1.7148769 
Mcor.12584 2.6571046 0.0000000 0.8107969 0.6568820 0.7547089 0.8038077 1.1960854 0.5857984 0.6635594 0.7103143 0.6302405 0.7396584 0.6252734 0.9086222 0.6011164 0.5933626 0.8549375 0.9504818 0.5972901 0.6402011 0.3783039 0.5405605 0.4464196 0.7315201 1.2317635 0.7884997 0.6067100 0.6324524 0.7739103 0.6441370 0.5857337 0.5063488 0.5972901 0.7006979 0.6194973 0.7932808 0.7925078 0.7189869 0.8075048 1.0253031 0.8993307 2.7892976 0.6035248 0.7323496 0.8826575 
Mcor.12995 2.0635854 0.8107969 0.0000000 0.7341170 0.2874719 0.6787940 1.0265140 0.6179025 0.8013557 0.4973424 1.0817028 0.7532616 0.3237393 0.6488579 0.2732496 0.5091120 0.5970679 0.6395947 0.3543622 0.6255579 0.3954918 0.4031743 0.3832473 0.5037854 1.0250828 0.4285524 0.4970782 0.7150008 0.5028094 0.5009954 0.5142011 0.4399209 0.3543622 0.5772910 0.5079538 0.3956129 0.3875416 0.4684442 0.4364375 0.6816063 0.5908229 1.4668925 0.6284716 0.6274526 0.8911344 
Mcor.12992 2.3501137 0.6568820 0.7341170 0.0000000 0.6209843 0.5566802 1.1387533 0.5800733 0.6043291 0.6472624 0.5086559 0.7945070 0.4178766 0.7823581 0.4752291 0.3705966 0.6435916 0.6616773 0.4901196 0.4211795 0.4369808 0.4676946 0.3790272 0.4532990 1.1275445 0.6882908 0.4827833 0.4772608 0.7324058 0.5801427 0.4586693 0.3078029 0.4901196 0.4115755 0.3680922 0.4680325 0.4982673 0.6694782 0.7749876 0.9704236 0.5809300 1.9655931 0.5692194 0.6778470 0.8794729 
Mcor.12384 1.9366231 0.7547089 0.2874719 0.6209843 0.0000000 0.4850960 0.7637238 0.3362751 0.6672861 0.3126769 0.8517036 0.6029277 0.2762211 0.4354241 0.2254530 0.3561764 0.5516282 0.4950316 0.3050460 0.4272843 0.3241719 0.3846233 0.2241575 0.4557107 0.9228371 0.2673886 0.3271275 0.5960961 0.4506124 0.4269079 0.2479972 0.2753079 0.3050460 0.3948567 0.3347700 0.2317594 0.2265156 0.2791060 0.5222430 0.5535982 0.4569973 1.1582859 0.4306020 0.5600638 0.6659440 
Mcor.9367  1.9589504 0.8038077 0.6787940 0.5566802 0.4850960 0.0000000 1.1098395 0.4619237 0.7415647 0.4707786 0.7475650 0.5674102 0.4608038 0.7212864 0.5175103 0.4498697 0.7383434 0.6590510 0.5335992 0.4156273 0.3948383 0.3709663 0.3999883 0.4793454 0.9927177 0.5544736 0.3543743 0.6392026 0.7399432 0.4591414 0.3925256 0.3031447 0.5335992 0.5622651 0.4836508 0.4575968 0.4762562 0.5996554 0.6088282 0.8355843 0.4995068 1.5049477 0.6287709 0.6290803 0.5198955 
Mcor.10223 2.7337747 1.1960854 1.0265140 1.1387533 0.7637238 1.1098395 0.0000000 0.6976364 0.9171422 0.8685665 1.1740797 0.8192104 0.5935889 0.6537583 0.5359113 0.8495296 0.5638696 0.8002543 0.5356266 0.9579463 0.6903017 0.7792036 0.6175814 0.8121016 0.8978026 0.5738944 0.5587989 0.8677760 0.6695742 0.6979275 0.6860896 0.5393629 0.5356266 0.6525993 0.5528878 0.6031981 0.4686276 0.6653069 0.8344225 0.8445503 0.9506433 3.3569988 0.9527989 0.8799586 0.8447817 
Mcor.1597  1.6474135 0.5857984 0.6179025 0.5800733 0.3362751 0.4619237 0.6976364 0.0000000 0.5851858 0.3436157 0.8282968 0.4499347 0.3892700 0.5499648 0.3330781 0.4357935 0.5071966 0.5484297 0.4261008 0.3379498 0.3299380 0.3708645 0.2281346 0.4645843 0.7682652 0.4769772 0.2858216 0.3944154 0.4492403 0.4159038 0.1441359 0.2339139 0.4261008 0.4023081 0.2927717 0.3983961 0.4130205 0.4752710 0.6793057 0.5441066 0.5252562 1.1553041 0.5308702 0.6472542 0.6502606 
Mcor.10030 1.6965587 0.6635594 0.8013557 0.6043291 0.6672861 0.7415647 0.9171422 0.5851858 0.0000000 0.6939448 0.6239625 0.8911670 0.4690147 0.6400911 0.4185199 0.6154929 0.4810903 0.7585859 0.4382769 0.4941273 0.5124161 0.5137807 0.4002464 0.6439394 0.8385065 0.5525488 0.3785660 0.7652190 0.8473856 0.5665927 0.4040381 0.3706997 0.4382769 0.5744177 0.4345433 0.6030126 0.5882834 0.6796245 0.7020345 0.6621005 0.7571690 1.6733231 0.6144525 0.7294771 0.7216221 
Mcor.8540  1.8653996 0.7103143 0.4973424 0.6472624 0.3126769 0.4707786 0.8685665 0.3436157 0.6939448 0.0000000 0.8769658 0.6726463 0.4709485 0.7729113 0.4138192 0.4464736 0.5637494 0.7838160 0.5109881 0.4697321 0.3582715 0.4564439 0.3081085 0.5362443 0.8512981 0.4427990 0.3678866 0.6284046 0.5971449 0.4708172 0.3750975 0.3156126 0.5109881 0.4714630 0.3288106 0.3132858 0.3234668 0.4298861 0.7759090 0.7960771 0.3085970 1.3191316 0.4769983 0.8169575 0.9191826 
Mcor.5273  1.8515203 0.6302405 1.0817028 0.5086559 0.8517036 0.7475650 1.1740797 0.8282968 0.6239625 0.8769658 0.0000000 0.7794445 0.6229973 0.8507656 0.6550365 0.4807870 0.9267219 0.9019694 0.5382261 0.5075717 0.4882079 0.6325003 0.5253947 0.7369962 1.8482081 0.7792240 0.5286203 0.6833038 1.1118441 0.7693981 0.6416726 0.4896843 0.5382261 0.6577455 0.6009105 0.8274840 0.8693226 0.7623155 0.8458136 1.3920666 0.9463048 3.3671483 0.6812479 0.7426982 0.6409664 
Mcor.4861  2.7525081 0.7396584 0.7532616 0.7945070 0.6029277 0.5674102 0.8192104 0.4499347 0.8911670 0.6726463 0.7794445 0.0000000 0.4869854 0.6724487 0.5158504 0.4879060 0.6821512 0.6851639 0.4145840 0.5337835 0.4143816 0.3498969 0.4204054 0.6152669 0.9558244 0.4459733 0.4189382 0.4318313 0.6645622 0.4216919 0.5745633 0.3949675 0.4145840 0.5221951 0.5638883 0.6590932 0.6453467 0.5726301 0.6720318 1.1020516 0.8356309 2.9498308 0.5081206 0.6538139 0.5748874 
Mcor.5063  1.3168426 0.6252734 0.3237393 0.4178766 0.2762211 0.4608038 0.5935889 0.3892700 0.4690147 0.4709485 0.6229973 0.4869854 0.0000000 0.2274299 0.0374324 0.2841867 0.4937494 0.2237672 0.0380959 0.3903892 0.2985515 0.3537511 0.2061979 0.2081362 0.8288018 0.2212381 0.3010133 0.4069323 0.4140544 0.4209985 0.2999890 0.1629963 0.0380959 0.3489211 0.3076485 0.3192415 0.3125830 0.3039402 0.1717391 0.4341247 0.5512732 1.6138768 0.3873033 0.2173284 0.3921363 
Mcor.7672  1.6794243 0.9086222 0.6488579 0.7823581 0.4354241 0.7212864 0.6537583 0.5499648 0.6400911 0.7729113 0.8507656 0.6724487 0.2274299 0.0000000 0.2466220 0.4909898 0.7356848 0.1722911 0.1756995 0.5931950 0.5366460 0.6166644 0.4180244 0.4495450 1.2095981 0.3697131 0.5433434 0.6540015 0.6924126 0.7154042 0.4491232 0.3933190 0.1756995 0.4936356 0.5558196 0.5776607 0.5658590 0.3308051 0.2927652 0.6680063 0.8821460 1.6008893 0.5470799 0.2628461 0.4001308 
Mcor.8334  1.3282801 0.6011164 0.2732496 0.4752291 0.2254530 0.5175103 0.5359113 0.3330781 0.4185199 0.4138192 0.6550365 0.5158504 0.0374324 0.2466220 0.0000000 0.3159388 0.4420457 0.2425561 0.0429573 0.3332230 0.2505374 0.3024641 0.1616181 0.2537641 0.7449646 0.1900727 0.2524391 0.4613235 0.3591762 0.3650839 0.2462136 0.2066401 0.0429573 0.3100358 0.2580059 0.2677874 0.2620938 0.2670467 0.1877681 0.3762097 0.4893667 1.4710569 0.4125050 0.2354528 0.4172629 
Mcor.9005  1.8136121 0.5933626 0.5091120 0.3705966 0.3561764 0.4498697 0.8495296 0.4357935 0.6154929 0.4464736 0.4807870 0.4879060 0.2841867 0.4909898 0.3159388 0.0000000 0.5019072 0.5420263 0.2846285 0.4380296 0.3335563 0.3943497 0.2334140 0.3460062 0.9597020 0.3586206 0.3366219 0.3620802 0.5803846 0.4450839 0.3393305 0.2079532 0.2846285 0.3398932 0.3444296 0.4015342 0.3932160 0.4060577 0.4787096 0.7572612 0.5271414 1.4696016 0.3819711 0.4291304 0.6392337 
Mcor.6842  2.5341429 0.8549375 0.5970679 0.6435916 0.5516282 0.7383434 0.5638696 0.5071966 0.4810903 0.5637494 0.9267219 0.6821512 0.4937494 0.7356848 0.4420457 0.5019072 0.0000000 0.7112092 0.4630088 0.5488022 0.3856426 0.3894182 0.3274035 0.5469234 0.6583869 0.5801580 0.3310822 0.6444397 0.6369527 0.3803739 0.3625362 0.2649189 0.4630088 0.4424827 0.2780453 0.4318404 0.2771242 0.5593785 0.7374971 0.6065721 0.4840086 1.2419198 0.4866301 0.7818362 0.9047099 
Mcor.4088  1.7161440 0.9504818 0.6395947 0.6616773 0.4950316 0.6590510 0.8002543 0.5484297 0.7585859 0.7838160 0.9019694 0.6851639 0.2237672 0.1722911 0.2425561 0.5420263 0.7112092 0.0000000 0.1728754 0.6046127 0.5975296 0.6820709 0.4760909 0.4956240 1.2081154 0.4253067 0.6053988 0.7458287 0.7078117 0.7854917 0.5093015 0.4501799 0.1728754 0.5555102 0.4846275 0.5037602 0.4932486 0.3845845 0.2879490 0.7447337 0.7894038 1.3217360 0.6124294 0.1764559 0.3991323 
Mcor.9990  1.3471825 0.5972901 0.3543622 0.4901196 0.3050460 0.5335992 0.5356266 0.4261008 0.4382769 0.5109881 0.5382261 0.4145840 0.0380959 0.1756995 0.0429573 0.2846285 0.4630088 0.1728754 0.0000000 0.4280661 0.3267006 0.3861402 0.2280787 0.2597436 0.8978829 0.1903573 0.3296352 0.4749204 0.4508989 0.4588007 0.3315873 0.2112176 0.0000010 0.3103107 0.3371866 0.3503626 0.3428523 0.2673478 0.1242424 0.4737919 0.5968147 1.5876983 0.3250127 0.1678355 0.3297943 
Mcor.9721  1.4431702 0.6402011 0.6255579 0.4211795 0.4272843 0.4156273 0.9579463 0.3379498 0.4941273 0.4697321 0.5075717 0.5337835 0.3903892 0.5931950 0.3332230 0.4380296 0.5488022 0.6046127 0.4280661 0.0000000 0.2810023 0.3533628 0.2271815 0.4675200 0.9912160 0.5002445 0.3151037 0.4661817 0.5937279 0.4520494 0.2897387 0.2607034 0.4280661 0.4037336 0.3229023 0.4194734 0.4484815 0.4009868 0.5989726 0.7458301 0.5196592 1.4923541 0.5360765 0.5728575 0.5878079 
Mcor.10860 1.8962329 0.3783039 0.3954918 0.4369808 0.3241719 0.3948383 0.6903017 0.3299380 0.5124161 0.3582715 0.4882079 0.4143816 0.2985515 0.5366460 0.2505374 0.3335563 0.3856426 0.5975296 0.3267006 0.2810023 0.0000000 0.1183332 0.1603088 0.3595708 0.7386213 0.3878920 0.1601973 0.4800641 0.4642018 0.1655728 0.2438790 0.2049180 0.3267006 0.3072644 0.2557672 0.3673149 0.3598866 0.3672632 0.5330604 0.5415140 0.4298323 1.3645565 0.4084330 0.5689018 0.5320589 
Mcor.10286 1.9066391 0.5405605 0.4031743 0.4676946 0.3846233 0.3709663 0.7792036 0.3708645 0.5137807 0.4564439 0.6325003 0.3498969 0.3537511 0.6166644 0.3024641 0.3943497 0.3894182 0.6820709 0.3861402 0.3533628 0.1183332 0.0000000 0.2067954 0.4212373 0.8314790 0.4510636 0.1840320 0.5240135 0.5338600 0.1907915 0.2268301 0.2334011 0.3861402 0.3646514 0.2896735 0.3771654 0.4040314 0.4304223 0.6147300 0.6096346 0.4708932 1.4891417 0.4360301 0.6534282 0.5953282 
Mcor.5706  1.5215476 0.4464196 0.3832473 0.3790272 0.2241575 0.3999883 0.6175814 0.2281346 0.4002464 0.3081085 0.5253947 0.4204054 0.2061979 0.4180244 0.1616181 0.2334140 0.3274035 0.4760909 0.2280787 0.2271815 0.1603088 0.2067954 0.0000000 0.2599587 0.6598496 0.2864718 0.1415388 0.3560725 0.3576626 0.2615256 0.1439691 0.1189544 0.2280787 0.2119402 0.1381079 0.2663878 0.2607297 0.2656427 0.4128358 0.4738795 0.3754269 1.2311037 0.2538964 0.4461698 0.5257363 
Mcor.9296  2.3161638 0.7315201 0.5037854 0.4532990 0.4557107 0.4793454 0.8121016 0.4645843 0.6439394 0.5362443 0.7369962 0.6152669 0.2081362 0.4495450 0.2537641 0.3460062 0.5469234 0.4956240 0.2597436 0.4675200 0.3595708 0.4212373 0.2599587 0.0000000 0.7339301 0.5128559 0.3629445 0.4408624 0.4194402 0.4974650 0.3682230 0.2137051 0.2597436 0.2417183 0.3475586 0.4811397 0.4710813 0.4921505 0.4527690 0.6802034 0.5413255 1.4539730 0.4083349 0.5063097 0.7531812 
Mcor.8586  3.8014679 1.2317635 1.0250828 1.1275445 0.9228371 0.9927177 0.8978026 0.7682652 0.8385065 0.8512981 1.8482081 0.9558244 0.8288018 1.2095981 0.7449646 0.9597020 0.6583869 1.2081154 0.8978829 0.9912160 0.7386213 0.8314790 0.6598496 0.7339301 0.0000000 0.6713884 0.6677121 1.0544514 0.7732322 0.5371714 0.7289113 0.5965425 0.8978829 0.8472406 0.5814569 0.7093365 0.6705862 1.0541825 1.2214787 0.7283237 0.7771475 2.2628906 1.1149909 1.3737434 1.5342378 
Mcor.8214  1.4912325 0.7884997 0.4285524 0.6882908 0.2673886 0.5544736 0.5738944 0.4769772 0.5525488 0.4427990 0.7792240 0.4459733 0.2212381 0.3697131 0.1900727 0.3586206 0.5801580 0.4253067 0.1903573 0.5002445 0.3878920 0.4510636 0.2864718 0.5128559 0.6713884 0.0000000 0.3916562 0.6363958 0.5006345 0.4155615 0.3996212 0.3246547 0.1903573 0.3506138 0.4004325 0.3094751 0.3031078 0.3056373 0.3643437 0.5464912 0.5369296 1.9146250 0.4821357 0.3956215 0.4862494 
Mcor.8787  1.6120458 0.6067100 0.4970782 0.4827833 0.3271275 0.3543743 0.5587989 0.2858216 0.3785660 0.3678866 0.5286203 0.4189382 0.3010133 0.5433434 0.2524391 0.3366219 0.3310822 0.6053988 0.3296352 0.3151037 0.1601973 0.1840320 0.1415388 0.3629445 0.6677121 0.3916562 0.0000000 0.3722362 0.4692159 0.1685178 0.1774851 0.1201211 0.3296352 0.3099039 0.1231446 0.3145825 0.2634687 0.3707991 0.5398273 0.4794488 0.4280259 1.3608801 0.4013306 0.5763853 0.4735795 
Mcor.13925 1.7570729 0.6324524 0.7150008 0.4772608 0.5960961 0.6392026 0.8677760 0.3944154 0.7652190 0.6284046 0.6833038 0.4318313 0.4069323 0.6540015 0.4613235 0.3620802 0.6444397 0.7458287 0.4749204 0.4661817 0.4800641 0.5240135 0.3560725 0.4408624 1.0544514 0.6363958 0.3722362 0.0000000 0.5526400 0.6431563 0.5021633 0.3190426 0.4749204 0.4771619 0.4386089 0.6478191 0.6352309 0.6399938 0.7347533 0.9041950 0.6538541 2.3823968 0.5125973 0.6080680 0.7530291 
Mcor.10611 2.0958966 0.7739103 0.5028094 0.7324058 0.4506124 0.7399432 0.6695742 0.4492403 0.8473856 0.5971449 1.1118441 0.6645622 0.4140544 0.6924126 0.3591762 0.5803846 0.6369527 0.7078117 0.4508989 0.5937279 0.4642018 0.5338600 0.3576626 0.4194402 0.7732322 0.5006345 0.4692159 0.5526400 0.0000000 0.6204559 0.4841351 0.4130555 0.4508989 0.4223246 0.4280801 0.4445571 0.4353766 0.4995509 0.5464581 0.5576966 0.6299528 1.4827453 0.6362315 0.7426706 0.8601743 
Mcor.7448  2.2015830 0.6441370 0.5009954 0.5801427 0.4269079 0.4591414 0.6979275 0.4159038 0.5665927 0.4708172 0.7693981 0.4216919 0.4209985 0.7154042 0.3650839 0.4450839 0.3803739 0.7854917 0.4588007 0.4520494 0.1655728 0.1907915 0.2615256 0.4974650 0.5371714 0.4155615 0.1685178 0.6431563 0.6204559 0.0000000 0.2884937 0.2160015 0.4588007 0.4349556 0.2703930 0.3422334 0.3223686 0.5086259 0.7164048 0.5830063 0.4608380 1.6851553 0.5663031 0.7579109 0.7038964 
Mcor.6397  1.5449024 0.5857337 0.5142011 0.4586693 0.2479972 0.3925256 0.6860896 0.1441359 0.4040381 0.3750975 0.6416726 0.5745633 0.2999890 0.4491232 0.2462136 0.3393305 0.3625362 0.5093015 0.3315873 0.2897387 0.2438790 0.2268301 0.1439691 0.3682230 0.7289113 0.3996212 0.1774851 0.5021633 0.4841351 0.2884937 0.0000000 0.1309225 0.3315873 0.3097877 0.1817292 0.3193120 0.2873787 0.3769382 0.5622262 0.4050571 0.4431271 1.1210732 0.4236414 0.6016162 0.6441998 
Mcor.8644  1.5864174 0.5063488 0.4399209 0.3078029 0.2753079 0.3031447 0.5393629 0.2339139 0.3706997 0.3156126 0.4896843 0.3949675 0.1629963 0.3933190 0.2066401 0.2079532 0.2649189 0.4501799 0.2112176 0.2607034 0.2049180 0.2334011 0.1189544 0.2137051 0.5965425 0.3246547 0.1201211 0.3190426 0.4130555 0.2160015 0.1309225 0.0000000 0.2112176 0.2445228 0.1227915 0.2645607 0.2155370 0.3029612 0.3880198 0.4181178 0.3731398 1.2057599 0.2768153 0.4203060 0.5091080 
Mcor.5192  1.3471825 0.5972901 0.3543622 0.4901196 0.3050460 0.5335992 0.5356266 0.4261008 0.4382769 0.5109881 0.5382261 0.4145840 0.0380959 0.1756995 0.0429573 0.2846285 0.4630088 0.1728754 0.0000010 0.4280661 0.3267006 0.3861402 0.2280787 0.2597436 0.8978829 0.1903573 0.3296352 0.4749204 0.4508989 0.4588007 0.3315873 0.2112176 0.0000000 0.3103107 0.3371866 0.3503626 0.3428523 0.2673478 0.1242424 0.4737919 0.5968147 1.5876983 0.3250127 0.1678355 0.3297943 
Mcor.4712  2.1466502 0.7006979 0.5772910 0.4115755 0.3948567 0.5622651 0.6525993 0.4023081 0.5744177 0.4714630 0.6577455 0.5221951 0.3489211 0.4936356 0.3100358 0.3398932 0.4424827 0.5555102 0.3103107 0.4037336 0.3072644 0.3646514 0.2119402 0.2417183 0.8472406 0.3506138 0.3099039 0.4771619 0.4223246 0.4349556 0.3097877 0.2445228 0.3103107 0.0000000 0.2923445 0.4180710 0.4091668 0.3290863 0.5122199 0.6185042 0.5216897 1.2105496 0.3351819 0.5477896 0.6480563 
Mcor.12567 1.7779190 0.6194973 0.5079538 0.3680922 0.3347700 0.4836508 0.5528878 0.2927717 0.4345433 0.3288106 0.6009105 0.5638883 0.3076485 0.5558196 0.2580059 0.3444296 0.2780453 0.4846275 0.3371866 0.3229023 0.2557672 0.2896735 0.1381079 0.3475586 0.5814569 0.4004325 0.1231446 0.4386089 0.4280801 0.2703930 0.1817292 0.1227915 0.3371866 0.2923445 0.0000000 0.2189834 0.1713218 0.3793264 0.5525132 0.4909438 0.3243306 1.2158185 0.4103302 0.5896918 0.5495828 
Mcor.6768  1.5202389 0.7932808 0.3956129 0.4680325 0.2317594 0.4575968 0.6031981 0.3983961 0.6030126 0.3132858 0.8274840 0.6590932 0.3192415 0.5776607 0.2677874 0.4015342 0.4318404 0.5037602 0.3503626 0.4194734 0.3673149 0.3771654 0.2663878 0.4811397 0.7093365 0.3094751 0.3145825 0.6478191 0.4445571 0.3422334 0.3193120 0.2645607 0.3503626 0.4180710 0.2189834 0.0000000 0.0916869 0.3941919 0.5747615 0.5690492 0.1649517 1.2783584 0.5721372 0.6130891 0.7009268 
Mcor.13575 1.9477333 0.7925078 0.3875416 0.4982673 0.2265156 0.4762562 0.4686276 0.4130205 0.5882834 0.3234668 0.8693226 0.6453467 0.3125830 0.5658590 0.2620938 0.3932160 0.2771242 0.4932486 0.3428523 0.4484815 0.3598866 0.4040314 0.2607297 0.4710813 0.6705862 0.3031078 0.2634687 0.6352309 0.4353766 0.3223686 0.2873787 0.2155370 0.3428523 0.4091668 0.1713218 0.0916869 0.0000000 0.3858065 0.5627242 0.5000035 0.2943605 1.5164671 0.5601406 0.6005413 0.7022604 
Mcor.2424  1.7505202 0.7189869 0.4684442 0.6694782 0.2791060 0.5996554 0.6653069 0.4752710 0.6796245 0.4298861 0.7623155 0.5726301 0.3039402 0.3308051 0.2670467 0.4060577 0.5593785 0.3845845 0.2673478 0.4009868 0.3672632 0.4304223 0.2656427 0.4921505 1.0541825 0.3056373 0.3707991 0.6399938 0.4995509 0.5086259 0.3769382 0.3029612 0.2673478 0.3290863 0.3793264 0.3941919 0.3858065 0.0000000 0.3826029 0.6337529 0.6552744 1.4016010 0.3347809 0.3015326 0.4429991 
Mcor.11463 1.4637306 0.8075048 0.4364375 0.7749876 0.5222430 0.6088282 0.8344225 0.6793057 0.7020345 0.7759090 0.8458136 0.6720318 0.1717391 0.2927652 0.1877681 0.4787096 0.7374971 0.2879490 0.1242424 0.5989726 0.5330604 0.6147300 0.4128358 0.4527690 1.2214787 0.3643437 0.5398273 0.7347533 0.5464581 0.7164048 0.5622262 0.3880198 0.1242424 0.5122199 0.5525132 0.5747615 0.5627242 0.3826029 0.0000000 0.5745923 0.8896237 1.7294405 0.5434627 0.2278538 0.4752284 
Mcor.4175  2.2908999 1.0253031 0.6816063 0.9704236 0.5535982 0.8355843 0.8445503 0.5441066 0.6621005 0.7960771 1.3920666 1.1020516 0.4341247 0.6680063 0.3762097 0.7572612 0.6065721 0.7447337 0.4737919 0.7458301 0.5415140 0.6096346 0.4738795 0.6802034 0.7283237 0.5464912 0.4794488 0.9041950 0.5576966 0.5830063 0.4050571 0.4181178 0.4737919 0.6185042 0.4909438 0.5690492 0.5000035 0.6337529 0.5745923 0.0000000 0.6833510 1.6604637 0.8643570 0.6971876 0.9066895 
Mcor.12534 1.7540488 0.8993307 0.5908229 0.5809300 0.4569973 0.4995068 0.9506433 0.5252562 0.7571690 0.3085970 0.9463048 0.8356309 0.5512732 0.8821460 0.4893667 0.5271414 0.4840086 0.7894038 0.5968147 0.5196592 0.4298323 0.4708932 0.3754269 0.5413255 0.7771475 0.5369296 0.4280259 0.6538541 0.6299528 0.4608380 0.4431271 0.3731398 0.5968147 0.5216897 0.3243306 0.1649517 0.2943605 0.6552744 0.8896237 0.6833510 0.0000000 1.4677102 0.5994657 0.9320861 1.0379799 
Mcor.3641  6.4827871 2.7892976 1.4668925 1.9655931 1.1582859 1.5049477 3.3569988 1.1553041 1.6733231 1.3191316 3.3671483 2.9498308 1.6138768 1.6008893 1.4710569 1.4696016 1.2419198 1.3217360 1.5876983 1.4923541 1.3645565 1.4891417 1.2311037 1.4539730 2.2628906 1.9146250 1.3608801 2.3823968 1.4827453 1.6851553 1.1210732 1.2057599 1.5876983 1.2105496 1.2158185 1.2783584 1.5164671 1.4016010 1.7294405 1.6604637 1.4677102 0.0000000 1.3554004 2.0120139 2.3034180 
Mcor.6752  1.8090945 0.6035248 0.6284716 0.5692194 0.4306020 0.6287709 0.9527989 0.5308702 0.6144525 0.4769983 0.6812479 0.5081206 0.3873033 0.5470799 0.4125050 0.3819711 0.4866301 0.6124294 0.3250127 0.5360765 0.4084330 0.4360301 0.2538964 0.4083349 1.1149909 0.4821357 0.4013306 0.5125973 0.6362315 0.5663031 0.4236414 0.2768153 0.3250127 0.3351819 0.4103302 0.5721372 0.5601406 0.3347809 0.5434627 0.8643570 0.5994657 1.3554004 0.0000000 0.5819834 0.6783380 
Mcor.5377  1.7936567 0.7323496 0.6274526 0.6778470 0.5600638 0.6290803 0.8799586 0.6472542 0.7294771 0.8169575 0.7426982 0.6538139 0.2173284 0.2628461 0.2354528 0.4291304 0.7818362 0.1764559 0.1678355 0.5728575 0.5689018 0.6534282 0.4461698 0.5063097 1.3737434 0.3956215 0.5763853 0.6080680 0.7426706 0.7579109 0.6016162 0.4203060 0.1678355 0.5477896 0.5896918 0.6130891 0.6005413 0.3015326 0.2278538 0.6971876 0.9320861 2.0120139 0.5819834 0.0000000 0.3687363 
Mcor.9167  1.7148769 0.8826575 0.8911344 0.8794729 0.6659440 0.5198955 0.8447817 0.6502606 0.7216221 0.9191826 0.6409664 0.5748874 0.3921363 0.4001308 0.4172629 0.6392337 0.9047099 0.3991323 0.3297943 0.5878079 0.5320589 0.5953282 0.5257363 0.7531812 1.5342378 0.4862494 0.4735795 0.7530291 0.8601743 0.7038964 0.6441998 0.5091080 0.3297943 0.6480563 0.5495828 0.7009268 0.7022604 0.4429991 0.4752284 0.9066895 1.0379799 2.3034180 0.6783380 0.3687363 0.0000000 
