8
Mlig.7966  0.0000000 0.0000010 0.7187443 0.6037793 0.6037793 0.6037793 0.7085043 0.0000010 
Mlig.9628  0.0000010 0.0000000 0.7187443 0.6037793 0.6037793 0.6037793 0.7085043 0.0000010 
Mlig.30730 0.7187443 0.7187443 0.0000000 0.4881293 0.4881293 0.4881293 0.0090433 0.7187443 
Mlig.45514 0.6037793 0.6037793 0.4881293 0.0000000 0.0000010 0.0000010 0.4804457 0.6037793 
Mlig.46272 0.6037793 0.6037793 0.4881293 0.0000010 0.0000000 0.0000010 0.4804457 0.6037793 
Mlig.46273 0.6037793 0.6037793 0.4881293 0.0000010 0.0000010 0.0000000 0.4804457 0.6037793 
Mlig.18732 0.7085043 0.7085043 0.0090433 0.4804457 0.4804457 0.4804457 0.0000000 0.7085043 
Mlig.20334 0.0000010 0.0000010 0.7187443 0.6037793 0.6037793 0.6037793 0.7085043 0.0000000 
