6
Mlig.20972 0.0000000 0.0118619 0.0000010 0.8999644 0.7975444 0.7653889 
Mlig.18097 0.0118619 0.0000000 0.0118619 0.9203810 0.8159780 0.7835379 
Mlig.39158 0.0000010 0.0118619 0.0000000 0.8999644 0.7975444 0.7653889 
Mlig.47363 0.8999644 0.9203810 0.8999644 0.0000000 0.2578260 0.2281190 
Mlig.5337  0.7975444 0.8159780 0.7975444 0.2578260 0.0000000 0.0238362 
Mlig.19231 0.7653889 0.7835379 0.7653889 0.2281190 0.0238362 0.0000000 
