8
Mlig.2413  0.0000000 0.0036031 0.7117964 0.7117964 0.7101878 0.6812211 0.6812211 0.6812211 
Mlig.2414  0.0036031 0.0000000 0.7107277 0.7107277 0.7091226 0.6848951 0.6848951 0.6848951 
Mlig.37480 0.7117964 0.7107277 0.0000000 0.0000010 0.0036996 0.8778712 0.8778712 0.8778712 
Mlig.37481 0.7117964 0.7107277 0.0000010 0.0000000 0.0036996 0.8778712 0.8778712 0.8778712 
Mlig.37482 0.7101878 0.7091226 0.0036996 0.0036996 0.0000000 0.8767458 0.8767458 0.8767458 
Mlig.2703  0.6812211 0.6848951 0.8778712 0.8778712 0.8767458 0.0000000 0.0000010 0.0000010 
Mlig.2704  0.6812211 0.6848951 0.8778712 0.8778712 0.8767458 0.0000010 0.0000000 0.0000010 
Mlig.2705  0.6812211 0.6848951 0.8778712 0.8778712 0.8767458 0.0000010 0.0000010 0.0000000 
