8
Smed.9079  0.0000000 1.0797277 1.0423446 1.0595723 1.0688461 0.9963362 1.5939356 1.6177117 
Smed.17040 1.0797277 0.0000000 0.8375093 0.8958550 0.9134772 0.6769981 1.2567664 1.2781443 
Smed.1959  1.0423446 0.8375093 0.0000000 0.0837159 0.1150991 0.9169269 1.3164087 1.3370955 
Smed.1960  1.0595723 0.8958550 0.0837159 0.0000000 0.0614447 0.9261367 1.3128602 1.3334596 
Smed.1961  1.0688461 0.9134772 0.1150991 0.0614447 0.0000000 0.9148677 1.3417860 1.3629590 
Smed.9081  0.9963362 0.6769981 0.9169269 0.9261367 0.9148677 0.0000000 1.2041927 1.2182731 
Smed.18757 1.5939356 1.2567664 1.3164087 1.3128602 1.3417860 1.2041927 0.0000000 0.0080881 
Smed.21731 1.6177117 1.2781443 1.3370955 1.3334596 1.3629590 1.2182731 0.0080881 0.0000000 
