7
Treg.3251  0.0000000 0.0190837 0.0190837 0.0095139 0.0095139 0.0190432 0.0384780 
Treg.3284  0.0190837 0.0000000 0.0000010 0.0095044 0.0095044 0.0190240 0.0384387 
Treg.3306  0.0190837 0.0000010 0.0000000 0.0095044 0.0095044 0.0190240 0.0384387 
Treg.3319  0.0095139 0.0095044 0.0095044 0.0000000 0.0000010 0.0094845 0.0287425 
Treg.3330  0.0095139 0.0095044 0.0095044 0.0000010 0.0000000 0.0094845 0.0287425 
Treg.3262  0.0190432 0.0190240 0.0190240 0.0094845 0.0094845 0.0000000 0.0383546 
Treg.3273  0.0384780 0.0384387 0.0384387 0.0287425 0.0287425 0.0383546 0.0000000 
