7
Ecan.10038 0.0000000 0.0000010 0.0436351 0.0437428 0.0437428 0.2269926 0.2269926 
Ecan.10191 0.0000010 0.0000000 0.0436351 0.0437428 0.0437428 0.2269926 0.2269926 
Ecan.10420 0.0436351 0.0436351 0.0000000 0.0439008 0.0439008 0.2559652 0.2559652 
Ecan.11026 0.0437428 0.0437428 0.0439008 0.0000000 0.0000010 0.2269979 0.2269979 
Ecan.11133 0.0437428 0.0437428 0.0439008 0.0000010 0.0000000 0.2269979 0.2269979 
Ecan.10466 0.2269926 0.2269926 0.2559652 0.2269979 0.2269979 0.0000000 0.0000010 
Ecan.11041 0.2269926 0.2269926 0.2559652 0.2269979 0.2269979 0.0000010 0.0000000 
