9
Mlig.2612  0.0000000 0.0000010 0.0057320 0.2820492 0.2805064 0.2805064 0.2622767 0.2545663 0.2545663 
Mlig.47944 0.0000010 0.0000000 0.0057320 0.2820492 0.2805064 0.2805064 0.2622767 0.2545663 0.2545663 
Mlig.7366  0.0057320 0.0057320 0.0000000 0.2795768 0.2780540 0.2780540 0.2620626 0.2543589 0.2543589 
Mlig.9351  0.2820492 0.2820492 0.2795768 0.0000000 0.0057111 0.0057111 0.3233152 0.3223777 0.3223777 
Mlig.9352  0.2805064 0.2805064 0.2780540 0.0057111 0.0000000 0.0000010 0.3219416 0.3210099 0.3210099 
Mlig.9353  0.2805064 0.2805064 0.2780540 0.0057111 0.0000010 0.0000000 0.3219416 0.3210099 0.3210099 
Mlig.7382  0.2622767 0.2622767 0.2620626 0.3233152 0.3219416 0.3219416 0.0000000 0.0113656 0.0113656 
Mlig.11879 0.2545663 0.2545663 0.2543589 0.3223777 0.3210099 0.3210099 0.0113656 0.0000000 0.0000010 
Mlig.11880 0.2545663 0.2545663 0.2543589 0.3223777 0.3210099 0.3210099 0.0113656 0.0000010 0.0000000 
