6
Mlig.4961  0.0000000 0.1678948 1.2698624 1.3809611 1.3809611 1.3775354 
Mlig.10075 0.1678948 0.0000000 1.3189470 1.4221343 1.4221343 1.4164939 
Mlig.33470 1.2698624 1.3189470 0.0000000 1.1103576 1.1103576 1.1072643 
Mlig.42031 1.3809611 1.4221343 1.1103576 0.0000000 0.0000010 0.0023742 
Mlig.42029 1.3809611 1.4221343 1.1103576 0.0000010 0.0000000 0.0023742 
Mlig.42030 1.3775354 1.4164939 1.1072643 0.0023742 0.0023742 0.0000000 
