7
Mlig.15136 0.0000000 0.0032873 0.0049337 1.0078682 1.0111075 1.0221489 1.0127972 
Mlig.15137 0.0032873 0.0000000 0.0016416 1.0136508 1.0168925 1.0209891 1.0125434 
Mlig.15138 0.0049337 0.0016416 0.0000000 1.0149951 1.0182412 1.0242959 1.0158160 
Mlig.37398 1.0078682 1.0136508 1.0149951 0.0000000 0.0065031 1.0988398 1.0920859 
Mlig.42624 1.0111075 1.0168925 1.0182412 0.0065031 0.0000000 1.0961817 1.0894365 
Mlig.759   1.0221489 1.0209891 1.0242959 1.0988398 1.0961817 0.0000000 0.0146566 
Mlig.760   1.0127972 1.0125434 1.0158160 1.0920859 1.0894365 0.0146566 0.0000000 
