8
Mlig.1182  0.0000000 0.0000010 0.4821397 0.4821397 0.4150022 0.4150022 0.4250954 0.4250954 
Mlig.1181  0.0000010 0.0000000 0.4821397 0.4821397 0.4150022 0.4150022 0.4250954 0.4250954 
Mlig.9059  0.4821397 0.4821397 0.0000000 0.0000010 0.1586309 0.1586309 0.2257714 0.2257714 
Mlig.43203 0.4821397 0.4821397 0.0000010 0.0000000 0.1586309 0.1586309 0.2257714 0.2257714 
Mlig.16340 0.4150022 0.4150022 0.1586309 0.1586309 0.0000000 0.0000010 0.1041289 0.1041289 
Mlig.20793 0.4150022 0.4150022 0.1586309 0.1586309 0.0000010 0.0000000 0.1041289 0.1041289 
Mlig.36575 0.4250954 0.4250954 0.2257714 0.2257714 0.1041289 0.1041289 0.0000000 0.0000010 
Mlig.36577 0.4250954 0.4250954 0.2257714 0.2257714 0.1041289 0.1041289 0.0000010 0.0000000 
