7
Mlig.35150 0.0000000 0.0000010 0.9762892 0.5577817 0.5577817 0.5564463 0.6582633 
Mlig.35152 0.0000010 0.0000000 0.9762892 0.5577817 0.5577817 0.5564463 0.6582633 
Mlig.14984 0.9762892 0.9762892 0.0000000 0.7014665 0.7014665 0.7018410 0.7337524 
Mlig.5557  0.5577817 0.5577817 0.7014665 0.0000000 0.0000010 0.0040697 0.4059462 
Mlig.5559  0.5577817 0.5577817 0.7014665 0.0000010 0.0000000 0.0040697 0.4059462 
Mlig.5558  0.5564463 0.5564463 0.7018410 0.0040697 0.0040697 0.0000000 0.4068514 
Mlig.40489 0.6582633 0.6582633 0.7337524 0.4059462 0.4059462 0.4068514 0.0000000 
