10
Mlig.3792  0.0000000 0.0105071 0.0078444 0.8835925 0.8812337 0.8835925 0.8536212 0.8536212 0.8536212 0.8536212 
Mlig.3791  0.0105071 0.0000000 0.0078682 0.8924104 0.8900714 0.8924104 0.8578438 0.8578438 0.8578438 0.8578438 
Mlig.8664  0.0078444 0.0078682 0.0000000 0.8785418 0.8761700 0.8785418 0.8432200 0.8432200 0.8432200 0.8432200 
Mlig.7127  0.8835925 0.8924104 0.8785418 0.0000000 0.0025819 0.0000010 0.3965352 0.3965352 0.3965352 0.3965352 
Mlig.7128  0.8812337 0.8900714 0.8761700 0.0025819 0.0000000 0.0025819 0.3934669 0.3934669 0.3934669 0.3934669 
Mlig.7129  0.8835925 0.8924104 0.8785418 0.0000010 0.0025819 0.0000000 0.3965352 0.3965352 0.3965352 0.3965352 
Mlig.20727 0.8536212 0.8578438 0.8432200 0.3965352 0.3934669 0.3965352 0.0000000 0.0000010 0.0000010 0.0000010 
Mlig.42257 0.8536212 0.8578438 0.8432200 0.3965352 0.3934669 0.3965352 0.0000010 0.0000000 0.0000010 0.0000010 
Mlig.42255 0.8536212 0.8578438 0.8432200 0.3965352 0.3934669 0.3965352 0.0000010 0.0000010 0.0000000 0.0000010 
Mlig.42256 0.8536212 0.8578438 0.8432200 0.3965352 0.3934669 0.3965352 0.0000010 0.0000010 0.0000010 0.0000000 
