10
Mlig.40738 0.0000000 0.0061994 0.0061994 0.0061994 0.8458054 0.8575000 0.8575000 1.1326613 1.1404396 1.1404396 
Mlig.12373 0.0061994 0.0000000 0.0000010 0.0000010 0.8365354 0.8481754 0.8481754 1.1362657 1.1440737 1.1440737 
Mlig.12374 0.0061994 0.0000010 0.0000000 0.0000010 0.8365354 0.8481754 0.8481754 1.1362657 1.1440737 1.1440737 
Mlig.12375 0.0061994 0.0000010 0.0000010 0.0000000 0.8365354 0.8481754 0.8481754 1.1362657 1.1440737 1.1440737 
Mlig.16121 0.8458054 0.8365354 0.8365354 0.8365354 0.0000000 0.0059210 0.0059210 0.4578963 0.4631782 0.4631782 
Mlig.16122 0.8575000 0.8481754 0.8481754 0.8481754 0.0059210 0.0000000 0.0000010 0.4660980 0.4714559 0.4714559 
Mlig.16123 0.8575000 0.8481754 0.8481754 0.8481754 0.0059210 0.0000010 0.0000000 0.4660980 0.4714559 0.4714559 
Mlig.19612 1.1326613 1.1362657 1.1362657 1.1362657 0.4578963 0.4660980 0.4660980 0.0000000 0.0059735 0.0059735 
Mlig.19613 1.1404396 1.1440737 1.1440737 1.1440737 0.4631782 0.4714559 0.4714559 0.0059735 0.0000000 0.0000010 
Mlig.19614 1.1404396 1.1440737 1.1440737 1.1440737 0.4631782 0.4714559 0.4714559 0.0059735 0.0000010 0.0000000 
