6
Mlig.32691 0.0000000 0.0056508 0.0018803 1.2731085 1.2827159 1.2709950 
Mlig.517   0.0056508 0.0000000 0.0037646 1.2690693 1.2786585 1.2669630 
Mlig.31554 0.0018803 0.0037646 0.0000000 1.2736015 1.2832114 1.2714872 
Mlig.38083 1.2731085 1.2690693 1.2736015 0.0000000 0.0092411 0.0092212 
Mlig.38084 1.2827159 1.2786585 1.2832114 0.0092411 0.0000000 0.0036765 
Mlig.38085 1.2709950 1.2669630 1.2714872 0.0092212 0.0036765 0.0000000 
