6
Hdim.8691  0.0000000 0.1414322 0.2206675 0.1057222 0.1959776 0.1800486 
Hdim.3386  0.1414322 0.0000000 0.2033602 0.1050556 0.2264243 0.1786983 
Hdim.12530 0.2206675 0.2033602 0.0000000 0.1817559 0.2261682 0.1825482 
Hdim.7087  0.1057222 0.1050556 0.1817559 0.0000000 0.1879276 0.1425790 
Hdim.8127  0.1959776 0.2264243 0.2261682 0.1879276 0.0000000 0.2692926 
Hdim.13326 0.1800486 0.1786983 0.1825482 0.1425790 0.2692926 0.0000000 
