18
Hdim.11036 0.0000000 0.3443122 0.6024910 0.6449484 0.8750561 0.4977085 0.5440776 0.6810619 0.3877741 0.5495664 0.4379188 0.6447104 0.4635257 0.4635257 0.4635257 0.4635257 0.5226042 0.8818935 
Hdim.14196 0.3443122 0.0000000 0.6149902 0.6429568 0.6538273 0.7099764 0.6681644 0.6691736 0.5394247 0.7005696 0.5613204 0.7171579 0.5862588 0.5862588 0.5862588 0.5862588 0.7414668 0.8488500 
Hdim.2220  0.6024910 0.6149902 0.0000000 0.7256369 0.9486966 0.7331633 0.6986343 0.6871553 0.4162035 0.7016764 0.7607515 0.4818250 0.4737130 0.4737130 0.4737130 0.4737130 0.8670257 1.0774356 
Hdim.1917  0.6449484 0.6429568 0.7256369 0.0000000 0.8477546 0.9790916 0.8506746 1.0047597 0.6360528 0.9464146 0.8872821 1.2247076 0.7736326 0.7736326 0.7736326 0.7736326 1.0273213 0.9671814 
Hdim.995   0.8750561 0.6538273 0.9486966 0.8477546 0.0000000 1.4095890 1.0314684 1.0775540 1.0409296 1.0178421 0.9000236 1.3126127 0.9363641 0.9363641 0.9363641 0.9363641 1.6487458 1.1302606 
Hdim.12262 0.4977085 0.7099764 0.7331633 0.9790916 1.4095890 0.0000000 0.6813400 0.6421132 0.6152032 0.7802697 0.5665650 0.7341646 0.6608366 0.6608366 0.6608366 0.6608366 0.7580528 1.0326868 
Hdim.7509  0.5440776 0.6681644 0.6986343 0.8506746 1.0314684 0.6813400 0.0000000 0.6649290 0.5250256 0.7979004 0.4835895 0.7666228 0.4816818 0.4816818 0.4816818 0.4816818 0.7356719 1.0409228 
Hdim.13595 0.6810619 0.6691736 0.6871553 1.0047597 1.0775540 0.6421132 0.6649290 0.0000000 0.7300291 0.8393626 0.5722388 0.7173293 0.6945761 0.6945761 0.6945761 0.6945761 0.8901176 1.0209344 
Hdim.8585  0.3877741 0.5394247 0.4162035 0.6360528 1.0409296 0.6152032 0.5250256 0.7300291 0.0000000 0.5688905 0.5378417 0.7472692 0.4475345 0.4475345 0.4475345 0.4475345 0.7247195 0.8049000 
Hdim.9132  0.5495664 0.7005696 0.7016764 0.9464146 1.0178421 0.7802697 0.7979004 0.8393626 0.5688905 0.0000000 0.7821210 0.8459224 0.3030198 0.3030198 0.3030198 0.3030198 0.8557099 1.0910139 
Hdim.8091  0.4379188 0.5613204 0.7607515 0.8872821 0.9000236 0.5665650 0.4835895 0.5722388 0.5378417 0.7821210 0.0000000 0.8178298 0.6736776 0.6736776 0.6736776 0.6736776 0.8611713 0.8599487 
Hdim.2221  0.6447104 0.7171579 0.4818250 1.2247076 1.3126127 0.7341646 0.7666228 0.7173293 0.7472692 0.8459224 0.8178298 0.0000000 0.7127951 0.7127951 0.7127951 0.7127951 0.8870647 1.2474067 
Hdim.2460  0.4635257 0.5862588 0.4737130 0.7736326 0.9363641 0.6608366 0.4816818 0.6945761 0.4475345 0.3030198 0.6736776 0.7127951 0.0000000 0.0000010 0.0000010 0.0000010 0.7680046 0.9892482 
Hdim.2737  0.4635257 0.5862588 0.4737130 0.7736326 0.9363641 0.6608366 0.4816818 0.6945761 0.4475345 0.3030198 0.6736776 0.7127951 0.0000010 0.0000000 0.0000010 0.0000010 0.7680046 0.9892482 
Hdim.9328  0.4635257 0.5862588 0.4737130 0.7736326 0.9363641 0.6608366 0.4816818 0.6945761 0.4475345 0.3030198 0.6736776 0.7127951 0.0000010 0.0000010 0.0000000 0.0000010 0.7680046 0.9892482 
Hdim.9331  0.4635257 0.5862588 0.4737130 0.7736326 0.9363641 0.6608366 0.4816818 0.6945761 0.4475345 0.3030198 0.6736776 0.7127951 0.0000010 0.0000010 0.0000010 0.0000000 0.7680046 0.9892482 
Hdim.1591  0.5226042 0.7414668 0.8670257 1.0273213 1.6487458 0.7580528 0.7356719 0.8901176 0.7247195 0.8557099 0.8611713 0.8870647 0.7680046 0.7680046 0.7680046 0.7680046 0.0000000 1.6891850 
Hdim.8525  0.8818935 0.8488500 1.0774356 0.9671814 1.1302606 1.0326868 1.0409228 1.0209344 0.8049000 1.0910139 0.8599487 1.2474067 0.9892482 0.9892482 0.9892482 0.9892482 1.6891850 0.0000000 
