6
Mlig.11905 0.0000000 0.0000010 0.0026367 0.2453740 0.2422233 0.2484688 
Mlig.12395 0.0000010 0.0000000 0.0026367 0.2453740 0.2422233 0.2484688 
Mlig.34938 0.0026367 0.0026367 0.0000000 0.2488112 0.2456526 0.2519133 
Mlig.32481 0.2453740 0.2453740 0.2488112 0.0000000 0.0026437 0.0079398 
Mlig.37902 0.2422233 0.2422233 0.2456526 0.0026437 0.0000000 0.0052903 
Mlig.38206 0.2484688 0.2484688 0.2519133 0.0079398 0.0052903 0.0000000 
