11
Hdim.4830  0.0000000 0.5811764 3.1738242 0.4961604 0.5223721 0.5008058 2.2574257 0.4293953 0.5398635 0.4603473 0.7291944 
Hdim.9340  0.5811764 0.0000000 1.7559762 0.1516266 0.7557476 0.4156034 1.1715376 0.4023967 0.2267282 0.4041851 0.3001851 
Hdim.14676 3.1738242 1.7559762 0.0000000 1.5155685 3.4454443 2.7409206 1.9059425 2.5202609 1.7154952 2.3654225 1.4462885 
Hdim.8648  0.4961604 0.1516266 1.5155685 0.0000000 0.6314157 0.3752372 1.1682137 0.3320821 0.1288469 0.3597023 0.1843846 
Hdim.3326  0.5223721 0.7557476 3.4454443 0.6314157 0.0000000 0.5010213 1.9573028 0.4651918 0.6010054 0.4882491 0.7276378 
Hdim.13587 0.5008058 0.4156034 2.7409206 0.3752372 0.5010213 0.0000000 1.7691323 0.2368177 0.3565507 0.3771541 0.5097769 
Hdim.13080 2.2574257 1.1715376 1.9059425 1.1682137 1.9573028 1.7691323 0.0000000 1.6236404 1.1932438 1.9432147 1.0585958 
Hdim.7239  0.4293953 0.4023967 2.5202609 0.3320821 0.4651918 0.2368177 1.6236404 0.0000000 0.3244966 0.3729598 0.4601060 
Hdim.14027 0.5398635 0.2267282 1.7154952 0.1288469 0.6010054 0.3565507 1.1932438 0.3244966 0.0000000 0.4101111 0.2067010 
Hdim.5288  0.4603473 0.4041851 2.3654225 0.3597023 0.4882491 0.3771541 1.9432147 0.3729598 0.4101111 0.0000000 0.4405652 
Hdim.13028 0.7291944 0.3001851 1.4462885 0.1843846 0.7276378 0.5097769 1.0585958 0.4601060 0.2067010 0.4405652 0.0000000 
