6
Mlig.4289  0.0000000 0.2630389 0.2673168 0.2599015 0.0100748 0.9197285 
Mlig.36427 0.2630389 0.0000000 0.0100863 0.0050176 0.2561591 0.9190506 
Mlig.29084 0.2673168 0.0100863 0.0000000 0.0050313 0.2604065 0.9264409 
Mlig.37514 0.2599015 0.0050176 0.0050313 0.0000000 0.2530270 0.9135326 
Mlig.27557 0.0100748 0.2561591 0.2604065 0.2530270 0.0000000 0.9074199 
Mlig.47667 0.9197285 0.9190506 0.9264409 0.9135326 0.9074199 0.0000000 
