9
Smed.3186  0.0000000 1.4761754 0.0645445 0.0434561 0.0888018 0.0429217 1.2693045 1.3120952 1.3385825 
Smed.19459 1.4761754 0.0000000 1.5557494 1.5040086 1.6249426 1.4822386 0.3876748 0.4054138 0.3903156 
Smed.15930 0.0645445 1.5557494 0.0000000 0.0433124 0.0774072 0.0427814 1.2657398 1.3080410 1.3341848 
Smed.12517 0.0434561 1.5040086 0.0433124 0.0000000 0.0670458 0.0216068 1.2268934 1.2682097 1.2934392 
Smed.24800 0.0888018 1.6249426 0.0774072 0.0670458 0.0000000 0.0662068 1.2702093 1.3128179 1.3391716 
Smed.19019 0.0429217 1.4822386 0.0427814 0.0216068 0.0662068 0.0000000 1.2106291 1.2514377 1.2762348 
Smed.16686 1.2693045 0.3876748 1.2657398 1.2268934 1.2702093 1.2106291 0.0000000 0.0739831 0.0641425 
Smed.7167  1.3120952 0.4054138 1.3080410 1.2682097 1.3128179 1.2514377 0.0739831 0.0000000 0.0535462 
Smed.20281 1.3385825 0.3903156 1.3341848 1.2934392 1.3391716 1.2762348 0.0641425 0.0535462 0.0000000 
