8
Smed.440   0.0000000 1.2296767 1.2605847 1.1627219 1.1920608 1.1623738 1.3416119 1.3182843 
Smed.6929  1.2296767 0.0000000 0.6036275 0.5746241 0.6014343 0.5741731 0.8204751 0.7765589 
Smed.3033  1.2605847 0.6036275 0.0000000 0.4560012 0.4831197 0.4612658 0.6634568 0.6642386 
Smed.13848 1.1627219 0.5746241 0.4560012 0.0000000 0.0418133 0.0339309 0.6076112 0.5493069 
Smed.5119  1.1920608 0.6014343 0.4831197 0.0418133 0.0000000 0.0335778 0.6362351 0.5585236 
Smed.19123 1.1623738 0.5741731 0.4612658 0.0339309 0.0335778 0.0000000 0.6138458 0.5395082 
Smed.2898  1.3416119 0.8204751 0.6634568 0.6076112 0.6362351 0.6138458 0.0000000 0.6097192 
Smed.2899  1.3182843 0.7765589 0.6642386 0.5493069 0.5585236 0.5395082 0.6097192 0.0000000 
