8
Smed.10205 0.0000000 0.2828129 0.2828129 0.2859573 0.2371853 0.5420345 0.4444344 0.4551096 
Smed.8968  0.2828129 0.0000000 0.0000010 0.2108985 0.2075874 0.3675587 0.3578178 0.2904250 
Smed.15332 0.2828129 0.0000010 0.0000000 0.2108985 0.2075874 0.3675587 0.3578178 0.2904250 
Smed.15979 0.2859573 0.2108985 0.2108985 0.0000000 0.0308921 0.1164821 0.0994842 0.0720788 
Smed.18624 0.2371853 0.2075874 0.2075874 0.0308921 0.0000000 0.1503080 0.1349656 0.0980915 
Smed.22372 0.5420345 0.3675587 0.3675587 0.1164821 0.1503080 0.0000000 0.2558842 0.0333977 
Smed.3985  0.4444344 0.3578178 0.3578178 0.0994842 0.1349656 0.2558842 0.0000000 0.1985945 
Smed.22578 0.4551096 0.2904250 0.2904250 0.0720788 0.0980915 0.0333977 0.1985945 0.0000000 
