9
Mcor.4504  0.0000000 0.9150722 1.4425804 0.8263124 1.1023369 0.8868746 0.7751781 0.9648243 0.9485812 
Mcor.11368 0.9150722 0.0000000 1.4034841 0.5347897 0.7556884 0.3899334 0.5036424 0.2248338 0.3094728 
Mcor.7270  1.4425804 1.4034841 0.0000000 1.4397675 1.8593103 1.3011460 1.2870766 0.7485754 1.3470607 
Mcor.9215  0.8263124 0.5347897 1.4397675 0.0000000 1.1631306 0.7827134 0.1898654 0.3770714 0.6085605 
Mcor.10212 1.1023369 0.7556884 1.8593103 1.1631306 0.0000000 0.3552625 1.2322192 0.8008035 0.8157962 
Mcor.12211 0.8868746 0.3899334 1.3011460 0.7827134 0.3552625 0.0000000 0.8610103 0.5185737 0.5760713 
Mcor.7249  0.7751781 0.5036424 1.2870766 0.1898654 1.2322192 0.8610103 0.0000000 0.3564088 0.4545199 
Mcor.6101  0.9648243 0.2248338 0.7485754 0.3770714 0.8008035 0.5185737 0.3564088 0.0000000 0.3154201 
Mcor.10124 0.9485812 0.3094728 1.3470607 0.6085605 0.8157962 0.5760713 0.4545199 0.3154201 0.0000000 
