8
Mlig.19711 0.0000000 0.0116634 0.0116634 0.7458218 0.7498930 0.7498930 1.1166664 1.1192122 
Mlig.19712 0.0116634 0.0000000 0.0000010 0.7483148 0.7523847 0.7523847 1.1174220 1.1199625 
Mlig.33120 0.0116634 0.0000010 0.0000000 0.7483148 0.7523847 0.7523847 1.1174220 1.1199625 
Mlig.3837  0.7458218 0.7483148 0.7483148 0.0000000 0.0086790 0.0086790 0.8006771 0.8002177 
Mlig.3836  0.7498930 0.7523847 0.7523847 0.0086790 0.0000000 0.0000010 0.8075938 0.8071429 
Mlig.3838  0.7498930 0.7523847 0.7523847 0.0086790 0.0000010 0.0000000 0.8075938 0.8071429 
Mlig.11957 1.1166664 1.1174220 1.1174220 0.8006771 0.8075938 0.8075938 0.0000000 0.0086697 
Mlig.28461 1.1192122 1.1199625 1.1199625 0.8002177 0.8071429 0.8071429 0.0086697 0.0000000 
