9
Smar.8225  0.0000000 0.0262831 0.0148167 0.0110905 0.0222652 0.0110905 0.0335452 0.0147908 0.0148064 
Smar.2983  0.0262831 0.0000000 0.0187574 0.0149766 0.0263068 0.0149766 0.0301252 0.0187242 0.0187442 
Smar.760   0.0148167 0.0187574 0.0000000 0.0036932 0.0073912 0.0036932 0.0260664 0.0073887 0.0073965 
Smar.908   0.0110905 0.0149766 0.0036932 0.0000000 0.0111002 0.0000010 0.0222977 0.0036867 0.0036906 
Smar.1955  0.0222652 0.0263068 0.0073912 0.0111002 0.0000000 0.0111002 0.0335754 0.0073847 0.0148194 
Smar.2708  0.0110905 0.0149766 0.0036932 0.0000010 0.0111002 0.0000000 0.0222977 0.0036867 0.0036906 
Smar.2938  0.0335452 0.0301252 0.0260664 0.0222977 0.0335754 0.0222977 0.0000000 0.0260206 0.0260482 
Smar.5079  0.0147908 0.0187242 0.0073887 0.0036867 0.0073847 0.0036867 0.0260206 0.0000000 0.0073836 
Smar.9717  0.0148064 0.0187442 0.0073965 0.0036906 0.0148194 0.0036906 0.0260482 0.0073836 0.0000000 
