14
Smed.25233 0.0000000 0.3615018 0.2848331 0.2008899 0.1670379 0.1649130 0.2662757 0.1303445 0.2008189 0.0980337 0.0319550 0.1993628 0.0643162 0.0643162 
Smed.18103 0.3615018 0.0000000 0.2081392 0.4047833 0.4454414 0.4388418 0.4108442 0.3952979 0.4347172 0.3587445 0.3584228 0.4015224 0.3150773 0.3150773 
Smed.18269 0.2848331 0.2081392 0.0000000 0.3598122 0.3622684 0.3572439 0.3841626 0.3173454 0.3538579 0.2828645 0.2825968 0.3569766 0.2431496 0.2431496 
Smed.17254 0.2008899 0.4047833 0.3598122 0.0000000 0.1643587 0.1623072 0.1988553 0.1283856 0.1974678 0.1651162 0.1649676 0.1964225 0.1299630 0.1299630 
Smed.5907  0.1670379 0.4454414 0.3622684 0.1643587 0.0000000 0.1295530 0.1519948 0.0313243 0.0962313 0.1317793 0.1316640 0.2013828 0.0972281 0.0972281 
Smed.20180 0.1649130 0.4388418 0.3572439 0.1623072 0.1295530 0.0000000 0.2231800 0.0948832 0.1621514 0.1301289 0.1300166 0.2315286 0.0960310 0.0960310 
Smed.13671 0.2662757 0.4108442 0.3841626 0.1988553 0.1519948 0.2231800 0.0000000 0.1140516 0.1866830 0.2273237 0.2271035 0.2704100 0.1887607 0.1887607 
Smed.7124  0.1303445 0.3952979 0.3173454 0.1283856 0.0313243 0.0948832 0.1140516 0.0000000 0.0626728 0.0964619 0.0963831 0.1960815 0.0633050 0.0633050 
Smed.19572 0.2008189 0.4347172 0.3538579 0.1974678 0.0962313 0.1621514 0.1866830 0.0626728 0.0000000 0.1649623 0.1648136 0.2685684 0.1297735 0.1297735 
Smed.21326 0.0980337 0.3587445 0.2828645 0.1651162 0.1317793 0.1301289 0.2273237 0.0964619 0.1649623 0.0000000 0.0644509 0.1638697 0.0317537 0.0317537 
Smed.22155 0.0319550 0.3584228 0.2825968 0.1649676 0.1316640 0.1300166 0.2271035 0.0963831 0.1648136 0.0644509 0.0000000 0.1637233 0.0317312 0.0317312 
Smed.1998  0.1993628 0.4015224 0.3569766 0.1964225 0.2013828 0.2315286 0.2704100 0.1960815 0.2685684 0.1638697 0.1637233 0.0000000 0.1289906 0.1289906 
Smed.11376 0.0643162 0.3150773 0.2431496 0.1299630 0.0972281 0.0960310 0.1887607 0.0633050 0.1297735 0.0317537 0.0317312 0.1289906 0.0000000 0.0000010 
Smed.13990 0.0643162 0.3150773 0.2431496 0.1299630 0.0972281 0.0960310 0.1887607 0.0633050 0.1297735 0.0317537 0.0317312 0.1289906 0.0000010 0.0000000 
