6
Mlig.18533 0.0000000 0.0070323 1.1105583 1.1119928 1.1847252 1.1909172 
Mlig.18532 0.0070323 0.0000000 1.1078368 1.1091490 1.1800883 1.1862532 
Mlig.28047 1.1105583 1.1078368 0.0000000 0.0196505 0.7294549 0.7275996 
Mlig.25748 1.1119928 1.1091490 0.0196505 0.0000000 0.7187510 0.7202949 
Mlig.19463 1.1847252 1.1800883 0.7294549 0.7187510 0.0000000 0.0069551 
Mlig.19464 1.1909172 1.1862532 0.7275996 0.7202949 0.0069551 0.0000000 
