10
Mlig.1015  0.0000000 0.0037975 0.8641512 0.8657733 0.8603436 0.7526149 0.7513306 0.7564013 0.6768306 0.6768306 
Mlig.1016  0.0037975 0.0000000 0.8633494 0.8649661 0.8595530 0.7611820 0.7598849 0.7650070 0.6818319 0.6818319 
Mlig.10240 0.8641512 0.8633494 0.0000000 0.0059023 0.0019585 0.6978569 0.6953522 0.7000932 0.5606188 0.5606188 
Mlig.10241 0.8657733 0.8649661 0.0059023 0.0000000 0.0039335 0.6958619 0.6933623 0.6980974 0.5549632 0.5549632 
Mlig.37012 0.8603436 0.8595530 0.0019585 0.0039335 0.0000000 0.6944929 0.6919976 0.6967267 0.5576096 0.5576096 
Mlig.11109 0.7526149 0.7611820 0.6978569 0.6958619 0.6944929 0.0000000 0.0019312 0.0038667 0.3095890 0.3095890 
Mlig.26017 0.7513306 0.7598849 0.6953522 0.6933623 0.6919976 0.0019312 0.0000000 0.0019306 0.3064630 0.3064630 
Mlig.26018 0.7564013 0.7650070 0.7000932 0.6980974 0.6967267 0.0038667 0.0019306 0.0000000 0.3095376 0.3095376 
Mlig.18165 0.6768306 0.6818319 0.5606188 0.5549632 0.5576096 0.3095890 0.3064630 0.3095376 0.0000000 0.0000010 
Mlig.26384 0.6768306 0.6818319 0.5606188 0.5549632 0.5576096 0.3095890 0.3064630 0.3095376 0.0000010 0.0000000 
