7
Mlig.18466 0.0000000 0.9726115 0.9822760 0.9822760 1.1186791 1.1100153 0.0212669 
Mlig.25751 0.9726115 0.0000000 0.0035208 0.0035208 0.9605284 0.9535468 0.9755270 
Mlig.25752 0.9822760 0.0035208 0.0000000 0.0000010 0.9664844 0.9594671 0.9852026 
Mlig.25753 0.9822760 0.0035208 0.0000010 0.0000000 0.9664844 0.9594671 0.9852026 
Mlig.8827  1.1186791 0.9605284 0.9664844 0.9664844 0.0000000 0.0052733 1.1148614 
Mlig.8828  1.1100153 0.9535468 0.9594671 0.9594671 0.0052733 0.0000000 1.1062219 
Mlig.36253 0.0212669 0.9755270 0.9852026 0.9852026 1.1148614 1.1062219 0.0000000 
