6
Mlig.28368 0.0000000 0.2492692 0.2554437 0.2554437 0.0046711 0.0046999 
Mlig.16453 0.2492692 0.0000000 0.0046438 0.0046438 0.2564782 0.2471008 
Mlig.33841 0.2554437 0.0046438 0.0000000 0.0000010 0.2626978 0.2532310 
Mlig.43411 0.2554437 0.0046438 0.0000010 0.0000000 0.2626978 0.2532310 
Mlig.28367 0.0046711 0.2564782 0.2626978 0.2626978 0.0000000 0.0094414 
Mlig.28369 0.0046999 0.2471008 0.2532310 0.2532310 0.0094414 0.0000000 
