27
Treg.6427  0.0000000 0.0000010 0.0980083 0.0875329 0.0875329 0.0875329 0.0875699 0.0875699 0.0858201 0.0871286 0.0854228 0.0888609 0.0871545 0.0888609 0.0307823 0.0372891 0.0928000 0.0859201 0.0876549 0.0875329 0.0458279 0.0458279 0.0291379 0.0888609 0.0888609 0.0888609 0.0888609 
Treg.12120 0.0000010 0.0000000 0.0980083 0.0875329 0.0875329 0.0875329 0.0875699 0.0875699 0.0858201 0.0871286 0.0854228 0.0888609 0.0871545 0.0888609 0.0307823 0.0372891 0.0928000 0.0859201 0.0876549 0.0875329 0.0458279 0.0458279 0.0291379 0.0888609 0.0888609 0.0888609 0.0888609 
Treg.4800  0.0980083 0.0980083 0.0000000 0.0273009 0.0273009 0.0273009 0.0256893 0.0256893 0.0240625 0.1967194 0.1949225 0.1948408 0.1930436 0.1948408 0.1279512 0.1396467 0.0047754 0.0159986 0.0240618 0.0273009 0.1495624 0.1495624 0.1261230 0.1948408 0.1948408 0.1948408 0.1948408 
Treg.5454  0.0875329 0.0875329 0.0273009 0.0000000 0.0000010 0.0000010 0.0015907 0.0015907 0.0031851 0.1840946 0.1823016 0.1859426 0.1841491 0.1859426 0.1135519 0.1287949 0.0224412 0.0111853 0.0031891 0.0000010 0.1374128 0.1374128 0.1153238 0.1859426 0.1859426 0.1859426 0.1859426 
Treg.677   0.0875329 0.0875329 0.0273009 0.0000010 0.0000000 0.0000010 0.0015907 0.0015907 0.0031851 0.1840946 0.1823016 0.1859426 0.1841491 0.1859426 0.1135519 0.1287949 0.0224412 0.0111853 0.0031891 0.0000010 0.1374128 0.1374128 0.1153238 0.1859426 0.1859426 0.1859426 0.1859426 
Treg.1803  0.0875329 0.0875329 0.0273009 0.0000010 0.0000010 0.0000000 0.0015907 0.0015907 0.0031851 0.1840946 0.1823016 0.1859426 0.1841491 0.1859426 0.1135519 0.1287949 0.0224412 0.0111853 0.0031891 0.0000010 0.1374128 0.1374128 0.1153238 0.1859426 0.1859426 0.1859426 0.1859426 
Treg.2521  0.0875699 0.0875699 0.0256893 0.0015907 0.0015907 0.0015907 0.0000000 0.0000010 0.0015912 0.1841762 0.1823825 0.1860250 0.1842307 0.1860250 0.1136004 0.1288501 0.0208337 0.0095853 0.0015933 0.0015907 0.1374723 0.1374723 0.1153734 0.1860250 0.1860250 0.1860250 0.1860250 
Treg.3444  0.0875699 0.0875699 0.0256893 0.0015907 0.0015907 0.0015907 0.0000010 0.0000000 0.0015912 0.1841762 0.1823825 0.1860250 0.1842307 0.1860250 0.1136004 0.1288501 0.0208337 0.0095853 0.0015933 0.0015907 0.1374723 0.1374723 0.1153734 0.1860250 0.1860250 0.1860250 0.1860250 
Treg.970   0.0858201 0.0858201 0.0240625 0.0031851 0.0031851 0.0031851 0.0015912 0.0015912 0.0000000 0.1833369 0.1815487 0.1851802 0.1833911 0.1851802 0.1153734 0.1270302 0.0192142 0.0111888 0.0031901 0.0031851 0.1367973 0.1367973 0.1135637 0.1851802 0.1851802 0.1851802 0.1851802 
Treg.6198  0.0871286 0.0871286 0.1967194 0.1840946 0.1840946 0.1840946 0.1841762 0.1841762 0.1833369 0.0000000 0.0015798 0.0015794 0.0031609 0.0015794 0.0660039 0.0468867 0.1910306 0.1824561 0.1843659 0.1840946 0.0415860 0.0415860 0.0656211 0.0015794 0.0015794 0.0015794 0.0015794 
Treg.7948  0.0854228 0.0854228 0.1949225 0.1823016 0.1823016 0.1823016 0.1823825 0.1823825 0.1815487 0.0015798 0.0000000 0.0031609 0.0015802 0.0031609 0.0643138 0.0485884 0.1892358 0.1806621 0.1825706 0.1823016 0.0399222 0.0399222 0.0639389 0.0031609 0.0031609 0.0031609 0.0031609 
Treg.8089  0.0888609 0.0888609 0.1948408 0.1859426 0.1859426 0.1859426 0.1860250 0.1860250 0.1851802 0.0015794 0.0031609 0.0000000 0.0015796 0.0000010 0.0677141 0.0485745 0.1928812 0.1843049 0.1862168 0.1859426 0.0432617 0.0432617 0.0673233 0.0000010 0.0000010 0.0000010 0.0000010 
Treg.2598  0.0871545 0.0871545 0.1930436 0.1841491 0.1841491 0.1841491 0.1842307 0.1842307 0.1833911 0.0031609 0.0015802 0.0015796 0.0000000 0.0015796 0.0660235 0.0502777 0.1910869 0.1825102 0.1844206 0.1841491 0.0415983 0.0415983 0.0656405 0.0015796 0.0015796 0.0015796 0.0015796 
Treg.13026 0.0888609 0.0888609 0.1948408 0.1859426 0.1859426 0.1859426 0.1860250 0.1860250 0.1851802 0.0015794 0.0031609 0.0000010 0.0015796 0.0000000 0.0677141 0.0485745 0.1928812 0.1843049 0.1862168 0.1859426 0.0432617 0.0432617 0.0673233 0.0000010 0.0000010 0.0000010 0.0000010 
Treg.2005  0.0307823 0.0307823 0.1279512 0.1135519 0.1135519 0.1135519 0.1136004 0.1136004 0.1153734 0.0660039 0.0643138 0.0677141 0.0660235 0.0677141 0.0000000 0.0191335 0.1225844 0.1119277 0.1137137 0.1135519 0.0226406 0.0226406 0.0015865 0.0677141 0.0677141 0.0677141 0.0677141 
Treg.6616  0.0372891 0.0372891 0.1396467 0.1287949 0.1287949 0.1287949 0.1288501 0.1288501 0.1270302 0.0468867 0.0485884 0.0485745 0.0502777 0.0485745 0.0191335 0.0000000 0.1342672 0.1271813 0.1289776 0.1287949 0.0112013 0.0112013 0.0175237 0.0485745 0.0485745 0.0485745 0.0485745 
Treg.4833  0.0928000 0.0928000 0.0047754 0.0224412 0.0224412 0.0224412 0.0208337 0.0208337 0.0192142 0.1910306 0.1892358 0.1928812 0.1910869 0.1928812 0.1225844 0.1342672 0.0000000 0.0111782 0.0192136 0.0224412 0.1441222 0.1441222 0.1207644 0.1928812 0.1928812 0.1928812 0.1928812 
Treg.10611 0.0859201 0.0859201 0.0159986 0.0111853 0.0111853 0.0111853 0.0095853 0.0095853 0.0111888 0.1824561 0.1806621 0.1843049 0.1825102 0.1843049 0.1119277 0.1271813 0.0111782 0.0000000 0.0079805 0.0111853 0.1357886 0.1357886 0.1136994 0.1843049 0.1843049 0.1843049 0.1843049 
Treg.2491  0.0876549 0.0876549 0.0240618 0.0031891 0.0031891 0.0031891 0.0015933 0.0015933 0.0031901 0.1843659 0.1825706 0.1862168 0.1844206 0.1862168 0.1137137 0.1289776 0.0192136 0.0079805 0.0000000 0.0031891 0.1376097 0.1376097 0.1154875 0.1862168 0.1862168 0.1862168 0.1862168 
Treg.11898 0.0875329 0.0875329 0.0273009 0.0000010 0.0000010 0.0000010 0.0015907 0.0015907 0.0031851 0.1840946 0.1823016 0.1859426 0.1841491 0.1859426 0.1135519 0.1287949 0.0224412 0.0111853 0.0031891 0.0000000 0.1374128 0.1374128 0.1153238 0.1859426 0.1859426 0.1859426 0.1859426 
Treg.4128  0.0458279 0.0458279 0.1495624 0.1374128 0.1374128 0.1374128 0.1374723 0.1374723 0.1367973 0.0415860 0.0399222 0.0432617 0.0415983 0.0432617 0.0226406 0.0112013 0.1441222 0.1357886 0.1376097 0.1374128 0.0000000 0.0000010 0.0224954 0.0432617 0.0432617 0.0432617 0.0432617 
Treg.7531  0.0458279 0.0458279 0.1495624 0.1374128 0.1374128 0.1374128 0.1374723 0.1374723 0.1367973 0.0415860 0.0399222 0.0432617 0.0415983 0.0432617 0.0226406 0.0112013 0.1441222 0.1357886 0.1376097 0.1374128 0.0000010 0.0000000 0.0224954 0.0432617 0.0432617 0.0432617 0.0432617 
Treg.14289 0.0291379 0.0291379 0.1261230 0.1153238 0.1153238 0.1153238 0.1153734 0.1153734 0.1135637 0.0656211 0.0639389 0.0673233 0.0656405 0.0673233 0.0015865 0.0175237 0.1207644 0.1136994 0.1154875 0.1153238 0.0224954 0.0224954 0.0000000 0.0673233 0.0673233 0.0673233 0.0673233 
Treg.6662  0.0888609 0.0888609 0.1948408 0.1859426 0.1859426 0.1859426 0.1860250 0.1860250 0.1851802 0.0015794 0.0031609 0.0000010 0.0015796 0.0000010 0.0677141 0.0485745 0.1928812 0.1843049 0.1862168 0.1859426 0.0432617 0.0432617 0.0673233 0.0000000 0.0000010 0.0000010 0.0000010 
Treg.7136  0.0888609 0.0888609 0.1948408 0.1859426 0.1859426 0.1859426 0.1860250 0.1860250 0.1851802 0.0015794 0.0031609 0.0000010 0.0015796 0.0000010 0.0677141 0.0485745 0.1928812 0.1843049 0.1862168 0.1859426 0.0432617 0.0432617 0.0673233 0.0000010 0.0000000 0.0000010 0.0000010 
Treg.11051 0.0888609 0.0888609 0.1948408 0.1859426 0.1859426 0.1859426 0.1860250 0.1860250 0.1851802 0.0015794 0.0031609 0.0000010 0.0015796 0.0000010 0.0677141 0.0485745 0.1928812 0.1843049 0.1862168 0.1859426 0.0432617 0.0432617 0.0673233 0.0000010 0.0000010 0.0000000 0.0000010 
Treg.14051 0.0888609 0.0888609 0.1948408 0.1859426 0.1859426 0.1859426 0.1860250 0.1860250 0.1851802 0.0015794 0.0031609 0.0000010 0.0015796 0.0000010 0.0677141 0.0485745 0.1928812 0.1843049 0.1862168 0.1859426 0.0432617 0.0432617 0.0673233 0.0000010 0.0000010 0.0000010 0.0000000 
