9
Mlig.4629  0.0000000 0.0000010 0.0000010 0.0020110 0.0060534 0.5834997 0.5839795 0.5820540 0.5834997 
Mlig.4630  0.0000010 0.0000000 0.0000010 0.0020110 0.0060534 0.5834997 0.5839795 0.5820540 0.5834997 
Mlig.4631  0.0000010 0.0000010 0.0000000 0.0020110 0.0060534 0.5834997 0.5839795 0.5820540 0.5834997 
Mlig.4632  0.0020110 0.0020110 0.0020110 0.0000000 0.0040335 0.5874348 0.5879138 0.5859717 0.5874348 
Mlig.6502  0.0060534 0.0060534 0.0060534 0.0040335 0.0000000 0.5879286 0.5884069 0.5864649 0.5879286 
Mlig.3844  0.5834997 0.5834997 0.5834997 0.5874348 0.5879286 0.0000000 0.0039918 0.0080306 0.0000010 
Mlig.45023 0.5839795 0.5839795 0.5839795 0.5879138 0.5884069 0.0039918 0.0000000 0.0080396 0.0039918 
Mlig.3342  0.5820540 0.5820540 0.5820540 0.5859717 0.5864649 0.0080306 0.0080396 0.0000000 0.0080306 
Mlig.3843  0.5834997 0.5834997 0.5834997 0.5874348 0.5879286 0.0000010 0.0039918 0.0080306 0.0000000 
