10
Mlig.10066 0.0000000 0.0000010 0.2749542 0.2749542 0.1220539 0.1202553 0.0040597 0.3718448 0.3701444 0.3770154 
Mlig.10067 0.0000010 0.0000000 0.2749542 0.2749542 0.1220539 0.1202553 0.0040597 0.3718448 0.3701444 0.3770154 
Mlig.17256 0.2749542 0.2749542 0.0000000 0.0000010 0.1989935 0.1909809 0.2820793 0.4538817 0.4474575 0.4541299 
Mlig.45933 0.2749542 0.2749542 0.0000010 0.0000000 0.1989935 0.1909809 0.2820793 0.4538817 0.4474575 0.4541299 
Mlig.33710 0.1220539 0.1220539 0.1989935 0.1989935 0.0000000 0.0042285 0.1277745 0.4357609 0.4338557 0.4406743 
Mlig.34266 0.1202553 0.1202553 0.1909809 0.1909809 0.0042285 0.0000000 0.1258865 0.4297216 0.4278448 0.4346263 
Mlig.10040 0.0040597 0.0040597 0.2820793 0.2820793 0.1277745 0.1258865 0.0000000 0.3797412 0.3780119 0.3848804 
Mlig.24135 0.3718448 0.3718448 0.4538817 0.4538817 0.4357609 0.4297216 0.3797412 0.0000000 0.0081641 0.0040498 
Mlig.24133 0.3701444 0.3701444 0.4474575 0.4474575 0.4338557 0.4278448 0.3780119 0.0081641 0.0000000 0.0040488 
Mlig.24134 0.3770154 0.3770154 0.4541299 0.4541299 0.4406743 0.4346263 0.3848804 0.0040498 0.0040488 0.0000000 
