45
Treg.6655  0.0000000 0.0000010 0.0062793 0.9190708 0.9311360 0.9447076 0.9397108 0.9873210 1.0201805 0.9873210 0.9999838 1.0036701 1.0036701 0.9773046 1.0021572 1.0222977 0.9809283 0.9809283 1.1338974 0.9661410 0.9785056 0.0062764 0.0062764 0.0190955 0.9857028 1.0117560 0.9751307 0.9785056 0.9674108 0.9755655 0.9846960 0.9685449 0.9906649 0.9857028 0.9981650 1.0135799 0.9618192 0.9464672 0.9441673 0.9173567 0.9244065 0.9310478 1.1065955 1.0024670 1.0066291 
Treg.13438 0.0000010 0.0000000 0.0062793 0.9190708 0.9311360 0.9447076 0.9397108 0.9873210 1.0201805 0.9873210 0.9999838 1.0036701 1.0036701 0.9773046 1.0021572 1.0222977 0.9809283 0.9809283 1.1338974 0.9661410 0.9785056 0.0062764 0.0062764 0.0190955 0.9857028 1.0117560 0.9751307 0.9785056 0.9674108 0.9755655 0.9846960 0.9685449 0.9906649 0.9857028 0.9981650 1.0135799 0.9618192 0.9464672 0.9441673 0.9173567 0.9244065 0.9310478 1.1065955 1.0024670 1.0066291 
Treg.539   0.0062793 0.0062793 0.0000000 0.9239835 0.9360949 0.9496831 0.9446603 0.9923791 1.0252473 0.9923791 1.0050349 1.0087588 1.0087588 0.9823708 1.0072221 1.0379009 0.9962513 0.9962513 1.1514309 0.9814169 0.9937824 0.0125952 0.0125952 0.0126612 1.0011171 1.0274751 0.9904657 0.9937824 0.9826986 0.9908328 1.0001718 0.9838422 1.0060138 1.0011171 1.0136931 1.0294978 0.9768859 0.9514324 0.9491339 0.9222983 0.9293291 0.9359857 1.1118146 1.0075471 1.0117072 
Treg.3106  0.9190708 0.9190708 0.9239835 0.0000000 0.0187795 0.0383016 0.0385706 0.2765581 0.2600402 0.2765581 0.2679533 0.2673977 0.2673977 0.2769626 0.2679816 0.9614323 0.9294385 0.9294385 1.0936673 0.9057172 0.9271800 0.9327827 0.9327827 0.9312942 0.9475969 0.9820513 0.9464070 0.9271800 0.9055490 0.9347474 0.9367605 0.9182438 0.9401039 0.9475969 0.9458919 0.9679723 0.9112716 0.0318427 0.0253396 0.0251359 0.0384888 0.0317728 0.2818654 0.2851794 0.2864938 
Treg.3765  0.9311360 0.9311360 0.9360949 0.0187795 0.0000000 0.0188479 0.0189820 0.2667359 0.2503325 0.2667359 0.2582027 0.2576716 0.2576716 0.2671225 0.2582263 0.9321241 0.9001872 0.9001872 1.0609584 0.8768800 0.8980028 0.9450712 0.9450712 0.9435314 0.9180055 0.9518278 0.9167086 0.8980028 0.8766950 0.9055376 0.9073261 0.8892069 0.9109348 0.9180055 0.9163186 0.9377495 0.8824090 0.0125383 0.0062362 0.0061860 0.0189372 0.0125079 0.2718072 0.2752923 0.2765570 
Treg.12922 0.9447076 0.9447076 0.9496831 0.0383016 0.0188479 0.0000000 0.0387196 0.2904001 0.2735176 0.2904001 0.2815876 0.2809901 0.2809901 0.2908354 0.2816235 0.9312678 0.8994000 0.8994000 1.0597875 0.8761574 0.8972224 0.9587941 0.9587941 0.9572082 0.9171700 0.9509060 0.9158728 0.8972224 0.8759724 0.9047396 0.9065180 0.8884501 0.9101262 0.9171700 0.9154872 0.9368551 0.8816727 0.0319632 0.0254339 0.0125281 0.0189118 0.0124912 0.2961161 0.2992200 0.3006222 
Treg.12303 0.9397108 0.9397108 0.9446603 0.0385706 0.0189820 0.0387196 0.0000000 0.2833461 0.2665944 0.2833461 0.2746109 0.2740332 0.2740332 0.2837670 0.2746429 0.9568626 0.9247945 0.9247945 1.0887548 0.9010667 0.9225413 0.9536850 0.9536850 0.9521227 0.9429491 0.9773841 0.9417395 0.9225413 0.9008953 0.9301254 0.9321086 0.9136011 0.9355031 0.9429491 0.9412425 0.9343506 0.9066347 0.0062508 0.0125463 0.0254073 0.0255673 0.0321189 0.2888704 0.2920941 0.2934561 
Treg.6964  0.9873210 0.9873210 0.9923791 0.2765581 0.2667359 0.2904001 0.2833461 0.0000000 0.0123103 0.0000010 0.0061174 0.0061212 0.0061212 0.0061289 0.0061276 0.7756008 0.7717187 0.7717187 0.9268471 0.7488387 0.7698697 1.0019757 1.0019757 0.9747612 0.7879168 0.8559062 0.7952493 0.7698697 0.7485773 0.7772393 0.7763213 0.7601532 0.7827329 0.7879168 0.7879539 0.8123418 0.7557553 0.2726885 0.2653732 0.2753212 0.2977240 0.2868257 0.0378761 0.0061247 0.0061468 
Treg.10999 1.0201805 1.0201805 1.0252473 0.2600402 0.2503325 0.2735176 0.2665944 0.0123103 0.0000000 0.0123103 0.0185177 0.0185296 0.0185296 0.0185530 0.0061319 0.8029013 0.7994906 0.7994906 0.9577482 0.7760659 0.7975768 1.0351143 1.0351143 1.0076782 0.8159006 0.8851404 0.8234621 0.7975768 0.7758218 0.8048762 0.8040634 0.7875488 0.8103365 0.8159006 0.8160495 0.8408745 0.7831990 0.2561385 0.2490261 0.2588388 0.2807733 0.2700827 0.0251084 0.0185400 0.0186078 
Treg.1290  0.9873210 0.9873210 0.9923791 0.2765581 0.2667359 0.2904001 0.2833461 0.0000010 0.0123103 0.0000000 0.0061174 0.0061212 0.0061212 0.0061289 0.0061276 0.7756008 0.7717187 0.7717187 0.9268471 0.7488387 0.7698697 1.0019757 1.0019757 0.9747612 0.7879168 0.8559062 0.7952493 0.7698697 0.7485773 0.7772393 0.7763213 0.7601532 0.7827329 0.7879168 0.7879539 0.8123418 0.7557553 0.2726885 0.2653732 0.2753212 0.2977240 0.2868257 0.0378761 0.0061247 0.0061468 
Treg.1231  0.9999838 0.9999838 1.0050349 0.2679533 0.2582027 0.2815876 0.2746109 0.0061174 0.0185177 0.0061174 0.0000000 0.0122774 0.0122774 0.0122928 0.0122901 0.7880746 0.7843491 0.7843491 0.9412220 0.7612599 0.7824693 1.0147164 1.0147164 0.9874709 0.8007145 0.8693696 0.8081604 0.7824693 0.7610062 0.7898682 0.7889969 0.7726581 0.7953520 0.8007145 0.8007431 0.8254207 0.7682261 0.2640722 0.2568706 0.2667359 0.2888652 0.2780898 0.0314422 0.0122843 0.0123289 
Treg.7117  1.0036701 1.0036701 1.0087588 0.2673977 0.2576716 0.2809901 0.2740332 0.0061212 0.0185296 0.0061212 0.0122774 0.0000000 0.0000010 0.0123005 0.0122979 0.7893022 0.7855880 0.7855880 0.9428168 0.7624533 0.7837032 1.0185420 1.0185420 0.9910725 0.8019880 0.8707861 0.8094532 0.7837032 0.7622001 0.7911131 0.7902455 0.7738721 0.7966018 0.8019880 0.8020157 0.8267492 0.7694318 0.2635238 0.2563442 0.2661841 0.2882495 0.2775048 0.0443452 0.0122920 0.0123367 
Treg.14153 1.0036701 1.0036701 1.0087588 0.2673977 0.2576716 0.2809901 0.2740332 0.0061212 0.0185296 0.0061212 0.0122774 0.0000010 0.0000000 0.0123005 0.0122979 0.7893022 0.7855880 0.7855880 0.9428168 0.7624533 0.7837032 1.0185420 1.0185420 0.9910725 0.8019880 0.8707861 0.8094532 0.7837032 0.7622001 0.7911131 0.7902455 0.7738721 0.7966018 0.8019880 0.8020157 0.8267492 0.7694318 0.2635238 0.2563442 0.2661841 0.2882495 0.2775048 0.0443452 0.0122920 0.0123367 
Treg.71    0.9773046 0.9773046 0.9823708 0.2769626 0.2671225 0.2908354 0.2837670 0.0061289 0.0185530 0.0061289 0.0122928 0.0123005 0.0123005 0.0000000 0.0123134 0.7918347 0.7881736 0.7881736 0.9445878 0.7651237 0.7862933 0.9919043 0.9919043 0.9647021 0.8045103 0.8607171 0.8000630 0.7862933 0.7648736 0.7936665 0.7928136 0.7764982 0.7991210 0.8045103 0.8045362 0.8171605 0.7720749 0.2730878 0.2657564 0.2757230 0.2981727 0.2872518 0.0444022 0.0123075 0.0123523 
Treg.4102  1.0021572 1.0021572 1.0072221 0.2679816 0.2582263 0.2816235 0.2746429 0.0061276 0.0061319 0.0061276 0.0122901 0.0122979 0.0122979 0.0123134 0.0000000 0.7887839 0.7850761 0.7850761 0.9415872 0.7620278 0.7831990 1.0169469 1.0169469 0.9896161 0.8014113 0.8699166 0.8088447 0.7831990 0.7617752 0.7905821 0.7897155 0.7734052 0.7960521 0.8014113 0.8014393 0.8260693 0.7689812 0.2640987 0.2568936 0.2667635 0.2889054 0.2781235 0.0314419 0.0123048 0.0123496 
Treg.13911 1.0222977 1.0222977 1.0379009 0.9614323 0.9321241 0.9312678 0.9568626 0.7756008 0.8029013 0.7756008 0.7880746 0.7893022 0.7893022 0.7918347 0.7887839 0.0000000 0.0566965 0.0566965 0.1123875 0.0433394 0.0572373 1.0374992 1.0374992 1.0205767 0.0500380 0.0836600 0.0564754 0.0572373 0.0370503 0.0504342 0.0435387 0.0371149 0.0246133 0.0500380 0.0697219 0.0644980 0.0609276 0.9637931 0.9520839 0.9276434 0.9347055 0.9414284 0.8789052 0.7885760 0.7922603 
Treg.1902  0.9809283 0.9809283 0.9962513 0.9294385 0.9001872 0.8994000 0.9247945 0.7717187 0.7994906 0.7717187 0.7843491 0.7855880 0.7855880 0.7881736 0.7850761 0.0566965 0.0000000 0.0000010 0.0868283 0.0245991 0.0063844 0.9958261 0.9958261 1.0050059 0.0060809 0.0375275 0.0122012 0.0063844 0.0308889 0.0185293 0.0122587 0.0184286 0.0308941 0.0060809 0.0121642 0.0581447 0.0060859 0.9316371 0.9201005 0.8958342 0.9030312 0.9096665 0.8764513 0.7848589 0.7885882 
Treg.12630 0.9809283 0.9809283 0.9962513 0.9294385 0.9001872 0.8994000 0.9247945 0.7717187 0.7994906 0.7717187 0.7843491 0.7855880 0.7855880 0.7881736 0.7850761 0.0566965 0.0000010 0.0000000 0.0868283 0.0245991 0.0063844 0.9958261 0.9958261 1.0050059 0.0060809 0.0375275 0.0122012 0.0063844 0.0308889 0.0185293 0.0122587 0.0184286 0.0308941 0.0060809 0.0121642 0.0581447 0.0060859 0.9316371 0.9201005 0.8958342 0.9030312 0.9096665 0.8764513 0.7848589 0.7885882 
Treg.4695  1.1338974 1.1338974 1.1514309 1.0936673 1.0609584 1.0597875 1.0887548 0.9268471 0.9577482 0.9268471 0.9412220 0.9428168 0.9428168 0.9445878 0.9415872 0.1123875 0.0868283 0.0868283 0.0000000 0.0865392 0.0771749 1.1510702 1.1510702 1.1604415 0.0796289 0.1113824 0.0864803 0.0771749 0.0935477 0.0802741 0.0869777 0.0798820 0.0842104 0.0796289 0.1006454 0.1406576 0.0837559 1.0968276 1.0832152 1.0555248 1.0627434 1.0705674 1.0369341 0.9417220 0.9458908 
Treg.6558  0.9661410 0.9661410 0.9814169 0.9057172 0.8768800 0.8761574 0.9010667 0.7488387 0.7760659 0.7488387 0.7612599 0.7624533 0.7624533 0.7651237 0.7620278 0.0433394 0.0245991 0.0245991 0.0865392 0.0000000 0.0322931 0.9809820 0.9809820 0.9902314 0.0183172 0.0502529 0.0245028 0.0322931 0.0060520 0.0184625 0.0121474 0.0060407 0.0307853 0.0183172 0.0371361 0.0575615 0.0309707 0.9077554 0.8965040 0.8726787 0.8798832 0.8863719 0.8512325 0.7617740 0.7654318 
Treg.14279 0.9785056 0.9785056 0.9937824 0.9271800 0.8980028 0.8972224 0.9225413 0.7698697 0.7975768 0.7698697 0.7824693 0.7837032 0.7837032 0.7862933 0.7831990 0.0572373 0.0063844 0.0063844 0.0771749 0.0322931 0.0000000 0.9933567 0.9933567 1.0025248 0.0128296 0.0458829 0.0192746 0.0000010 0.0388794 0.0259893 0.0193711 0.0258447 0.0311777 0.0128296 0.0192126 0.0675427 0.0060752 0.9293612 0.9178651 0.8936691 0.9008583 0.9074718 0.8743053 0.7829789 0.7866985 
Treg.7231  0.0062764 0.0062764 0.0125952 0.9327827 0.9450712 0.9587941 0.9536850 1.0019757 1.0351143 1.0019757 1.0147164 1.0185420 1.0185420 0.9919043 1.0169469 1.0374992 0.9958261 0.9958261 1.1510702 0.9809820 0.9933567 0.0000000 0.0000010 0.0255319 1.0006930 1.0270626 0.9900359 0.9933567 0.9822643 0.9904051 0.9997453 0.9834085 1.0055951 1.0006930 1.0132753 1.0290817 0.9764537 0.9605384 0.9582248 0.9311360 0.9381869 0.9449223 1.1226484 1.0173042 1.0214922 
Treg.13660 0.0062764 0.0062764 0.0125952 0.9327827 0.9450712 0.9587941 0.9536850 1.0019757 1.0351143 1.0019757 1.0147164 1.0185420 1.0185420 0.9919043 1.0169469 1.0374992 0.9958261 0.9958261 1.1510702 0.9809820 0.9933567 0.0000010 0.0000000 0.0255319 1.0006930 1.0270626 0.9900359 0.9933567 0.9822643 0.9904051 0.9997453 0.9834085 1.0055951 1.0006930 1.0132753 1.0290817 0.9764537 0.9605384 0.9582248 0.9311360 0.9381869 0.9449223 1.1226484 1.0173042 1.0214922 
Treg.3565  0.0190955 0.0190955 0.0126612 0.9312942 0.9435314 0.9572082 0.9521227 0.9747612 1.0076782 0.9747612 0.9874709 0.9910725 0.9910725 0.9647021 0.9896161 1.0205767 1.0050059 1.0050059 1.1604415 0.9902314 1.0025248 0.0255319 0.0255319 0.0000000 1.0098953 1.0362717 0.9992608 1.0025248 0.9915125 0.9995882 1.0089904 0.9926548 1.0147261 1.0098953 1.0224616 1.0383892 0.9856048 0.9589501 0.9566431 0.9296437 0.9366796 0.9433908 1.0939695 0.9898892 0.9940649 
Treg.9877  0.9857028 0.9857028 1.0011171 0.9475969 0.9180055 0.9171700 0.9429491 0.7879168 0.8159006 0.7879168 0.8007145 0.8019880 0.8019880 0.8045103 0.8014113 0.0500380 0.0060809 0.0060809 0.0796289 0.0183172 0.0128296 1.0006930 1.0006930 1.0098953 0.0000000 0.0310484 0.0060571 0.0128296 0.0245346 0.0122644 0.0060851 0.0121972 0.0245398 0.0000010 0.0183615 0.0513076 0.0122494 0.9499140 0.9381557 0.9135335 0.9207301 0.9274846 0.8941634 0.8012221 0.8050047 
Treg.4702  1.0117560 1.0117560 1.0274751 0.9820513 0.9518278 0.9509060 0.9773841 0.8559062 0.8851404 0.8559062 0.8693696 0.8707861 0.8707861 0.8607171 0.8699166 0.0836600 0.0375275 0.0375275 0.1113824 0.0502529 0.0458829 1.0270626 1.0270626 1.0362717 0.0310484 0.0000000 0.0247670 0.0458829 0.0567909 0.0441557 0.0375676 0.0439272 0.0567889 0.0310484 0.0503525 0.0721911 0.0440985 0.9845803 0.9724137 0.9471363 0.9543236 0.9613029 0.9687669 0.8698674 0.8738321 
Treg.8779  0.9751307 0.9751307 0.9904657 0.9464070 0.9167086 0.9158728 0.9417395 0.7952493 0.8234621 0.7952493 0.8081604 0.8094532 0.8094532 0.8000630 0.8088447 0.0564754 0.0122012 0.0122012 0.0864803 0.0245028 0.0192746 0.9900359 0.9900359 0.9992608 0.0060571 0.0247670 0.0000000 0.0192746 0.0307680 0.0184561 0.0122105 0.0183562 0.0307731 0.0060571 0.0245598 0.0447658 0.0184332 0.9487264 0.9369319 0.9122251 0.9194543 0.9262302 0.9025287 0.8086684 0.8124849 
Treg.1555  0.9785056 0.9785056 0.9937824 0.9271800 0.8980028 0.8972224 0.9225413 0.7698697 0.7975768 0.7698697 0.7824693 0.7837032 0.7837032 0.7862933 0.7831990 0.0572373 0.0063844 0.0063844 0.0771749 0.0322931 0.0000010 0.9933567 0.9933567 1.0025248 0.0128296 0.0458829 0.0192746 0.0000000 0.0388794 0.0259893 0.0193711 0.0258447 0.0311777 0.0128296 0.0192126 0.0675427 0.0060752 0.9293612 0.9178651 0.8936691 0.9008583 0.9074718 0.8743053 0.7829789 0.7866985 
Treg.6905  0.9674108 0.9674108 0.9826986 0.9055490 0.8766950 0.8759724 0.9008953 0.7485773 0.7758218 0.7485773 0.7610062 0.7622001 0.7622001 0.7648736 0.7617752 0.0370503 0.0308889 0.0308889 0.0935477 0.0060520 0.0388794 0.9822643 0.9822643 0.9915125 0.0245346 0.0567909 0.0307680 0.0388794 0.0000000 0.0247291 0.0183034 0.0121359 0.0245600 0.0245346 0.0435194 0.0510298 0.0373335 0.9075875 0.8963304 0.8724920 0.8797016 0.8861936 0.8510307 0.7615208 0.7651808 
Treg.3764  0.9755655 0.9755655 0.9908328 0.9347474 0.9055376 0.9047396 0.9301254 0.7772393 0.8048762 0.7772393 0.7898682 0.7911131 0.7911131 0.7936665 0.7905821 0.0504342 0.0185293 0.0185293 0.0802741 0.0184625 0.0259893 0.9904051 0.9904051 0.9995882 0.0122644 0.0441557 0.0184561 0.0259893 0.0247291 0.0000000 0.0185449 0.0122943 0.0247344 0.0122644 0.0310798 0.0651682 0.0248838 0.9369702 0.9254248 0.9011699 0.9083324 0.9149710 0.8818847 0.7903750 0.7941056 
Treg.4524  0.9846960 0.9846960 1.0001718 0.9367605 0.9073261 0.9065180 0.9321086 0.7763213 0.8040634 0.7763213 0.7889969 0.7902455 0.7902455 0.7928136 0.7897155 0.0435387 0.0122587 0.0122587 0.0869777 0.0121474 0.0193711 0.9997453 0.9997453 1.0089904 0.0060851 0.0375676 0.0122105 0.0193711 0.0183034 0.0185449 0.0000000 0.0060668 0.0309245 0.0060851 0.0246790 0.0446369 0.0185218 0.9390108 0.9273669 0.9029179 0.9101270 0.9168208 0.8813724 0.7895060 0.7932505 
Treg.3026  0.9685449 0.9685449 0.9838422 0.9182438 0.8892069 0.8884501 0.9136011 0.7601532 0.7875488 0.7601532 0.7726581 0.7738721 0.7738721 0.7764982 0.7734052 0.0371149 0.0184286 0.0184286 0.0798820 0.0060407 0.0258447 0.9834085 0.9834085 0.9926548 0.0121972 0.0439272 0.0183562 0.0258447 0.0121359 0.0122943 0.0060668 0.0000000 0.0246021 0.0121972 0.0309155 0.0511227 0.0247499 0.9203662 0.9089715 0.8849275 0.8921242 0.8986862 0.8634712 0.7731693 0.7768576 
Treg.13439 0.9906649 0.9906649 1.0060138 0.9401039 0.9109348 0.9101262 0.9355031 0.7827329 0.8103365 0.7827329 0.7953520 0.7966018 0.7966018 0.7991210 0.7960521 0.0246133 0.0308941 0.0308941 0.0842104 0.0307853 0.0311777 1.0055951 1.0055951 1.0147261 0.0245398 0.0567889 0.0307731 0.0311777 0.0245600 0.0247344 0.0309245 0.0246021 0.0000000 0.0245398 0.0435224 0.0513228 0.0340464 0.9423507 0.9307959 0.9065526 0.9136802 0.9203223 0.8873666 0.7958554 0.7995841 
Treg.3062  0.9857028 0.9857028 1.0011171 0.9475969 0.9180055 0.9171700 0.9429491 0.7879168 0.8159006 0.7879168 0.8007145 0.8019880 0.8019880 0.8045103 0.8014113 0.0500380 0.0060809 0.0060809 0.0796289 0.0183172 0.0128296 1.0006930 1.0006930 1.0098953 0.0000010 0.0310484 0.0060571 0.0128296 0.0245346 0.0122644 0.0060851 0.0121972 0.0245398 0.0000000 0.0183615 0.0513076 0.0122494 0.9499140 0.9381557 0.9135335 0.9207301 0.9274846 0.8941634 0.8012221 0.8050047 
Treg.10051 0.9981650 0.9981650 1.0136931 0.9458919 0.9163186 0.9154872 0.9412425 0.7879539 0.8160495 0.7879539 0.8007431 0.8020157 0.8020157 0.8045362 0.8014393 0.0697219 0.0121642 0.0121642 0.1006454 0.0371361 0.0192126 1.0132753 1.0132753 1.0224616 0.0183615 0.0503525 0.0245598 0.0192126 0.0435194 0.0310798 0.0246790 0.0309155 0.0435224 0.0183615 0.0000000 0.0715101 0.0183763 0.9481992 0.9364561 0.9118557 0.9190559 0.9258021 0.8943511 0.8012503 0.8050303 
Treg.4672  1.0135799 1.0135799 1.0294978 0.9679723 0.9377495 0.9368551 0.9343506 0.8123418 0.8408745 0.8123418 0.8254207 0.8267492 0.8267492 0.8171605 0.8260693 0.0644980 0.0581447 0.0581447 0.1406576 0.0575615 0.0675427 1.0290817 1.0290817 1.0383892 0.0513076 0.0721911 0.0447658 0.0675427 0.0510298 0.0651682 0.0446369 0.0511227 0.0513228 0.0513076 0.0715101 0.0000000 0.0650790 0.9413220 0.9295598 0.9331087 0.9403630 0.9473083 0.9212430 0.8259260 0.8297913 
Treg.13593 0.9618192 0.9618192 0.9768859 0.9112716 0.8824090 0.8816727 0.9066347 0.7557553 0.7831990 0.7557553 0.7682261 0.7694318 0.7694318 0.7720749 0.7689812 0.0609276 0.0060859 0.0060859 0.0837559 0.0309707 0.0060752 0.9764537 0.9764537 0.9856048 0.0122494 0.0440985 0.0184332 0.0060752 0.0373335 0.0248838 0.0185218 0.0247499 0.0340464 0.0122494 0.0183763 0.0650790 0.0000000 0.9133431 0.9020518 0.8781825 0.8853669 0.8918736 0.8588167 0.7687383 0.7724141 
Treg.3721  0.9464672 0.9464672 0.9514324 0.0318427 0.0125383 0.0319632 0.0062508 0.2726885 0.2561385 0.2726885 0.2640722 0.2635238 0.2635238 0.2730878 0.2640987 0.9637931 0.9316371 0.9316371 1.0968276 0.9077554 0.9293612 0.9605384 0.9605384 0.9589501 0.9499140 0.9845803 0.9487264 0.9293612 0.9075875 0.9369702 0.9390108 0.9203662 0.9423507 0.9499140 0.9481992 0.9413220 0.9133431 0.0000000 0.0062158 0.0188798 0.0321189 0.0254546 0.2779265 0.2813239 0.2826249 
Treg.12338 0.9441673 0.9441673 0.9491339 0.0253396 0.0062362 0.0254339 0.0125463 0.2653732 0.2490261 0.2653732 0.2568706 0.2563442 0.2563442 0.2657564 0.2568936 0.9520839 0.9201005 0.9201005 1.0832152 0.8965040 0.9178651 0.9582248 0.9582248 0.9566431 0.9381557 0.9724137 0.9369319 0.9178651 0.8963304 0.9254248 0.9273669 0.9089715 0.9307959 0.9381557 0.9364561 0.9295598 0.9020518 0.0062158 0.0000000 0.0125204 0.0255566 0.0189889 0.2703997 0.2739003 0.2751551 
Treg.2881  0.9173567 0.9173567 0.9222983 0.0251359 0.0061860 0.0125281 0.0254073 0.2753212 0.2588388 0.2753212 0.2667359 0.2661841 0.2661841 0.2757230 0.2667635 0.9276434 0.8958342 0.8958342 1.0555248 0.8726787 0.8936691 0.9311360 0.9311360 0.9296437 0.9135335 0.9471363 0.9122251 0.8936691 0.8724920 0.9011699 0.9029179 0.8849275 0.9065526 0.9135335 0.9118557 0.9331087 0.8781825 0.0188798 0.0125204 0.0000000 0.0125870 0.0062353 0.2805925 0.2839247 0.2852314 
Treg.6641  0.9244065 0.9244065 0.9293291 0.0384888 0.0189372 0.0189118 0.0255673 0.2977240 0.2807733 0.2977240 0.2888652 0.2882495 0.2882495 0.2981727 0.2889054 0.9347055 0.9030312 0.9030312 1.0627434 0.8798832 0.9008583 0.9381869 0.9381869 0.9366796 0.9207301 0.9543236 0.9194543 0.9008583 0.8797016 0.9083324 0.9101270 0.8921242 0.9136802 0.9207301 0.9190559 0.9403630 0.8853669 0.0321189 0.0255566 0.0125870 0.0000000 0.0062153 0.3036192 0.3065869 0.3080260 
Treg.6642  0.9310478 0.9310478 0.9359857 0.0317728 0.0125079 0.0124912 0.0321189 0.2868257 0.2700827 0.2868257 0.2780898 0.2775048 0.2775048 0.2872518 0.2781235 0.9414284 0.9096665 0.9096665 1.0705674 0.8863719 0.9074718 0.9449223 0.9449223 0.9433908 0.9274846 0.9613029 0.9262302 0.9074718 0.8861936 0.9149710 0.9168208 0.8986862 0.9203223 0.9274846 0.9258021 0.9473083 0.8918736 0.0254546 0.0189889 0.0062353 0.0062153 0.0000000 0.2924207 0.2955729 0.2969489 
Treg.10144 1.1065955 1.1065955 1.1118146 0.2818654 0.2718072 0.2961161 0.2888704 0.0378761 0.0251084 0.0378761 0.0314422 0.0443452 0.0443452 0.0444022 0.0314419 0.8789052 0.8764513 0.8764513 1.0369341 0.8512325 0.8743053 1.1226484 1.1226484 1.0939695 0.8941634 0.9687669 0.9025287 0.8743053 0.8510307 0.8818847 0.8813724 0.8634712 0.8873666 0.8941634 0.8943511 0.9212430 0.8588167 0.2779265 0.2703997 0.2805925 0.3036192 0.2924207 0.0000000 0.0443688 0.0445366 
Treg.4803  1.0024670 1.0024670 1.0075471 0.2851794 0.2752923 0.2992200 0.2920941 0.0061247 0.0185400 0.0061247 0.0122843 0.0122920 0.0122920 0.0123075 0.0123048 0.7885760 0.7848589 0.7848589 0.9417220 0.7617740 0.7829789 1.0173042 1.0173042 0.9898892 0.8012221 0.8698674 0.8086684 0.7829789 0.7615208 0.7903750 0.7895060 0.7731693 0.7958554 0.8012221 0.8012503 0.8259260 0.7687383 0.2813239 0.2739003 0.2839247 0.3065869 0.2955729 0.0443688 0.0000000 0.0123437 
Treg.13718 1.0066291 1.0066291 1.0117072 0.2864938 0.2765570 0.3006222 0.2934561 0.0061468 0.0186078 0.0061468 0.0123289 0.0123367 0.0123367 0.0123523 0.0123496 0.7922603 0.7885882 0.7885882 0.9458908 0.7654318 0.7866985 1.0214922 1.0214922 0.9940649 0.8050047 0.8738321 0.8124849 0.7866985 0.7651808 0.7941056 0.7932505 0.7768576 0.7995841 0.8050047 0.8050303 0.8297913 0.7724141 0.2826249 0.2751551 0.2852314 0.3080260 0.2969489 0.0445366 0.0123437 0.0000000 
