6
Mlig.29625 0.0000000 0.0052757 0.0079529 0.4567620 0.4567620 0.4655039 
Mlig.23186 0.0052757 0.0000000 0.0026450 0.4522591 0.4522591 0.4609698 
Mlig.23188 0.0079529 0.0026450 0.0000000 0.4586080 0.4586080 0.4673956 
Mlig.19837 0.4567620 0.4522591 0.4586080 0.0000000 0.0000010 0.0053667 
Mlig.23258 0.4567620 0.4522591 0.4586080 0.0000010 0.0000000 0.0053667 
Mlig.23260 0.4655039 0.4609698 0.4673956 0.0053667 0.0053667 0.0000000 
