6
Mlig.26677 0.0000000 0.0000010 0.0014945 0.2690037 0.2690037 0.2710183 
Mlig.26678 0.0000010 0.0000000 0.0014945 0.2690037 0.2690037 0.2710183 
Mlig.26679 0.0014945 0.0014945 0.0000000 0.2690242 0.2690242 0.2710389 
Mlig.44343 0.2690037 0.2690037 0.2690242 0.0000000 0.0000010 0.0015117 
Mlig.44345 0.2690037 0.2690037 0.2690242 0.0000010 0.0000000 0.0015117 
Mlig.44344 0.2710183 0.2710183 0.2710389 0.0015117 0.0015117 0.0000000 
