6
Mlig.16721 0.0000000 0.0079948 0.0000010 0.8489209 0.8477796 0.8458545 
Mlig.23825 0.0079948 0.0000000 0.0079948 0.8507527 0.8496181 0.8476905 
Mlig.32264 0.0000010 0.0079948 0.0000000 0.8489209 0.8477796 0.8458545 
Mlig.43840 0.8489209 0.8507527 0.8489209 0.0000000 0.0237507 0.0078554 
Mlig.21518 0.8477796 0.8496181 0.8477796 0.0237507 0.0000000 0.0157872 
Mlig.46033 0.8458545 0.8476905 0.8458545 0.0078554 0.0157872 0.0000000 
