6
Treg.6679  0.0000000 0.0098154 0.0296510 0.0296510 0.0400783 0.0400783 
Treg.7364  0.0098154 0.0000000 0.0398281 0.0398281 0.0300138 0.0300138 
Treg.4729  0.0296510 0.0398281 0.0000000 0.0000010 0.0711717 0.0711717 
Treg.10613 0.0296510 0.0398281 0.0000010 0.0000000 0.0711717 0.0711717 
Treg.7686  0.0400783 0.0300138 0.0711717 0.0711717 0.0000000 0.0000010 
Treg.13266 0.0400783 0.0300138 0.0711717 0.0711717 0.0000010 0.0000000 
