6
Mlig.21054 0.0000000 0.0000010 0.0089595 0.3088873 0.3088873 0.3087274 
Mlig.38340 0.0000010 0.0000000 0.0089595 0.3088873 0.3088873 0.3087274 
Mlig.46384 0.0089595 0.0089595 0.0000000 0.3051738 0.3051738 0.3050277 
Mlig.21469 0.3088873 0.3088873 0.3051738 0.0000000 0.0000010 0.0044418 
Mlig.1794  0.3088873 0.3088873 0.3051738 0.0000010 0.0000000 0.0044418 
Mlig.39118 0.3087274 0.3087274 0.3050277 0.0044418 0.0044418 0.0000000 
