6
Mlig.7985  0.0000000 0.0358152 0.0237626 0.7828232 0.7809353 0.7809353 
Mlig.7983  0.0358152 0.0000000 0.0117202 0.7936809 0.7924689 0.7924689 
Mlig.7984  0.0237626 0.0117202 0.0000000 0.7911162 0.7899133 0.7899133 
Mlig.28453 0.7828232 0.7936809 0.7911162 0.0000000 0.0360712 0.0360712 
Mlig.35030 0.7809353 0.7924689 0.7899133 0.0360712 0.0000000 0.0000010 
Mlig.35031 0.7809353 0.7924689 0.7899133 0.0360712 0.0000010 0.0000000 
