6
Smed.5501  0.0000000 0.4844550 0.4086131 0.1014953 0.1291039 0.1014953 
Smed.15605 0.4844550 0.0000000 0.0983842 0.3730700 0.4115096 0.3730700 
Smed.17072 0.4086131 0.0983842 0.0000000 0.3054585 0.3405540 0.3054585 
Smed.25527 0.1014953 0.3730700 0.3054585 0.0000000 0.0243348 0.0000010 
Smed.18517 0.1291039 0.4115096 0.3405540 0.0243348 0.0000000 0.0243348 
Smed.25406 0.1014953 0.3730700 0.3054585 0.0000010 0.0243348 0.0000000 
