6
Mcor.8979  0.0000000 0.5509769 0.6995728 0.6520170 0.5800220 0.5443366 
Mcor.12610 0.5509769 0.0000000 0.4599073 0.5215952 0.4504638 0.4068649 
Mcor.3687  0.6995728 0.4599073 0.0000000 0.6725823 0.5384584 0.4685664 
Mcor.2904  0.6520170 0.5215952 0.6725823 0.0000000 0.4064615 0.5165391 
Mcor.2809  0.5800220 0.4504638 0.5384584 0.4064615 0.0000000 0.3527833 
Mcor.9008  0.5443366 0.4068649 0.4685664 0.5165391 0.3527833 0.0000000 
