7
Mlig.21231 0.0000000 0.0114925 0.0114925 0.0114905 0.6861200 0.6792525 0.6792525 
Mlig.32038 0.0114925 0.0000000 0.0000010 0.0038296 0.6959881 0.6890699 0.6890699 
Mlig.32039 0.0114925 0.0000010 0.0000000 0.0038296 0.6959881 0.6890699 0.6890699 
Mlig.21230 0.0114905 0.0038296 0.0038296 0.0000000 0.6900310 0.6831474 0.6831474 
Mlig.19011 0.6861200 0.6959881 0.6959881 0.6900310 0.0000000 0.0056777 0.0056777 
Mlig.19010 0.6792525 0.6890699 0.6890699 0.6831474 0.0056777 0.0000000 0.0000010 
Mlig.19012 0.6792525 0.6890699 0.6890699 0.6831474 0.0056777 0.0000010 0.0000000 
