6
Mlig.25651 0.0000000 0.0045211 0.0000010 0.2430295 0.2417653 0.2418281 
Mlig.2316  0.0045211 0.0000000 0.0045211 0.2456049 0.2443412 0.2444048 
Mlig.48743 0.0000010 0.0045211 0.0000000 0.2430295 0.2417653 0.2418281 
Mlig.35861 0.2430295 0.2456049 0.2430295 0.0000000 0.0044994 0.0045002 
Mlig.33500 0.2417653 0.2443412 0.2417653 0.0044994 0.0000000 0.0022485 
Mlig.35862 0.2418281 0.2444048 0.2418281 0.0045002 0.0022485 0.0000000 
