6
Mlig.6816  0.0000000 0.0166550 0.0233709 0.5920217 0.5920217 0.5920217 
Mlig.32024 0.0166550 0.0000000 0.0066297 0.5955874 0.5955874 0.5955874 
Mlig.32025 0.0233709 0.0066297 0.0000000 0.5963163 0.5963163 0.5963163 
Mlig.14971 0.5920217 0.5955874 0.5963163 0.0000000 0.0000010 0.0000010 
Mlig.14972 0.5920217 0.5955874 0.5963163 0.0000010 0.0000000 0.0000010 
Mlig.14973 0.5920217 0.5955874 0.5963163 0.0000010 0.0000010 0.0000000 
