32
Treg.5036  0.0000000 0.0069751 0.0522108 0.0259767 0.7036755 0.5545799 0.5750662 0.5702250 0.5673681 0.0236047 0.0069751 0.4926425 0.4966701 0.5013873 0.4973481 0.5054749 0.4983063 0.5179559 0.5039010 0.4954518 0.4954518 0.4954518 0.5080226 0.4972208 0.5155006 0.4810430 0.7202580 0.7108671 0.7245067 0.7081094 0.7031310 0.6976910 
Treg.7004  0.0069751 0.0000000 0.0442717 0.0186917 0.6818019 0.5458927 0.5660797 0.5612877 0.5584929 0.0163479 0.0000010 0.4754698 0.4794322 0.4840490 0.4800752 0.4984486 0.4813065 0.5107937 0.4867531 0.4785405 0.4785405 0.4785405 0.5009840 0.4903221 0.5084152 0.4647597 0.6978343 0.6888238 0.7020623 0.6861555 0.6813978 0.6760772 
Treg.5525  0.0522108 0.0442717 0.0000000 0.0367437 0.7557014 0.5766424 0.5980604 0.5930568 0.5900222 0.0366957 0.0442717 0.5210935 0.5252723 0.5302092 0.5260175 0.5527078 0.5345771 0.5658948 0.5405016 0.5315286 0.5315286 0.5315286 0.5552918 0.5437082 0.5629418 0.5054474 0.7736662 0.7633372 0.7779655 0.7607250 0.7547757 0.7490303 
Treg.5956  0.0259767 0.0186917 0.0367437 0.0000000 0.6997583 0.5377606 0.5578840 0.5530868 0.5503206 0.0140042 0.0186917 0.4762377 0.4802126 0.4848446 0.4808587 0.4884170 0.4714356 0.5006672 0.4768241 0.4687073 0.4687073 0.4687073 0.4909562 0.4804093 0.5033035 0.4706594 0.7162242 0.7069122 0.7204642 0.7067059 0.6992402 0.6938262 
Treg.3381  0.7036755 0.6818019 0.7557014 0.6997583 0.0000000 0.6803318 0.6796168 0.6851658 0.6895806 0.7014700 0.6818019 0.6915698 0.6960739 0.7016468 0.6971293 0.7746723 0.7519540 0.8089017 0.7455653 0.7299967 0.7299967 0.7299967 0.7826657 0.7802761 0.8041670 0.6322114 0.0338566 0.0383129 0.0289806 0.0069535 0.0140296 0.0116717 
Treg.6978  0.5545799 0.5458927 0.5766424 0.5377606 0.6803318 0.0000000 0.0354190 0.0329919 0.0301849 0.5325963 0.5458927 0.5764213 0.5806279 0.5856778 0.5814576 0.6801513 0.6668927 0.6935582 0.6719301 0.6624641 0.6624641 0.6624641 0.6804750 0.6735095 0.6843815 0.4790589 0.6980403 0.7108385 0.7077377 0.6784993 0.6894101 0.6840272 
Treg.9867  0.5750662 0.5660797 0.5980604 0.5578840 0.6796168 0.0354190 0.0000000 0.0022525 0.0091715 0.5524755 0.5660797 0.5699388 0.5741416 0.5791763 0.5749611 0.6508917 0.6380319 0.6744912 0.6428713 0.6337439 0.6337439 0.6337439 0.6511869 0.6445732 0.6575405 0.4860570 0.6907102 0.7035437 0.7004382 0.6777714 0.6887656 0.6833410 
Treg.8482  0.5702250 0.5612877 0.5930568 0.5530868 0.6851658 0.0329919 0.0022525 0.0000000 0.0068654 0.5477233 0.5612877 0.5749611 0.5791763 0.5842331 0.5800054 0.6561475 0.6432341 0.6799012 0.6481020 0.6389283 0.6389283 0.6389283 0.6564472 0.6497809 0.6628152 0.4905647 0.6963591 0.7092561 0.7061324 0.6833053 0.6943533 0.6889052 
Treg.8484  0.5673681 0.5584929 0.5900222 0.5503206 0.6895806 0.0301849 0.0091715 0.0068654 0.0000000 0.5450041 0.5584929 0.5606697 0.5648425 0.5698281 0.5656430 0.6635499 0.6505385 0.6753763 0.6554551 0.6461991 0.6461991 0.6461991 0.6638565 0.6571036 0.6702562 0.4743440 0.7008018 0.7136911 0.7105669 0.6877167 0.6987569 0.6933147 
Treg.7190  0.0236047 0.0163479 0.0366957 0.0140042 0.7014700 0.5325963 0.5524755 0.5477233 0.5450041 0.0000000 0.0163479 0.4773198 0.4812893 0.4859168 0.4819360 0.4955425 0.4784325 0.5078675 0.4838674 0.4756746 0.4756746 0.4756746 0.4980807 0.4874442 0.5104823 0.4661696 0.7179448 0.7086220 0.7221784 0.7062304 0.7009418 0.6955306 
Treg.9848  0.0069751 0.0000010 0.0442717 0.0186917 0.6818019 0.5458927 0.5660797 0.5612877 0.5584929 0.0163479 0.0000000 0.4754698 0.4794322 0.4840490 0.4800752 0.4984486 0.4813065 0.5107937 0.4867531 0.4785405 0.4785405 0.4785405 0.5009840 0.4903221 0.5084152 0.4647597 0.6978343 0.6888238 0.7020623 0.6861555 0.6813978 0.6760772 
Treg.3191  0.4926425 0.4754698 0.5210935 0.4762377 0.6915698 0.5764213 0.5699388 0.5749611 0.5606697 0.4773198 0.4754698 0.0000000 0.0022274 0.0044645 0.0022288 0.4218567 0.4075375 0.4413579 0.4033073 0.3990612 0.3990612 0.3990612 0.4246362 0.4216525 0.4328756 0.5669939 0.7170776 0.6939396 0.7085716 0.6994874 0.6949227 0.6895395 
Treg.4566  0.4966701 0.4794322 0.5252723 0.4802126 0.6960739 0.5806279 0.5741416 0.5791763 0.5648425 0.4812893 0.4794322 0.0022274 0.0000000 0.0022280 0.0044645 0.4255372 0.4111799 0.4451068 0.4069361 0.4026929 0.4026929 0.4026929 0.4283168 0.4253364 0.4365768 0.5711943 0.7216623 0.6984654 0.7131306 0.7040125 0.6994112 0.6940146 
Treg.4024  0.5013873 0.4840490 0.5302092 0.4848446 0.7016468 0.5856778 0.5791763 0.5842331 0.5698281 0.4859168 0.4840490 0.0044645 0.0022280 0.0000000 0.0022278 0.4214715 0.4071698 0.4409466 0.4029451 0.3987026 0.3987026 0.3987026 0.4242483 0.4212671 0.4324776 0.5762223 0.7273703 0.7040675 0.7187950 0.7096224 0.7049689 0.6995483 
Treg.6830  0.4973481 0.4800752 0.5260175 0.4808587 0.6971293 0.5814576 0.5749611 0.5800054 0.5656430 0.4819360 0.4800752 0.0022288 0.0044645 0.0022278 0.0000000 0.4178000 0.4035363 0.4372070 0.3993251 0.3950795 0.3950795 0.3950795 0.4205767 0.4175921 0.4287857 0.5720093 0.7227719 0.6995288 0.7142224 0.7050838 0.7004673 0.6950602 
Treg.14164 0.5054749 0.4984486 0.5527078 0.4884170 0.7746723 0.6801513 0.6508917 0.6561475 0.6635499 0.4955425 0.4984486 0.4218567 0.4255372 0.4214715 0.4178000 0.0000000 0.0229560 0.0271450 0.0253392 0.0397135 0.0397135 0.0397135 0.0045402 0.0045456 0.0183026 0.6153123 0.8225402 0.8047650 0.8220233 0.7820021 0.7792370 0.7735295 
Treg.7098  0.4983063 0.4813065 0.5345771 0.4714356 0.7519540 0.6668927 0.6380319 0.6432341 0.6505385 0.4784325 0.4813065 0.4075375 0.4111799 0.4071698 0.4035363 0.0229560 0.0000000 0.0422866 0.0022631 0.0160654 0.0160654 0.0160654 0.0277062 0.0229572 0.0371888 0.5801882 0.7894199 0.7830039 0.7889113 0.7591079 0.7565693 0.7509611 
Treg.2947  0.5179559 0.5107937 0.5658948 0.5006672 0.8089017 0.6935582 0.6744912 0.6799012 0.6753763 0.5078675 0.5107937 0.4413579 0.4451068 0.4409466 0.4372070 0.0271450 0.0422866 0.0000000 0.0447955 0.0597938 0.0597938 0.0597938 0.0320806 0.0222228 0.0466987 0.6347043 0.8483077 0.8301643 0.8477787 0.8165305 0.8134028 0.8075193 
Treg.10090 0.5039010 0.4867531 0.5405016 0.4768241 0.7455653 0.6719301 0.6428713 0.6481020 0.6554551 0.4838674 0.4867531 0.4033073 0.4069361 0.4029451 0.3993251 0.0253392 0.0022631 0.0447955 0.0000000 0.0137443 0.0137443 0.0137443 0.0301196 0.0253405 0.0396518 0.5855960 0.7827650 0.7763807 0.7822580 0.7526570 0.7501859 0.7446155 
Treg.5811  0.4954518 0.4785405 0.5315286 0.4687073 0.7299967 0.6624641 0.6337439 0.6389283 0.6461991 0.4756746 0.4785405 0.3990612 0.4026929 0.3987026 0.3950795 0.0397135 0.0160654 0.0597938 0.0137443 0.0000000 0.0000010 0.0000010 0.0446418 0.0397150 0.0544058 0.5675853 0.7665906 0.7602751 0.7660865 0.7369448 0.7346333 0.7291487 
Treg.2681  0.4954518 0.4785405 0.5315286 0.4687073 0.7299967 0.6624641 0.6337439 0.6389283 0.6461991 0.4756746 0.4785405 0.3990612 0.4026929 0.3987026 0.3950795 0.0397135 0.0160654 0.0597938 0.0137443 0.0000010 0.0000000 0.0000010 0.0446418 0.0397150 0.0544058 0.5675853 0.7665906 0.7602751 0.7660865 0.7369448 0.7346333 0.7291487 
Treg.4236  0.4954518 0.4785405 0.5315286 0.4687073 0.7299967 0.6624641 0.6337439 0.6389283 0.6461991 0.4756746 0.4785405 0.3990612 0.4026929 0.3987026 0.3950795 0.0397135 0.0160654 0.0597938 0.0137443 0.0000010 0.0000010 0.0000000 0.0446418 0.0397150 0.0544058 0.5675853 0.7665906 0.7602751 0.7660865 0.7369448 0.7346333 0.7291487 
Treg.1440  0.5080226 0.5009840 0.5552918 0.4909562 0.7826657 0.6804750 0.6511869 0.6564472 0.6638565 0.4980807 0.5009840 0.4246362 0.4283168 0.4242483 0.4205767 0.0045402 0.0277062 0.0320806 0.0301196 0.0446418 0.0446418 0.0446418 0.0000000 0.0091436 0.0183158 0.6103037 0.8309399 0.8154029 0.8304191 0.7900731 0.7872213 0.7814667 
Treg.7115  0.4972208 0.4903221 0.5437082 0.4804093 0.7802761 0.6735095 0.6445732 0.6497809 0.6571036 0.4874442 0.4903221 0.4216525 0.4253364 0.4212671 0.4175921 0.0045456 0.0229572 0.0222228 0.0253405 0.0397150 0.0397150 0.0397150 0.0091436 0.0000000 0.0230392 0.6153693 0.8186007 0.8008893 0.8180857 0.7876462 0.7848259 0.7790962 
Treg.7008  0.5155006 0.5084152 0.5629418 0.5033035 0.8041670 0.6843815 0.6575405 0.6628152 0.6702562 0.5104823 0.5084152 0.4328756 0.4365768 0.4324776 0.4287857 0.0183026 0.0371888 0.0466987 0.0396518 0.0544058 0.0544058 0.0544058 0.0183158 0.0230392 0.0000000 0.6276098 0.8534819 0.8352606 0.8529504 0.8117741 0.8086890 0.8028150 
Treg.7395  0.4810430 0.4647597 0.5054474 0.4706594 0.6322114 0.4790589 0.4860570 0.4905647 0.4743440 0.4661696 0.4647597 0.5669939 0.5711943 0.5762223 0.5720093 0.6153123 0.5801882 0.6347043 0.5855960 0.5675853 0.5675853 0.5675853 0.6103037 0.6153693 0.6276098 0.0000000 0.6567344 0.6503181 0.6485006 0.6305841 0.6353224 0.6304032 
Treg.5524  0.7202580 0.6978343 0.7736662 0.7162242 0.0338566 0.6980403 0.6907102 0.6963591 0.7008018 0.7179448 0.6978343 0.7170776 0.7216623 0.7273703 0.7227719 0.8225402 0.7894199 0.8483077 0.7827650 0.7665906 0.7665906 0.7665906 0.8309399 0.8186007 0.8534819 0.6567344 0.0000000 0.0307780 0.0045742 0.0363469 0.0387838 0.0363018 
Treg.1940  0.7108671 0.6888238 0.7633372 0.7069122 0.0383129 0.7108385 0.7035437 0.7092561 0.7136911 0.7086220 0.6888238 0.6939396 0.6984654 0.7040675 0.6995288 0.8047650 0.7830039 0.8301643 0.7763807 0.7602751 0.7602751 0.7602751 0.8154029 0.8008893 0.8352606 0.6503181 0.0307780 0.0000000 0.0259987 0.0407955 0.0432179 0.0407450 
Treg.4357  0.7245067 0.7020623 0.7779655 0.7204642 0.0289806 0.7077377 0.7004382 0.7061324 0.7105669 0.7221784 0.7020623 0.7085716 0.7131306 0.7187950 0.7142224 0.8220233 0.7889113 0.8477787 0.7822580 0.7660865 0.7660865 0.7660865 0.8304191 0.8180857 0.8529504 0.6485006 0.0045742 0.0259987 0.0000000 0.0314573 0.0338892 0.0314185 
Treg.14217 0.7081094 0.6861555 0.7607250 0.7067059 0.0069535 0.6784993 0.6777714 0.6833053 0.6877167 0.7062304 0.6861555 0.6994874 0.7040125 0.7096224 0.7050838 0.7820021 0.7591079 0.8165305 0.7526570 0.7369448 0.7369448 0.7369448 0.7900731 0.7876462 0.8117741 0.6305841 0.0363469 0.0407955 0.0314573 0.0000000 0.0164008 0.0140341 
Treg.6788  0.7031310 0.6813978 0.7547757 0.6992402 0.0140296 0.6894101 0.6887656 0.6943533 0.6987569 0.7009418 0.6813978 0.6949227 0.6994112 0.7049689 0.7004673 0.7792370 0.7565693 0.8134028 0.7501859 0.7346333 0.7346333 0.7346333 0.7872213 0.7848259 0.8086890 0.6353224 0.0387838 0.0432179 0.0338892 0.0164008 0.0000000 0.0023004 
Treg.10710 0.6976910 0.6760772 0.7490303 0.6938262 0.0116717 0.6840272 0.6833410 0.6889052 0.6933147 0.6955306 0.6760772 0.6895395 0.6940146 0.6995483 0.6950602 0.7735295 0.7509611 0.8075193 0.7446155 0.7291487 0.7291487 0.7291487 0.7814667 0.7790962 0.8028150 0.6304032 0.0363018 0.0407450 0.0314185 0.0140341 0.0023004 0.0000000 
