8
Mlig.6032  0.0000000 0.0460459 0.7332267 0.4817210 0.5253663 0.5121224 0.5158157 0.5691870 
Mlig.6033  0.0460459 0.0000000 0.8864180 0.5987305 0.6483599 0.6329659 0.6373214 0.7043258 
Mlig.21376 0.7332267 0.8864180 0.0000000 0.6765782 0.6714969 0.6557697 0.6666796 0.5847912 
Mlig.4581  0.4817210 0.5987305 0.6765782 0.0000000 0.2879406 0.2783078 0.2801136 0.3980202 
Mlig.5513  0.5253663 0.6483599 0.6714969 0.2879406 0.0000000 0.0054369 0.0090915 0.2683510 
Mlig.6905  0.5121224 0.6329659 0.6557697 0.2783078 0.0054369 0.0000000 0.0072955 0.2637956 
Mlig.6904  0.5158157 0.6373214 0.6666796 0.2801136 0.0090915 0.0072955 0.0000000 0.2650677 
Mlig.29124 0.5691870 0.7043258 0.5847912 0.3980202 0.2683510 0.2637956 0.2650677 0.0000000 
