11
Mlig.2298  0.0000000 0.0097635 1.2120858 1.0208461 1.0208461 1.2734090 0.0293779 1.0858364 1.0290531 1.0344337 1.0350251 
Mlig.14092 0.0097635 0.0000000 1.1916778 1.0061166 1.0061166 1.2642766 0.0402579 1.0612899 1.0142079 1.0195705 1.0201023 
Mlig.3327  1.2120858 1.1916778 0.0000000 1.1334901 1.1334901 1.3181231 1.2563508 1.2031334 1.1399597 1.1329693 1.1499362 
Mlig.26059 1.0208461 1.0061166 1.1334901 0.0000000 0.0000010 1.5129412 1.0184192 0.9782783 0.0072599 0.0121766 0.0097139 
Mlig.40536 1.0208461 1.0061166 1.1334901 0.0000010 0.0000000 1.5129412 1.0184192 0.9782783 0.0072599 0.0121766 0.0097139 
Mlig.47132 1.2734090 1.2642766 1.3181231 1.5129412 1.5129412 0.0000000 1.2208445 1.3895060 1.5282984 1.5112149 1.5236419 
Mlig.2295  0.0293779 0.0402579 1.2563508 1.0184192 1.0184192 1.2208445 0.0000000 1.0564205 1.0203551 1.0257405 1.0326168 
Mlig.48496 1.0858364 1.0612899 1.2031334 0.9782783 0.9782783 1.3895060 1.0564205 0.0000000 0.9787226 0.9805189 0.9847676 
Mlig.40547 1.0290531 1.0142079 1.1399597 0.0072599 0.0072599 1.5282984 1.0203551 0.9787226 0.0000000 0.0048354 0.0072527 
Mlig.40540 1.0344337 1.0195705 1.1329693 0.0121766 0.0121766 1.5112149 1.0257405 0.9805189 0.0048354 0.0000000 0.0121646 
Mlig.40545 1.0350251 1.0201023 1.1499362 0.0097139 0.0097139 1.5236419 1.0326168 0.9847676 0.0072527 0.0121646 0.0000000 
