6
Mlig.16408 0.0000000 0.0088981 0.0088981 0.4869114 0.4687382 0.4687382 
Mlig.16409 0.0088981 0.0000000 0.0000010 0.4786943 0.4607953 0.4607953 
Mlig.16410 0.0088981 0.0000010 0.0000000 0.4786943 0.4607953 0.4607953 
Mlig.20069 0.4869114 0.4786943 0.4786943 0.0000000 0.0088366 0.0088366 
Mlig.32463 0.4687382 0.4607953 0.4607953 0.0088366 0.0000000 0.0000010 
Mlig.36947 0.4687382 0.4607953 0.4607953 0.0088366 0.0000010 0.0000000 
