7
Sman.9819  0.0000000 0.1556631 0.2963289 0.1757504 0.3290318 0.1429546 0.1709002 
Sman.9780  0.1556631 0.0000000 0.3918105 0.1962616 0.4140338 0.1943330 0.2399682 
Sman.9743  0.2963289 0.3918105 0.0000000 0.3860884 0.2466705 0.2391952 0.2776816 
Sman.9724  0.1757504 0.1962616 0.3860884 0.0000000 0.4037696 0.2501893 0.2089717 
Sman.9744  0.3290318 0.4140338 0.2466705 0.4037696 0.0000000 0.2622864 0.2763675 
Sman.9745  0.1429546 0.1943330 0.2391952 0.2501893 0.2622864 0.0000000 0.1536614 
Sman.9818  0.1709002 0.2399682 0.2776816 0.2089717 0.2763675 0.1536614 0.0000000 
