8
Mlig.28502 0.0000000 0.0000010 0.0000010 0.7184179 0.7184179 0.7193700 0.8263481 0.8303004 
Mlig.28503 0.0000010 0.0000000 0.0000010 0.7184179 0.7184179 0.7193700 0.8263481 0.8303004 
Mlig.28504 0.0000010 0.0000010 0.0000000 0.7184179 0.7184179 0.7193700 0.8263481 0.8303004 
Mlig.8672  0.7184179 0.7184179 0.7184179 0.0000000 0.0000010 0.0035514 0.5164331 0.5086361 
Mlig.8673  0.7184179 0.7184179 0.7184179 0.0000010 0.0000000 0.0035514 0.5164331 0.5086361 
Mlig.8674  0.7193700 0.7193700 0.7193700 0.0035514 0.0035514 0.0000000 0.5114248 0.5036615 
Mlig.10670 0.8263481 0.8263481 0.8263481 0.5164331 0.5164331 0.5114248 0.0000000 0.0109552 
Mlig.25374 0.8303004 0.8303004 0.8303004 0.5086361 0.5086361 0.5036615 0.0109552 0.0000000 
