6
Mcor.11774 0.0000000 1.0086734 0.9423930 1.1405236 0.9203753 0.8783307 
Mcor.9162  1.0086734 0.0000000 0.6205788 0.5153896 0.6629701 0.6877209 
Mcor.11065 0.9423930 0.6205788 0.0000000 0.5367486 0.1149312 0.1402143 
Mcor.9164  1.1405236 0.5153896 0.5367486 0.0000000 0.5584615 0.5531179 
Mcor.8797  0.9203753 0.6629701 0.1149312 0.5584615 0.0000000 0.0524206 
Mcor.12036 0.8783307 0.6877209 0.1402143 0.5531179 0.0524206 0.0000000 
