6
Mlig.21622 0.0000000 0.0130799 0.0346637 0.3350910 0.3350910 0.0703641 
Mlig.13870 0.0130799 0.0000000 0.0291830 0.3379486 0.3379486 0.0787834 
Mlig.13871 0.0346637 0.0291830 0.0000000 0.3592342 0.3592342 0.0996601 
Mlig.39436 0.3350910 0.3379486 0.3592342 0.0000000 0.0000010 0.3509217 
Mlig.39437 0.3350910 0.3379486 0.3592342 0.0000010 0.0000000 0.3509217 
Mlig.47681 0.0703641 0.0787834 0.0996601 0.3509217 0.3509217 0.0000000 
