12
Mlig.39155 0.0000000 0.9691083 0.9789083 0.9784680 1.0000510 0.9549505 0.9491522 0.0000010 0.5766761 0.0059354 0.5867866 0.5766761 
Mlig.33978 0.9691083 0.0000000 0.5770627 0.0550009 0.0493562 0.0255278 0.0337833 0.9691083 0.8080973 0.9719728 0.8087524 0.8080973 
Mlig.25733 0.9789083 0.5770627 0.0000000 0.5375268 0.5651660 0.5409686 0.5318686 0.9789083 0.8499878 0.9797952 0.8468974 0.8499878 
Mlig.38727 0.9784680 0.0550009 0.5375268 0.0000000 0.0380463 0.0415045 0.0353954 0.9784680 0.7933241 0.9899505 0.7939610 0.7933241 
Mlig.42068 1.0000510 0.0493562 0.5651660 0.0380463 0.0000000 0.0358308 0.0297180 1.0000510 0.7927753 1.0050971 0.7934119 0.7927753 
Mlig.29875 0.9549505 0.0255278 0.5409686 0.0415045 0.0358308 0.0000000 0.0173918 0.9549505 0.7818065 0.9662197 0.7824316 0.7818065 
Mlig.31386 0.9491522 0.0337833 0.5318686 0.0353954 0.0297180 0.0173918 0.0000000 0.9491522 0.7828596 0.9603687 0.7834852 0.7828596 
Mlig.39157 0.0000010 0.9691083 0.9789083 0.9784680 1.0000510 0.9549505 0.9491522 0.0000000 0.5766761 0.0059354 0.5867866 0.5766761 
Mlig.31609 0.5766761 0.8080973 0.8499878 0.7933241 0.7927753 0.7818065 0.7828596 0.5766761 0.0000000 0.5653304 0.0059071 0.0000010 
Mlig.39154 0.0059354 0.9719728 0.9797952 0.9899505 1.0050971 0.9662197 0.9603687 0.0059354 0.5653304 0.0000000 0.5753248 0.5653304 
Mlig.31607 0.5867866 0.8087524 0.8468974 0.7939610 0.7934119 0.7824316 0.7834852 0.5867866 0.0059071 0.5753248 0.0000000 0.0059071 
Mlig.31608 0.5766761 0.8080973 0.8499878 0.7933241 0.7927753 0.7818065 0.7828596 0.5766761 0.0000010 0.5653304 0.0059071 0.0000000 
