11
Mlig.21325 0.0000000 0.0050562 0.8415579 0.8613846 0.8068334 1.6103170 1.2198245 1.2194746 1.2224776 1.6016483 1.6016483 
Mlig.26877 0.0050562 0.0000000 0.8425458 0.8624403 0.8077519 1.6219436 1.2219238 1.2215721 1.2245829 1.6133136 1.6133136 
Mlig.19089 0.8415579 0.8425458 0.0000000 0.0996614 0.0506339 1.5060656 0.9840821 0.9838566 0.9911476 1.4996892 1.4996892 
Mlig.7713  0.8613846 0.8624403 0.0996614 0.0000000 0.0780827 1.5130843 1.0040544 1.0038175 1.0115642 1.5067103 1.5067103 
Mlig.19088 0.8068334 0.8077519 0.0506339 0.0780827 0.0000000 1.4929758 0.9840263 0.9838016 1.0005565 1.4865891 1.4865891 
Mlig.16969 1.6103170 1.6219436 1.5060656 1.5130843 1.4929758 0.0000000 0.9393020 0.9390976 0.9361929 0.0105297 0.0105297 
Mlig.33051 1.2198245 1.2219238 0.9840821 1.0040544 0.9840263 0.9393020 0.0000000 0.0051162 0.0102517 0.9345358 0.9345358 
Mlig.33052 1.2194746 1.2215721 0.9838566 1.0038175 0.9838016 0.9390976 0.0051162 0.0000000 0.0154354 0.9343335 0.9343335 
Mlig.33050 1.2224776 1.2245829 0.9911476 1.0115642 1.0005565 0.9361929 0.0102517 0.0154354 0.0000000 0.9314531 0.9314531 
Mlig.16243 1.6016483 1.6133136 1.4996892 1.5067103 1.4865891 0.0105297 0.9345358 0.9343335 0.9314531 0.0000000 0.0000010 
Mlig.42793 1.6016483 1.6133136 1.4996892 1.5067103 1.4865891 0.0105297 0.9345358 0.9343335 0.9314531 0.0000010 0.0000000 
