9
Mlig.38538 0.0000000 0.0000010 0.0020080 0.4924124 0.4924124 0.4951898 0.0940014 0.0756631 0.0778750 
Mlig.39945 0.0000010 0.0000000 0.0020080 0.4924124 0.4924124 0.4951898 0.0940014 0.0756631 0.0778750 
Mlig.39946 0.0020080 0.0020080 0.0000000 0.4926311 0.4926311 0.4954102 0.0961917 0.0778084 0.0800245 
Mlig.40730 0.4924124 0.4924124 0.4926311 0.0000000 0.0000010 0.0040412 0.5153753 0.4904759 0.4937899 
Mlig.40735 0.4924124 0.4924124 0.4926311 0.0000010 0.0000000 0.0040412 0.5153753 0.4904759 0.4937899 
Mlig.40734 0.4951898 0.4951898 0.4954102 0.0040412 0.0040412 0.0000000 0.5181892 0.4932417 0.4965592 
Mlig.16925 0.0940014 0.0940014 0.0961917 0.5153753 0.5153753 0.5181892 0.0000000 0.0184532 0.0205332 
Mlig.19443 0.0756631 0.0756631 0.0778084 0.4904759 0.4904759 0.4932417 0.0184532 0.0000000 0.0020201 
Mlig.39844 0.0778750 0.0778750 0.0800245 0.4937899 0.4937899 0.4965592 0.0205332 0.0020201 0.0000000 
