83
Smed.13950 0.0000000 0.0221116 0.3767315 0.3506735 0.3485301 0.1405930 0.0221116 0.1704899 0.1962825 0.1175691 0.1741441 0.1710288 0.1192100 0.1186927 0.1427551 0.1559679 0.0687825 0.0699630 0.0916859 0.0446624 0.0446624 0.1701996 0.0454020 0.0454020 0.0221608 0.1427551 0.1353580 0.0821284 0.1093921 0.1388180 0.0671757 0.0686438 0.0453275 0.0451500 0.0451500 0.1405930 0.0682994 0.0768811 0.0682994 0.1095714 0.1703927 0.0446624 0.0671687 0.1822393 0.0447172 0.0932488 0.1977664 0.0446624 0.3493977 0.3797558 0.3493977 0.3157740 0.3313074 0.3562398 0.3971153 0.3506735 0.3027630 0.3157740 0.3365275 0.3319235 0.0955025 0.1174076 0.0927945 0.0671757 0.0898091 0.0768811 0.0443472 0.0686525 0.1188606 0.1707652 0.1095714 0.0444299 0.0683172 0.1673278 0.0699630 0.0454020 0.0690128 0.0687825 0.1188606 0.2225449 0.1413713 0.0932488 0.0000010 
Smed.20405 0.0221116 0.0000000 0.4159414 0.3895008 0.3533678 0.1679522 0.0000010 0.1995782 0.1676232 0.0918465 0.1454777 0.1429986 0.0930826 0.0926885 0.1161037 0.1413198 0.0447434 0.0454856 0.0671854 0.0218034 0.0218034 0.1423018 0.0221523 0.0221523 0.0454020 0.1161037 0.1076208 0.1093921 0.0820812 0.1182770 0.0437423 0.0446716 0.0221246 0.0220357 0.0220357 0.1679522 0.0444506 0.0676390 0.0444506 0.0921834 0.1425375 0.0218034 0.0437314 0.1662567 0.0686525 0.0682945 0.2279541 0.0218034 0.3881900 0.4190412 0.3881900 0.3544568 0.3698254 0.3956596 0.4374000 0.3895008 0.3408773 0.3544568 0.3410688 0.2969474 0.1222631 0.0916018 0.1187166 0.0437423 0.0658213 0.0676390 0.0216646 0.0446976 0.0927663 0.1429269 0.0921834 0.0216891 0.0444626 0.1958201 0.0454856 0.0221523 0.0943051 0.0447434 0.0927663 0.2555941 0.1203366 0.0682945 0.0221116 
Smed.20437 0.3767315 0.4159414 0.0000000 0.0410831 0.3023966 0.2807684 0.4159414 0.2680445 0.3535159 0.4565850 0.5342983 0.3917933 0.4650408 0.4626123 0.3517247 0.3737192 0.4212626 0.5022355 0.3477688 0.4483670 0.4483670 0.3900889 0.4581024 0.4581024 0.4171091 0.3517247 0.4868440 0.4816066 0.5244530 0.4981475 0.4187032 0.4873170 0.4543554 0.4557134 0.4557134 0.2807684 0.4278556 0.4516336 0.4278556 0.4665373 0.3888549 0.3803052 0.4101647 0.3383751 0.3385781 0.4234961 0.3506487 0.3803052 0.0204678 0.1059769 0.0204678 0.0844869 0.0855598 0.0638802 0.0842104 0.0410831 0.1073627 0.0844869 0.4617518 0.4571846 0.4648107 0.4171666 0.4193110 0.4187032 0.4474401 0.4516336 0.3872523 0.4439716 0.3808173 0.5148451 0.4665373 0.4436582 0.4159414 0.3154025 0.5022355 0.4581024 0.4203912 0.4212626 0.3808173 0.4187388 0.5174709 0.4234961 0.3767315 
Smed.23388 0.3506735 0.3895008 0.0410831 0.0000000 0.3288321 0.2545317 0.3895008 0.2427156 0.3270005 0.4297010 0.5058561 0.3650020 0.4377094 0.4354021 0.3252934 0.3470249 0.3944485 0.4746825 0.3214091 0.4218987 0.4218987 0.3633371 0.4311470 0.4311470 0.3906061 0.3252934 0.4598512 0.4548714 0.4971598 0.4703735 0.3921988 0.4605819 0.4277071 0.4285605 0.4285605 0.2545317 0.4008699 0.4244153 0.4008699 0.4387174 0.3623468 0.3539521 0.3837529 0.3116021 0.3127378 0.3966507 0.3235839 0.3539521 0.0204678 0.0632794 0.0204678 0.0419507 0.0425176 0.0211328 0.0418849 0.0000010 0.0641394 0.0419507 0.4336460 0.4018219 0.4376605 0.3908531 0.3927749 0.3921988 0.4210205 0.4244153 0.4172452 0.4176369 0.3545922 0.4877059 0.4387174 0.4171908 0.3895008 0.2891047 0.4746825 0.4311470 0.3921838 0.3944485 0.3545922 0.3617392 0.4891090 0.3966507 0.3506735 
Smed.13106 0.3485301 0.3533678 0.3023966 0.3288321 0.0000000 0.3101224 0.3533678 0.3116849 0.3488488 0.3168958 0.4491862 0.3206031 0.3224260 0.3207984 0.2843656 0.3110191 0.3437969 0.3513706 0.3567012 0.3860696 0.3860696 0.3191343 0.3947434 0.3947434 0.3891610 0.2843656 0.3496510 0.3135670 0.3177806 0.4023073 0.3604523 0.4249196 0.3916777 0.3908617 0.3908617 0.3101224 0.2898621 0.3174455 0.2898621 0.3108667 0.3185620 0.3860696 0.4168589 0.3422987 0.3767176 0.2867243 0.3894280 0.3860696 0.3277066 0.4142275 0.3277066 0.3198870 0.2992738 0.3661443 0.3065724 0.3288321 0.3195569 0.3198870 0.3059179 0.3807210 0.5101939 0.3408018 0.3157705 0.3604523 0.3888621 0.3174455 0.3240229 0.3819656 0.3059744 0.4338603 0.3108667 0.3572973 0.4228098 0.3439010 0.3513706 0.3121969 0.4631156 0.3437969 0.3059744 0.4021725 0.3537495 0.2867243 0.3485301 
Smed.6315  0.1405930 0.1679522 0.2807684 0.2545317 0.3101224 0.0000000 0.1679522 0.0220006 0.0444160 0.1149651 0.1594087 0.0680789 0.1165429 0.1160453 0.0442092 0.0504880 0.1143050 0.1672029 0.0923016 0.1935130 0.1935130 0.0677381 0.1970943 0.1970943 0.1683566 0.0442092 0.1577886 0.1565559 0.1848458 0.1325425 0.1689656 0.2225119 0.1962825 0.1913211 0.1913211 0.0000010 0.1160320 0.1277226 0.1160320 0.1068830 0.0679437 0.1413783 0.1651321 0.0252615 0.0903182 0.0910725 0.0447238 0.1413783 0.2533793 0.3211839 0.2533793 0.2188702 0.2349881 0.2668005 0.2987848 0.2545317 0.2639570 0.2188702 0.3059103 0.2468925 0.2006328 0.1143429 0.0906393 0.1689656 0.1931795 0.1277226 0.1916212 0.1666195 0.0666557 0.1564581 0.1068830 0.1873384 0.1679522 0.0216241 0.1672029 0.1396587 0.1409156 0.1143050 0.0666557 0.1969660 0.1380818 0.0910725 0.1405930 
Smed.21131 0.0221116 0.0000010 0.4159414 0.3895008 0.3533678 0.1679522 0.0000000 0.1995782 0.1676232 0.0918465 0.1454777 0.1429986 0.0930826 0.0926885 0.1161037 0.1413198 0.0447434 0.0454856 0.0671854 0.0218034 0.0218034 0.1423018 0.0221523 0.0221523 0.0454020 0.1161037 0.1076208 0.1093921 0.0820812 0.1182770 0.0437423 0.0446716 0.0221246 0.0220357 0.0220357 0.1679522 0.0444506 0.0676390 0.0444506 0.0921834 0.1425375 0.0218034 0.0437314 0.1662567 0.0686525 0.0682945 0.2279541 0.0218034 0.3881900 0.4190412 0.3881900 0.3544568 0.3698254 0.3956596 0.4374000 0.3895008 0.3408773 0.3544568 0.3410688 0.2969474 0.1222631 0.0916018 0.1187166 0.0437423 0.0658213 0.0676390 0.0216646 0.0446976 0.0927663 0.1429269 0.0921834 0.0216891 0.0444626 0.1958201 0.0454856 0.0221523 0.0943051 0.0447434 0.0927663 0.2555941 0.1203366 0.0682945 0.0221116 
Smed.18855 0.1704899 0.1995782 0.2680445 0.2427156 0.3116849 0.0220006 0.1995782 0.0000000 0.0693079 0.1435476 0.1915873 0.0944772 0.1456239 0.1449770 0.0689748 0.0777059 0.1425527 0.1986477 0.1201849 0.2262787 0.2262787 0.0939969 0.2306269 0.2306269 0.2000755 0.0689748 0.1892100 0.1876425 0.2174775 0.1639619 0.2008603 0.2568851 0.2295343 0.2255500 0.2255500 0.0220006 0.1447901 0.1582725 0.1447901 0.1374730 0.0942432 0.1715431 0.1962046 0.0515731 0.1174564 0.1184796 0.0697961 0.1715431 0.2416296 0.3066744 0.2416296 0.2083608 0.2196510 0.2540657 0.2814873 0.2427156 0.2478280 0.2083608 0.3044448 0.2457084 0.2346540 0.1424736 0.1178510 0.2008603 0.2258692 0.1582725 0.2239543 0.1981247 0.0923798 0.1876319 0.1374730 0.2206413 0.1995782 0.0449620 0.1986477 0.1693088 0.1741274 0.1425527 0.0923798 0.2301680 0.1709068 0.1184796 0.1704899 
Smed.1742  0.1962825 0.1676232 0.3535159 0.3270005 0.3488488 0.0444160 0.1676232 0.0693079 0.0000000 0.1148483 0.1591106 0.0680652 0.1164196 0.1159240 0.0442185 0.0672898 0.1141913 0.1668790 0.0922434 0.1930505 0.1930505 0.0677250 0.1966030 0.1966030 0.2267142 0.0442185 0.1575035 0.2138503 0.1844262 0.1391288 0.1686295 0.1663781 0.1414782 0.1908489 0.1908489 0.0444160 0.1159114 0.1410580 0.1159114 0.1152986 0.0217449 0.1411679 0.1648209 0.0439975 0.1422006 0.0910178 0.0939008 0.1411679 0.3257210 0.3965308 0.3257210 0.2912250 0.3072744 0.3421513 0.3737039 0.3270005 0.3368369 0.2912250 0.3436424 0.2460659 0.2623736 0.1142294 0.1426323 0.1686295 0.1927198 0.1410580 0.1911740 0.1662977 0.0666442 0.1561807 0.1152986 0.1868983 0.1676232 0.0680633 0.1668790 0.1394577 0.2026552 0.1141913 0.0666442 0.1986249 0.1445255 0.0910178 0.1962825 
Smed.8695  0.1175691 0.0918465 0.4565850 0.4297010 0.3168958 0.1149651 0.0918465 0.1435476 0.1148483 0.0000000 0.1399318 0.0912466 0.0444743 0.0442945 0.0666510 0.0902034 0.0899495 0.0914645 0.0678922 0.1157517 0.1157517 0.0907966 0.1177734 0.1177734 0.1447971 0.0666510 0.1307857 0.1329033 0.1057675 0.1138268 0.0923113 0.1420250 0.1174424 0.1170429 0.1170429 0.1149651 0.0444254 0.0675655 0.0444254 0.0440576 0.0910324 0.1157517 0.1389833 0.1138396 0.1164659 0.0217442 0.1701438 0.1157517 0.4283711 0.5022287 0.4283711 0.3945581 0.4096794 0.4480652 0.4790657 0.4297010 0.4399341 0.3945581 0.3213740 0.2680558 0.2320201 0.1377349 0.0681563 0.0923113 0.1155751 0.0675655 0.1147576 0.0909234 0.0892910 0.1376010 0.0440576 0.1069560 0.1413510 0.1408996 0.0914645 0.0669155 0.1776059 0.0899495 0.0892910 0.2801317 0.0691225 0.0217442 0.1175691 
Smed.11346 0.1741441 0.1454777 0.5342983 0.5058561 0.4491862 0.1594087 0.1454777 0.1915873 0.1591106 0.1399318 0.0000000 0.1336912 0.1419021 0.1412874 0.1059365 0.1320606 0.1422560 0.1448247 0.1171305 0.1712349 0.1712349 0.1330096 0.1744429 0.1744429 0.2046680 0.1059365 0.1610330 0.2190069 0.1886794 0.1171230 0.1957198 0.2002690 0.1737709 0.1678528 0.1678528 0.1594087 0.1411295 0.1670471 0.1411295 0.1405267 0.1332636 0.1712349 0.1959162 0.1577499 0.1727405 0.1155147 0.2205047 0.1712349 0.5045051 0.5834663 0.5045051 0.4700504 0.4847668 0.5268875 0.5590708 0.5058561 0.4538971 0.4700504 0.3897050 0.3308072 0.3013604 0.1338083 0.1690379 0.1957198 0.2202130 0.1670471 0.1695650 0.1442044 0.0812903 0.0445369 0.1405267 0.1705513 0.1992904 0.1878816 0.1448247 0.1175081 0.2402783 0.1422560 0.0812903 0.2901979 0.1712448 0.1155147 0.1741441 
Smed.23729 0.1710288 0.1429986 0.3917933 0.3650020 0.3206031 0.0680789 0.1429986 0.0944772 0.0680652 0.0912466 0.1336912 0.0000000 0.0924724 0.0920812 0.0219254 0.0445054 0.1398924 0.0898055 0.0686343 0.1682315 0.1682315 0.0447881 0.1156104 0.1156104 0.1421279 0.0219254 0.1325436 0.1882929 0.1593023 0.1152294 0.1438295 0.1966030 0.1706787 0.1647583 0.1647583 0.0680789 0.0921629 0.1168882 0.0921629 0.0915794 0.0449429 0.1682315 0.1924052 0.0674218 0.1696623 0.0677473 0.1200054 0.1682315 0.3636805 0.4361386 0.3636805 0.3291599 0.3450491 0.3815555 0.4130428 0.3650020 0.3750471 0.3291599 0.3159995 0.2201054 0.2948949 0.0909017 0.1181187 0.1438295 0.1679483 0.1168882 0.1666277 0.1417593 0.0441033 0.1313891 0.0915794 0.1613583 0.1956607 0.0927457 0.0898055 0.1156104 0.2351741 0.1398924 0.0441033 0.2311280 0.1197360 0.0677473 0.1710288 
Smed.4178  0.1192100 0.0930826 0.4650408 0.4377094 0.3224260 0.1165429 0.0930826 0.1456239 0.1164196 0.0444743 0.1419021 0.0924724 0.0000000 0.0448552 0.0675104 0.0914012 0.0911324 0.0926898 0.0687841 0.1173399 0.1173399 0.0920103 0.1194199 0.1194199 0.1468968 0.0675104 0.1326552 0.1348357 0.1072703 0.1153660 0.0935616 0.1440368 0.1190763 0.1186668 0.1186668 0.1165429 0.0449883 0.0684463 0.0449883 0.0446122 0.0922505 0.1173399 0.1409107 0.1153855 0.1180815 0.0220101 0.1726719 0.1173399 0.4363599 0.5115285 0.4363599 0.4020718 0.4173478 0.4565772 0.4880130 0.4377094 0.4481341 0.4020718 0.3269037 0.2724532 0.2356744 0.1396287 0.0690549 0.0935616 0.1171579 0.0684463 0.1163151 0.0921371 0.0904618 0.1394899 0.0446122 0.1084981 0.1433438 0.1428978 0.0926898 0.0677778 0.1803638 0.0911324 0.0904618 0.2848019 0.0700460 0.0220101 0.1192100 
Smed.2434  0.1186927 0.0926885 0.4626123 0.4354021 0.3207984 0.1160453 0.0926885 0.1449770 0.1159240 0.0442945 0.1412874 0.0920812 0.0448552 0.0000000 0.0672331 0.0910191 0.0907550 0.0922992 0.0684965 0.1168392 0.1168392 0.0683490 0.1189009 0.1189009 0.1462425 0.0672331 0.1320697 0.1342310 0.1067949 0.1148804 0.0931631 0.1434097 0.1185612 0.1181547 0.1181547 0.1160453 0.0448046 0.0681623 0.0448046 0.0444312 0.0918617 0.1168392 0.1403092 0.1148977 0.1175729 0.0219223 0.1718926 0.1168392 0.4340577 0.5088684 0.4340577 0.3998944 0.4151320 0.4541304 0.4854491 0.4354021 0.4457740 0.3998944 0.3252783 0.2711429 0.2345730 0.1390374 0.0687651 0.0931631 0.1166589 0.0681623 0.1158239 0.0917496 0.0900882 0.1389001 0.0444312 0.1080095 0.1427224 0.1422746 0.0922992 0.0674996 0.1795159 0.0907550 0.0900882 0.2834147 0.0697483 0.0219223 0.1186927 
Smed.6447  0.1427551 0.1161037 0.3517247 0.3252934 0.2843656 0.0442092 0.1161037 0.0689748 0.0442185 0.0666510 0.1059365 0.0219254 0.0675104 0.0672331 0.0000000 0.0216829 0.1136597 0.1156104 0.0445360 0.1404991 0.1404991 0.0218154 0.1429986 0.1429986 0.1710288 0.0000010 0.1052290 0.1590304 0.1312171 0.0897905 0.1167313 0.1676232 0.1425375 0.1355264 0.1355264 0.0442092 0.0673636 0.0911030 0.0673636 0.0668721 0.0218983 0.1404991 0.1640484 0.0437945 0.1415186 0.0439894 0.0934464 0.1404991 0.3240199 0.3945694 0.3240199 0.2896328 0.3056355 0.3403351 0.3718094 0.3252934 0.3350925 0.2896328 0.2807535 0.1895026 0.2610970 0.0665197 0.0919733 0.1167313 0.1402747 0.0911030 0.1392321 0.1150205 0.0215034 0.1042949 0.0668721 0.1327881 0.1668273 0.0677418 0.1156104 0.0901737 0.2015893 0.1136597 0.0215034 0.2001527 0.0932467 0.0439894 0.1427551 
Smed.6839  0.1559679 0.1413198 0.3737192 0.3470249 0.3110191 0.0504880 0.1413198 0.0777059 0.0672898 0.0902034 0.1320606 0.0445054 0.0914012 0.0910191 0.0216829 0.0000000 0.1382851 0.1407053 0.0678440 0.1662567 0.1662567 0.0442827 0.1692710 0.1692710 0.1857041 0.0216829 0.1309531 0.1731944 0.1573965 0.0905548 0.1421296 0.1942743 0.1686520 0.1627174 0.1627174 0.0504880 0.0911030 0.0669293 0.0911030 0.0674086 0.0444345 0.1662567 0.1901627 0.0214391 0.1546285 0.0669777 0.1039957 0.1662567 0.3457180 0.4174358 0.3457180 0.3110785 0.3271253 0.3629565 0.3944826 0.3470249 0.3569908 0.3110785 0.3065377 0.2174396 0.2791988 0.0898728 0.1022780 0.1421296 0.1659803 0.0669293 0.1646921 0.1401013 0.0436137 0.1298227 0.0674086 0.1593982 0.1933522 0.0762131 0.1407053 0.1142841 0.2188192 0.1382851 0.0436137 0.2160063 0.0940767 0.0669777 0.1559679 
Smed.6545  0.0687825 0.0447434 0.4212626 0.3944485 0.3437969 0.1143050 0.0447434 0.1425527 0.1141913 0.0899495 0.1422560 0.1398924 0.0911324 0.0907550 0.1136597 0.1382851 0.0000000 0.0445652 0.1157517 0.0677623 0.0677623 0.1392238 0.0689069 0.0689069 0.0942141 0.1136597 0.1052356 0.1069278 0.0802527 0.1157439 0.0905375 0.0925385 0.0687676 0.0685094 0.0685094 0.1143050 0.0435722 0.0662715 0.0435722 0.0902705 0.1394577 0.0219315 0.0440026 0.1131967 0.0691220 0.0669038 0.1688142 0.0219315 0.3931185 0.4244046 0.3931185 0.3589543 0.3744906 0.4007577 0.4431211 0.3944485 0.3451314 0.3589543 0.3526000 0.2897207 0.1232480 0.0897062 0.1161677 0.0905375 0.1133987 0.0662715 0.0672459 0.0925094 0.0908258 0.1398399 0.0902705 0.0674199 0.0447434 0.1399520 0.0445652 0.0217197 0.0950059 0.0000010 0.0908258 0.2492235 0.1177220 0.0669038 0.0687825 
Smed.11045 0.0699630 0.0454856 0.5022355 0.4746825 0.3513706 0.1672029 0.0454856 0.1986477 0.1668790 0.0914645 0.1448247 0.0898055 0.0926898 0.0922992 0.1156104 0.1407053 0.0445652 0.0000000 0.1177734 0.0689069 0.0689069 0.1416784 0.0220660 0.0220660 0.0452184 0.1156104 0.1071394 0.1088947 0.0817134 0.1177661 0.0920781 0.0941505 0.0699462 0.0696797 0.0696797 0.1672029 0.0442749 0.0673646 0.0442749 0.0917981 0.1419138 0.0689069 0.0920850 0.1655226 0.1205916 0.0680154 0.2268677 0.0689069 0.4733443 0.5052971 0.4733443 0.4393701 0.4541824 0.4821109 0.5258726 0.4746825 0.4241150 0.4393701 0.3599955 0.2954533 0.1806266 0.0912210 0.1182015 0.0920781 0.1153407 0.0673646 0.0683712 0.0941176 0.0923755 0.1423017 0.0917981 0.0685535 0.0936939 0.1949240 0.0000010 0.0220660 0.1495214 0.0445652 0.0923755 0.2542830 0.1198084 0.0680154 0.0699630 
Smed.24379 0.0916859 0.0671854 0.3477688 0.3214091 0.3567012 0.0923016 0.0671854 0.1201849 0.0922434 0.0678922 0.1171305 0.0686343 0.0687841 0.0684965 0.0445360 0.0678440 0.1157517 0.1177734 0.0000000 0.0903184 0.0903184 0.0682876 0.0918465 0.0918465 0.1175691 0.0445360 0.1072876 0.1620584 0.1337385 0.0914557 0.0674950 0.1154355 0.0916299 0.0818191 0.0818191 0.0923016 0.0686278 0.0928131 0.0686278 0.0681223 0.0684961 0.0903184 0.1129861 0.0913938 0.0907654 0.0448085 0.1466321 0.0903184 0.3201437 0.3904377 0.3201437 0.2858608 0.3018218 0.3362721 0.3677174 0.3214091 0.3311668 0.2858608 0.3006009 0.2502349 0.2010579 0.1154035 0.0937212 0.0674950 0.0901898 0.0928131 0.0895963 0.0664659 0.0671852 0.1153033 0.0681223 0.0801213 0.1148942 0.1179454 0.1177734 0.0918465 0.1414936 0.1157517 0.0671852 0.2618052 0.0950386 0.0448085 0.0916859 
Smed.1642  0.0446624 0.0218034 0.4483670 0.4218987 0.3860696 0.1935130 0.0218034 0.2262787 0.1930505 0.1157517 0.1712349 0.1682315 0.1173399 0.1168392 0.1404991 0.1662567 0.0677623 0.0689069 0.0903184 0.0000000 0.0000010 0.1674274 0.0447434 0.0447434 0.0687825 0.1404991 0.1331363 0.1353388 0.1076037 0.1431097 0.0214602 0.0219044 0.0446716 0.0444989 0.0444989 0.1935130 0.0672945 0.0910197 0.0672945 0.1162077 0.1676232 0.0440253 0.0661967 0.1915550 0.0923465 0.0918318 0.2552720 0.0440253 0.4205879 0.4514443 0.4205879 0.3872293 0.4021987 0.4284563 0.4703895 0.4218987 0.3732723 0.3872293 0.3729770 0.3216842 0.1479200 0.1155847 0.1436070 0.0214602 0.0430901 0.0910197 0.0437198 0.0219269 0.1169973 0.1679929 0.1162077 0.0437993 0.0673118 0.2220266 0.0689069 0.0447434 0.1190105 0.0677623 0.1169973 0.2849815 0.1455115 0.0918318 0.0446624 
Smed.17063 0.0446624 0.0218034 0.4483670 0.4218987 0.3860696 0.1935130 0.0218034 0.2262787 0.1930505 0.1157517 0.1712349 0.1682315 0.1173399 0.1168392 0.1404991 0.1662567 0.0677623 0.0689069 0.0903184 0.0000010 0.0000000 0.1674274 0.0447434 0.0447434 0.0687825 0.1404991 0.1331363 0.1353388 0.1076037 0.1431097 0.0214602 0.0219044 0.0446716 0.0444989 0.0444989 0.1935130 0.0672945 0.0910197 0.0672945 0.1162077 0.1676232 0.0440253 0.0661967 0.1915550 0.0923465 0.0918318 0.2552720 0.0440253 0.4205879 0.4514443 0.4205879 0.3872293 0.4021987 0.4284563 0.4703895 0.4218987 0.3732723 0.3872293 0.3729770 0.3216842 0.1479200 0.1155847 0.1436070 0.0214602 0.0430901 0.0910197 0.0437198 0.0219269 0.1169973 0.1679929 0.1162077 0.0437993 0.0673118 0.2220266 0.0689069 0.0447434 0.1190105 0.0677623 0.1169973 0.2849815 0.1455115 0.0918318 0.0446624 
Smed.7098  0.1701996 0.1423018 0.3900889 0.3633371 0.3191343 0.0677381 0.1423018 0.0939969 0.0677250 0.0907966 0.1330096 0.0447881 0.0920103 0.0683490 0.0218154 0.0442827 0.1392238 0.1416784 0.0682876 0.1674274 0.1674274 0.0000000 0.1704860 0.1704860 0.1998466 0.0218154 0.1318783 0.1873834 0.1585210 0.1146684 0.1431243 0.1956751 0.1698549 0.1639249 0.1639249 0.0677381 0.0917055 0.1163135 0.0917055 0.0911267 0.0447160 0.1674274 0.1915088 0.0670874 0.1688408 0.0674096 0.1194007 0.1674274 0.3620186 0.4343514 0.3620186 0.3275472 0.3434206 0.3798134 0.4112778 0.3633371 0.3733621 0.3275472 0.3145765 0.2190624 0.2935661 0.0904578 0.1175316 0.1431243 0.1671468 0.1163135 0.1658386 0.1410705 0.0438847 0.1307333 0.0911267 0.1605559 0.1947402 0.0922819 0.1416784 0.1150486 0.2339832 0.1392238 0.0438847 0.2300405 0.1191340 0.0674096 0.1701996 
Smed.7388  0.0454020 0.0221523 0.4581024 0.4311470 0.3947434 0.1970943 0.0221523 0.2306269 0.1966030 0.1177734 0.1744429 0.1156104 0.1194199 0.1189009 0.1429986 0.1692710 0.0689069 0.0220660 0.0918465 0.0447434 0.0447434 0.1704860 0.0000000 0.0000010 0.0220256 0.1429986 0.1356007 0.1378871 0.1095960 0.1457003 0.0672945 0.0687676 0.0454108 0.0452327 0.0452327 0.1970943 0.0684221 0.0925782 0.0684221 0.1182473 0.1706787 0.0447434 0.0672876 0.1950644 0.0939492 0.0934147 0.2602627 0.0447434 0.4298142 0.4612186 0.4298142 0.3959380 0.4110758 0.4379366 0.4806699 0.4311470 0.3816000 0.3959380 0.3812086 0.3324196 0.1506864 0.1176126 0.1462112 0.0672945 0.0899637 0.0925782 0.0444270 0.0687762 0.1190698 0.1710514 0.1182473 0.0445101 0.0684399 0.2262173 0.0220660 0.0454856 0.1211626 0.0689069 0.1190698 0.2909231 0.1481800 0.0934147 0.0454020 
Smed.9355  0.0454020 0.0221523 0.4581024 0.4311470 0.3947434 0.1970943 0.0221523 0.2306269 0.1966030 0.1177734 0.1744429 0.1156104 0.1194199 0.1189009 0.1429986 0.1692710 0.0689069 0.0220660 0.0918465 0.0447434 0.0447434 0.1704860 0.0000010 0.0000000 0.0220256 0.1429986 0.1356007 0.1378871 0.1095960 0.1457003 0.0672945 0.0687676 0.0454108 0.0452327 0.0452327 0.1970943 0.0684221 0.0925782 0.0684221 0.1182473 0.1706787 0.0447434 0.0672876 0.1950644 0.0939492 0.0934147 0.2602627 0.0447434 0.4298142 0.4612186 0.4298142 0.3959380 0.4110758 0.4379366 0.4806699 0.4311470 0.3816000 0.3959380 0.3812086 0.3324196 0.1506864 0.1176126 0.1462112 0.0672945 0.0899637 0.0925782 0.0444270 0.0687762 0.1190698 0.1710514 0.1182473 0.0445101 0.0684399 0.2262173 0.0220660 0.0454856 0.1211626 0.0689069 0.1190698 0.2909231 0.1481800 0.0934147 0.0454020 
Smed.1083  0.0221608 0.0454020 0.4171091 0.3906061 0.3891610 0.1683566 0.0454020 0.2000755 0.2267142 0.1447971 0.2046680 0.1421279 0.1468968 0.1462425 0.1710288 0.1857041 0.0942141 0.0452184 0.1175691 0.0687825 0.0687825 0.1998466 0.0220256 0.0220256 0.0000000 0.1710288 0.1644576 0.1096665 0.1378871 0.1693228 0.0919162 0.0939817 0.0698182 0.0695526 0.0695526 0.1683566 0.0935073 0.1040678 0.0935073 0.1387993 0.1999597 0.0687825 0.0919230 0.2127371 0.0688108 0.1196397 0.2285297 0.0687825 0.3892920 0.4202159 0.3892920 0.3554883 0.3708827 0.3967936 0.4386387 0.3906061 0.3418639 0.3554883 0.3759420 0.3689922 0.1225631 0.1447945 0.1189996 0.0919162 0.1151438 0.1040678 0.0682488 0.0939492 0.1465380 0.2002946 0.1387993 0.0684302 0.0935266 0.1962994 0.0452184 0.0699630 0.0945297 0.0942141 0.1465380 0.2562837 0.1723338 0.1196397 0.0221608 
Smed.1248  0.1427551 0.1161037 0.3517247 0.3252934 0.2843656 0.0442092 0.1161037 0.0689748 0.0442185 0.0666510 0.1059365 0.0219254 0.0675104 0.0672331 0.0000010 0.0216829 0.1136597 0.1156104 0.0445360 0.1404991 0.1404991 0.0218154 0.1429986 0.1429986 0.1710288 0.0000000 0.1052290 0.1590304 0.1312171 0.0897905 0.1167313 0.1676232 0.1425375 0.1355264 0.1355264 0.0442092 0.0673636 0.0911030 0.0673636 0.0668721 0.0218983 0.1404991 0.1640484 0.0437945 0.1415186 0.0439894 0.0934464 0.1404991 0.3240199 0.3945694 0.3240199 0.2896328 0.3056355 0.3403351 0.3718094 0.3252934 0.3350925 0.2896328 0.2807535 0.1895026 0.2610970 0.0665197 0.0919733 0.1167313 0.1402747 0.0911030 0.1392321 0.1150205 0.0215034 0.1042949 0.0668721 0.1327881 0.1668273 0.0677418 0.1156104 0.0901737 0.2015893 0.1136597 0.0215034 0.2001527 0.0932467 0.0439894 0.1427551 
Smed.14400 0.1353580 0.1076208 0.4868440 0.4598512 0.3496510 0.1577886 0.1076208 0.1892100 0.1575035 0.1307857 0.1610330 0.1325436 0.1326552 0.1320697 0.1052290 0.1309531 0.1052356 0.1071394 0.1072876 0.1331363 0.1331363 0.1318783 0.1356007 0.1356007 0.1644576 0.1052290 0.0000000 0.0446811 0.0218247 0.1328437 0.1318886 0.1611033 0.1351609 0.1274405 0.1274405 0.1577886 0.0794883 0.1048379 0.0794883 0.1313397 0.1321290 0.1331363 0.1575432 0.1561777 0.1900204 0.1057675 0.1917369 0.1331363 0.4585296 0.4898927 0.4585296 0.4249961 0.4397474 0.4669728 0.4609557 0.4598512 0.4435351 0.4249961 0.2690414 0.1969652 0.2559441 0.1048836 0.1599460 0.1318886 0.1561000 0.1048379 0.1318979 0.1608641 0.1062370 0.1580398 0.1313397 0.1250986 0.1603117 0.1856306 0.1071394 0.0802670 0.2189209 0.1052356 0.1062370 0.2785366 0.1620686 0.1057675 0.1353580 
Smed.27708 0.0821284 0.1093921 0.4816066 0.4548714 0.3135670 0.1565559 0.1093921 0.1876425 0.2138503 0.1329033 0.2190069 0.1882929 0.1348357 0.1342310 0.1590304 0.1731944 0.1069278 0.1088947 0.1620584 0.1353388 0.1353388 0.1873834 0.1378871 0.1378871 0.1096665 0.1590304 0.0446811 0.0000000 0.0221287 0.1843016 0.1340519 0.1638226 0.1374275 0.1369509 0.1369509 0.1565559 0.0807551 0.0908967 0.0807551 0.1259093 0.1875346 0.1353388 0.1601498 0.1999184 0.1350880 0.1074718 0.1901456 0.1353388 0.4535598 0.4846421 0.4535598 0.4202926 0.4349648 0.4618700 0.4558076 0.4548714 0.4386951 0.4202926 0.2722823 0.2500380 0.1966389 0.1586462 0.1069027 0.1340519 0.1586562 0.0908967 0.1340556 0.1635687 0.1605136 0.2142413 0.1259093 0.1272902 0.1630053 0.1841239 0.1088947 0.0815576 0.1650129 0.1069278 0.1605136 0.2704985 0.1592251 0.1074718 0.0821284 
Smed.17255 0.1093921 0.0820812 0.5244530 0.4971598 0.3177806 0.1848458 0.0820812 0.2174775 0.1844262 0.1057675 0.1886794 0.1593023 0.1072703 0.1067949 0.1312171 0.1573965 0.0802527 0.0817134 0.1337385 0.1076037 0.1076037 0.1585210 0.1095960 0.1095960 0.1378871 0.1312171 0.0218247 0.0221287 0.0000000 0.1595373 0.1065712 0.1351418 0.1092835 0.1088807 0.1088807 0.1848458 0.0544876 0.0799177 0.0544876 0.1061900 0.1587378 0.1076037 0.1320971 0.1829554 0.1635687 0.0807102 0.2200476 0.1076037 0.4958535 0.5273998 0.4958535 0.4625885 0.4768787 0.5047428 0.4994417 0.4971598 0.4808406 0.4625885 0.2756837 0.2177445 0.2278643 0.1308461 0.1342267 0.1065712 0.1309038 0.0799177 0.1066377 0.1349948 0.1324509 0.1849007 0.1061900 0.0978274 0.1344676 0.2133690 0.0817134 0.0550445 0.1950453 0.0802527 0.1324509 0.3045965 0.1360772 0.0807102 0.1093921 
Smed.11343 0.1388180 0.1182770 0.4981475 0.4703735 0.4023073 0.1325425 0.1182770 0.1639619 0.1391288 0.1138268 0.1171230 0.1152294 0.1153660 0.1148804 0.0897905 0.0905548 0.1157439 0.1177661 0.0914557 0.1431097 0.1431097 0.1146684 0.1457003 0.1457003 0.1693228 0.0897905 0.1328437 0.1843016 0.1595373 0.0000000 0.1669255 0.1707332 0.1452167 0.1382116 0.1382116 0.1325425 0.1148728 0.1159212 0.1148728 0.0663620 0.1149149 0.1431097 0.1670437 0.1143058 0.1374924 0.0902541 0.1926282 0.1431097 0.4690201 0.5456681 0.4690201 0.4346291 0.4496756 0.4902676 0.5218966 0.4703735 0.4192655 0.4346291 0.3358423 0.3015217 0.2652784 0.1153957 0.1345338 0.1669255 0.1907218 0.1159212 0.1417935 0.1171640 0.0671663 0.1152954 0.0663620 0.1424910 0.1699111 0.1607446 0.1177661 0.0918319 0.2021166 0.1157439 0.0671663 0.2610740 0.0924123 0.0902541 0.1388180 
Smed.22632 0.0671757 0.0437423 0.4187032 0.3921988 0.3604523 0.1689656 0.0437423 0.2008603 0.1686295 0.0923113 0.1957198 0.1438295 0.0935616 0.0931631 0.1167313 0.1421296 0.0905375 0.0920781 0.0674950 0.0214602 0.0214602 0.1431243 0.0672945 0.0672945 0.0919162 0.1167313 0.1318886 0.1340519 0.1065712 0.1669255 0.0000000 0.0439446 0.0671634 0.0669164 0.0669164 0.1689656 0.0446390 0.0679541 0.0446390 0.0926524 0.1433607 0.0662039 0.0884268 0.1672481 0.1155372 0.0686156 0.2294601 0.0662039 0.3908839 0.4218083 0.3908839 0.3570609 0.3724590 0.3984087 0.4402453 0.3921988 0.4021987 0.3570609 0.3435418 0.2942922 0.1724695 0.1388797 0.1193747 0.0000010 0.0214362 0.0679541 0.0657145 0.0439704 0.1404991 0.1917987 0.0926524 0.0540334 0.0899081 0.1970526 0.0920781 0.0672945 0.1429751 0.0905375 0.1404991 0.3117915 0.1210132 0.0686156 0.0671757 
Smed.23720 0.0686438 0.0446716 0.4873170 0.4605819 0.4249196 0.2225119 0.0446716 0.2568851 0.1663781 0.1420250 0.2002690 0.1966030 0.1440368 0.1434097 0.1676232 0.1942743 0.0925385 0.0941505 0.1154355 0.0219044 0.0219044 0.1956751 0.0687676 0.0687676 0.0939817 0.1676232 0.1611033 0.1638226 0.1351418 0.1707332 0.0439446 0.0000000 0.0219681 0.0683722 0.0683722 0.2225119 0.0918594 0.1164681 0.0918594 0.1426350 0.1414782 0.0676289 0.0903337 0.2202363 0.1181308 0.1174254 0.2868938 0.0676289 0.4592742 0.4903371 0.4592742 0.4261234 0.4406902 0.4676397 0.5100895 0.4605819 0.4115184 0.4261234 0.4109333 0.3560667 0.1765178 0.1420033 0.1712917 0.0439446 0.0661240 0.1164681 0.0671151 0.0449086 0.1436850 0.1961332 0.1426350 0.0672880 0.0918784 0.2520329 0.0941505 0.0687676 0.1462808 0.0925385 0.1436850 0.2535148 0.1735237 0.1174254 0.0686438 
Smed.2117  0.0453275 0.0221246 0.4543554 0.4277071 0.3916777 0.1962825 0.0221246 0.2295343 0.1414782 0.1174424 0.1737709 0.1706787 0.1190763 0.1185612 0.1425375 0.1686520 0.0687676 0.0699462 0.0916299 0.0446716 0.0446716 0.1698549 0.0454108 0.0454108 0.0698182 0.1425375 0.1351609 0.1374275 0.1092835 0.1452167 0.0671634 0.0219681 0.0000000 0.0451590 0.0451590 0.1962825 0.0682854 0.0923563 0.0682854 0.1179124 0.1169336 0.0446716 0.0671565 0.1942743 0.0937192 0.0931883 0.2589055 0.0446716 0.4263883 0.4574431 0.4263883 0.3928547 0.4078636 0.4343788 0.4766085 0.4277071 0.3787164 0.3928547 0.3783586 0.3303246 0.1501588 0.1172809 0.1457237 0.0671634 0.0897581 0.0923563 0.0443565 0.0686380 0.1187281 0.1704190 0.1179124 0.0444392 0.0683032 0.2251777 0.0699462 0.0454108 0.1208040 0.0687676 0.1187281 0.2246112 0.1476764 0.0931883 0.0453275 
Smed.12079 0.0451500 0.0220357 0.4557134 0.4285605 0.3908617 0.1913211 0.0220357 0.2255500 0.1908489 0.1170429 0.1678528 0.1647583 0.1186668 0.1181547 0.1355264 0.1627174 0.0685094 0.0696797 0.0818191 0.0444989 0.0444989 0.1639249 0.0452327 0.0452327 0.0695526 0.1355264 0.1274405 0.1369509 0.1088807 0.1382116 0.0669164 0.0683722 0.0451590 0.0000000 0.0000010 0.1913211 0.0680307 0.0920261 0.0680307 0.1175105 0.1641389 0.0444989 0.0669094 0.1892910 0.0933811 0.0928539 0.2557708 0.0444989 0.4272157 0.4588538 0.4272157 0.3929718 0.4083082 0.4353750 0.4783759 0.4285605 0.3785059 0.3929718 0.3736074 0.3055254 0.1496595 0.1089653 0.1452487 0.0669164 0.0894451 0.0920261 0.0441863 0.0683812 0.1104162 0.1645330 0.1175105 0.0442682 0.0680484 0.2211250 0.0696797 0.0452327 0.0695100 0.0685094 0.1104162 0.2628712 0.1471913 0.0928539 0.0451500 
Smed.9846  0.0451500 0.0220357 0.4557134 0.4285605 0.3908617 0.1913211 0.0220357 0.2255500 0.1908489 0.1170429 0.1678528 0.1647583 0.1186668 0.1181547 0.1355264 0.1627174 0.0685094 0.0696797 0.0818191 0.0444989 0.0444989 0.1639249 0.0452327 0.0452327 0.0695526 0.1355264 0.1274405 0.1369509 0.1088807 0.1382116 0.0669164 0.0683722 0.0451590 0.0000010 0.0000000 0.1913211 0.0680307 0.0920261 0.0680307 0.1175105 0.1641389 0.0444989 0.0669094 0.1892910 0.0933811 0.0928539 0.2557708 0.0444989 0.4272157 0.4588538 0.4272157 0.3929718 0.4083082 0.4353750 0.4783759 0.4285605 0.3785059 0.3929718 0.3736074 0.3055254 0.1496595 0.1089653 0.1452487 0.0669164 0.0894451 0.0920261 0.0441863 0.0683812 0.1104162 0.1645330 0.1175105 0.0442682 0.0680484 0.2211250 0.0696797 0.0452327 0.0695100 0.0685094 0.1104162 0.2628712 0.1471913 0.0928539 0.0451500 
Smed.1319  0.1405930 0.1679522 0.2807684 0.2545317 0.3101224 0.0000010 0.1679522 0.0220006 0.0444160 0.1149651 0.1594087 0.0680789 0.1165429 0.1160453 0.0442092 0.0504880 0.1143050 0.1672029 0.0923016 0.1935130 0.1935130 0.0677381 0.1970943 0.1970943 0.1683566 0.0442092 0.1577886 0.1565559 0.1848458 0.1325425 0.1689656 0.2225119 0.1962825 0.1913211 0.1913211 0.0000000 0.1160320 0.1277226 0.1160320 0.1068830 0.0679437 0.1413783 0.1651321 0.0252615 0.0903182 0.0910725 0.0447238 0.1413783 0.2533793 0.3211839 0.2533793 0.2188702 0.2349881 0.2668005 0.2987848 0.2545317 0.2639570 0.2188702 0.3059103 0.2468925 0.2006328 0.1143429 0.0906393 0.1689656 0.1931795 0.1277226 0.1916212 0.1666195 0.0666557 0.1564581 0.1068830 0.1873384 0.1679522 0.0216241 0.1672029 0.1396587 0.1409156 0.1143050 0.0666557 0.1969660 0.1380818 0.0910725 0.1405930 
Smed.11602 0.0682994 0.0444506 0.4278556 0.4008699 0.2898621 0.1160320 0.0444506 0.1447901 0.1159114 0.0444254 0.1411295 0.0921629 0.0449883 0.0448046 0.0673636 0.0911030 0.0435722 0.0442749 0.0686278 0.0672945 0.0672945 0.0917055 0.0684221 0.0684221 0.0935073 0.0673636 0.0794883 0.0807551 0.0544876 0.1148728 0.0446390 0.0918594 0.0682854 0.0680307 0.0680307 0.1160320 0.0000000 0.0217699 0.0000010 0.0445627 0.0919437 0.0672945 0.0898945 0.1148900 0.1175519 0.0220095 0.1714935 0.0672945 0.3995299 0.4310119 0.3995299 0.3651671 0.3807593 0.4073056 0.4499431 0.4008699 0.4110758 0.3651671 0.2947285 0.2354843 0.1756955 0.0890697 0.0688966 0.0446390 0.0672037 0.0217699 0.0667860 0.0918318 0.0901737 0.1387610 0.0445627 0.0550197 0.0914248 0.1421092 0.0442749 0.0215889 0.1455720 0.0435722 0.0901737 0.2469737 0.0698801 0.0220095 0.0682994 
Smed.5273  0.0768811 0.0676390 0.4516336 0.4244153 0.3174455 0.1277226 0.0676390 0.1582725 0.1410580 0.0675655 0.1670471 0.1168882 0.0684463 0.0681623 0.0911030 0.0669293 0.0662715 0.0673646 0.0928131 0.0910197 0.0910197 0.1163135 0.0925782 0.0925782 0.1040678 0.0911030 0.1048379 0.0908967 0.0799177 0.1159212 0.0679541 0.1164681 0.0923563 0.0920261 0.0920261 0.1277226 0.0217699 0.0000000 0.0217699 0.0448990 0.1165626 0.0910197 0.1139655 0.0900546 0.1294426 0.0446346 0.1862132 0.0910197 0.4230657 0.4547878 0.4230657 0.3886548 0.4041033 0.4311988 0.4742799 0.4244153 0.4347702 0.3886548 0.3221507 0.2654173 0.1908430 0.1129300 0.0775825 0.0679541 0.0908884 0.0000010 0.0902827 0.1163832 0.1142841 0.1639934 0.0448990 0.0807551 0.1159149 0.1552293 0.0673646 0.0437816 0.1592079 0.0662715 0.1142841 0.2650283 0.0704668 0.0446346 0.0768811 
Smed.7436  0.0682994 0.0444506 0.4278556 0.4008699 0.2898621 0.1160320 0.0444506 0.1447901 0.1159114 0.0444254 0.1411295 0.0921629 0.0449883 0.0448046 0.0673636 0.0911030 0.0435722 0.0442749 0.0686278 0.0672945 0.0672945 0.0917055 0.0684221 0.0684221 0.0935073 0.0673636 0.0794883 0.0807551 0.0544876 0.1148728 0.0446390 0.0918594 0.0682854 0.0680307 0.0680307 0.1160320 0.0000010 0.0217699 0.0000000 0.0445627 0.0919437 0.0672945 0.0898945 0.1148900 0.1175519 0.0220095 0.1714935 0.0672945 0.3995299 0.4310119 0.3995299 0.3651671 0.3807593 0.4073056 0.4499431 0.4008699 0.4110758 0.3651671 0.2947285 0.2354843 0.1756955 0.0890697 0.0688966 0.0446390 0.0672037 0.0217699 0.0667860 0.0918318 0.0901737 0.1387610 0.0445627 0.0550197 0.0914248 0.1421092 0.0442749 0.0215889 0.1455720 0.0435722 0.0901737 0.2469737 0.0698801 0.0220095 0.0682994 
Smed.3381  0.1095714 0.0921834 0.4665373 0.4387174 0.3108667 0.1068830 0.0921834 0.1374730 0.1152986 0.0440576 0.1405267 0.0915794 0.0446122 0.0444312 0.0668721 0.0674086 0.0902705 0.0917981 0.0681223 0.1162077 0.1162077 0.0911267 0.1182473 0.1182473 0.1387993 0.0668721 0.1313397 0.1259093 0.1061900 0.0663620 0.0926524 0.1426350 0.1179124 0.1175105 0.1175105 0.1068830 0.0445627 0.0448990 0.0445627 0.0000000 0.0913638 0.1162077 0.1395642 0.0908205 0.1084209 0.0218055 0.1658659 0.1162077 0.4373425 0.5137422 0.4373425 0.4023467 0.4179491 0.4579606 0.4898984 0.4387174 0.4493396 0.4023467 0.3155047 0.2697367 0.2313785 0.1383043 0.0552183 0.0926524 0.1160294 0.0448990 0.1152039 0.0912536 0.0896083 0.1381688 0.0000010 0.1073896 0.1419545 0.1347464 0.0917981 0.0671375 0.1736512 0.0902705 0.0896083 0.2820428 0.0223565 0.0218055 0.1095714 
Smed.14287 0.1703927 0.1425375 0.3888549 0.3623468 0.3185620 0.0679437 0.1425375 0.0942432 0.0217449 0.0910324 0.1332636 0.0449429 0.0922505 0.0918617 0.0218983 0.0444345 0.1394577 0.1419138 0.0684961 0.1676232 0.1676232 0.0447160 0.1706787 0.1706787 0.1999597 0.0218983 0.1321290 0.1875346 0.1587378 0.1149149 0.1433607 0.1414782 0.1169336 0.1641389 0.1641389 0.0679437 0.0919437 0.1165626 0.0919437 0.0913638 0.0000000 0.1676232 0.1916433 0.0672898 0.1690364 0.0676137 0.1196561 0.1676232 0.3610405 0.4326602 0.3610405 0.3268574 0.3426046 0.3786396 0.4098145 0.3623468 0.3722790 0.3268574 0.3140512 0.2191039 0.2932000 0.0906909 0.1177839 0.1433607 0.1673428 0.1165626 0.1660356 0.1413067 0.0440340 0.1309832 0.0913638 0.1607724 0.1948666 0.0925225 0.1419138 0.1152947 0.2339579 0.1394577 0.0440340 0.1725096 0.1193888 0.0676137 0.1703927 
Smed.7868  0.0446624 0.0218034 0.3803052 0.3539521 0.3860696 0.1413783 0.0218034 0.1715431 0.1411679 0.1157517 0.1712349 0.1682315 0.1173399 0.1168392 0.1404991 0.1662567 0.0219315 0.0689069 0.0903184 0.0440253 0.0440253 0.1674274 0.0447434 0.0447434 0.0687825 0.1404991 0.1331363 0.1353388 0.1076037 0.1431097 0.0662039 0.0676289 0.0446716 0.0444989 0.0444989 0.1413783 0.0672945 0.0910197 0.0672945 0.1162077 0.1676232 0.0000000 0.0214522 0.1399685 0.0448995 0.0918318 0.1990727 0.0000010 0.3526597 0.3833696 0.3526597 0.3186815 0.3343644 0.3596262 0.4009987 0.3539521 0.3054982 0.3186815 0.3729770 0.3258317 0.0959874 0.1155847 0.1436070 0.0662039 0.0884954 0.0910197 0.0437198 0.0676386 0.1169973 0.1679929 0.1162077 0.0437993 0.0218034 0.1683365 0.0689069 0.0447434 0.0693267 0.0219315 0.1169973 0.2849815 0.1455115 0.0918318 0.0446624 
Smed.14309 0.0671687 0.0437314 0.4101647 0.3837529 0.4168589 0.1651321 0.0437314 0.1962046 0.1648209 0.1389833 0.1959162 0.1924052 0.1409107 0.1403092 0.1640484 0.1901627 0.0440026 0.0920850 0.1129861 0.0661967 0.0661967 0.1915088 0.0672876 0.0672876 0.0919230 0.1640484 0.1575432 0.1601498 0.1320971 0.1670437 0.0884268 0.0903337 0.0671565 0.0669094 0.0669094 0.1651321 0.0898945 0.1139655 0.0898945 0.1395642 0.1916433 0.0214522 0.0000000 0.1634884 0.0674946 0.1148929 0.2241596 0.0214522 0.3824459 0.4132637 0.3824459 0.3487543 0.3641301 0.3898283 0.4315254 0.3837529 0.3352979 0.3487543 0.4030682 0.3528651 0.1201104 0.1389423 0.1675855 0.0884268 0.1107398 0.1139655 0.0657072 0.0903095 0.1405649 0.1919786 0.1395642 0.0658702 0.0437314 0.1925557 0.0920850 0.0672876 0.0926739 0.0440026 0.1405649 0.3125270 0.1661863 0.1148929 0.0671687 
Smed.5217  0.1822393 0.1662567 0.3383751 0.3116021 0.3422987 0.0252615 0.1662567 0.0515731 0.0439975 0.1138396 0.1577499 0.0674218 0.1153855 0.1148977 0.0437945 0.0214391 0.1131967 0.1655226 0.0913938 0.1915550 0.1915550 0.0670874 0.1950644 0.1950644 0.2127371 0.0437945 0.1561777 0.1999184 0.1829554 0.1143058 0.1672481 0.2202363 0.1942743 0.1892910 0.1892910 0.0252615 0.1148900 0.0900546 0.1148900 0.0908205 0.0672898 0.1399685 0.1634884 0.0000000 0.1273840 0.0901891 0.0774014 0.1399685 0.3103272 0.3813243 0.3103272 0.2752923 0.2916553 0.3263665 0.3583592 0.3116021 0.3214900 0.2752923 0.3370682 0.2443203 0.2483061 0.1132377 0.1278096 0.1672481 0.1912285 0.0900546 0.1897027 0.1649419 0.0660274 0.1548707 0.0908205 0.1853915 0.1662567 0.0505796 0.1655226 0.1382851 0.1872367 0.1131967 0.0660274 0.2434720 0.1187480 0.0901891 0.1822393 
Smed.11038 0.0447172 0.0686525 0.3385781 0.3127378 0.3767176 0.0903182 0.0686525 0.1174564 0.1422006 0.1164659 0.1727405 0.1696623 0.1180815 0.1175729 0.1415186 0.1546285 0.0691220 0.1205916 0.0907654 0.0923465 0.0923465 0.1688408 0.0939492 0.0939492 0.0688108 0.1415186 0.1900204 0.1350880 0.1635687 0.1374924 0.1155372 0.1181308 0.0937192 0.0933811 0.0933811 0.0903182 0.1175519 0.1294426 0.1175519 0.1084209 0.1690364 0.0448995 0.0674946 0.1273840 0.0000000 0.0923005 0.1432133 0.0448995 0.3115083 0.3802411 0.3115083 0.2779101 0.2935661 0.3269937 0.3579313 0.3127378 0.2652998 0.2779101 0.3640979 0.3673342 0.0959375 0.1696007 0.0918549 0.1155372 0.1387587 0.1294426 0.0915871 0.0679045 0.1177355 0.1694097 0.1084209 0.0918958 0.0686525 0.1153186 0.1205916 0.0939492 0.0465657 0.0691220 0.1177355 0.2556386 0.1400160 0.0923005 0.0447172 
Smed.5793  0.0932488 0.0682945 0.4234961 0.3966507 0.2867243 0.0910725 0.0682945 0.1184796 0.0910178 0.0217442 0.1155147 0.0677473 0.0220101 0.0219223 0.0439894 0.0669777 0.0669038 0.0680154 0.0448085 0.0918318 0.0918318 0.0674096 0.0934147 0.0934147 0.1196397 0.0439894 0.1057675 0.1074718 0.0807102 0.0902541 0.0686156 0.1174254 0.0931883 0.0928539 0.0928539 0.0910725 0.0220095 0.0446346 0.0220095 0.0218055 0.0676137 0.0918318 0.1148929 0.0901891 0.0923005 0.0000000 0.1444774 0.0918318 0.3953184 0.4685638 0.3953184 0.3611102 0.3766560 0.4141506 0.4454041 0.3966507 0.4067906 0.3611102 0.2915934 0.2396641 0.2048571 0.1138454 0.0449883 0.0686156 0.0916984 0.0446346 0.0910835 0.0675539 0.0663372 0.1137491 0.0218055 0.0815631 0.1168655 0.1163056 0.0680154 0.0442308 0.1508152 0.0669038 0.0663372 0.2513422 0.0456439 0.0000010 0.0932488 
Smed.15687 0.1977664 0.2279541 0.3506487 0.3235839 0.3894280 0.0447238 0.2279541 0.0697961 0.0939008 0.1701438 0.2205047 0.1200054 0.1726719 0.1718926 0.0934464 0.1039957 0.1688142 0.2268677 0.1466321 0.2552720 0.2552720 0.1194007 0.2602627 0.2602627 0.2285297 0.0934464 0.1917369 0.1901456 0.2200476 0.1926282 0.2294601 0.2868938 0.2589055 0.2557708 0.2557708 0.0447238 0.1714935 0.1862132 0.1714935 0.1658659 0.1196561 0.1990727 0.2241596 0.0774014 0.1432133 0.1444774 0.0000000 0.1990727 0.3222811 0.3944788 0.3222811 0.2942475 0.3105002 0.3389415 0.3750574 0.3235839 0.3405177 0.2942475 0.3488716 0.2857696 0.2646462 0.1685774 0.1436491 0.2294601 0.2547996 0.1862132 0.2525939 0.2264438 0.1172546 0.2156091 0.1658659 0.2500568 0.2279541 0.0685346 0.2268677 0.1963702 0.2043567 0.1688142 0.1172546 0.2594540 0.2007290 0.1444774 0.1977664 
