8
Hdim.9015  0.0000000 0.4111195 0.4142778 0.7282967 0.5538637 0.7631737 0.3568220 0.7000746 
Hdim.9922  0.4111195 0.0000000 0.0284836 0.7063858 0.6761018 0.5939019 0.2769091 0.7465403 
Hdim.10009 0.4142778 0.0284836 0.0000000 0.7150161 0.6972716 0.6254364 0.2870539 0.7633303 
Hdim.7325  0.7282967 0.7063858 0.7150161 0.0000000 1.1252200 1.1203960 0.5621587 0.6503103 
Hdim.7438  0.5538637 0.6761018 0.6972716 1.1252200 0.0000000 1.1537737 0.5724987 0.9816569 
Hdim.2160  0.7631737 0.5939019 0.6254364 1.1203960 1.1537737 0.0000000 0.4482246 0.9287827 
Hdim.3518  0.3568220 0.2769091 0.2870539 0.5621587 0.5724987 0.4482246 0.0000000 0.5531558 
Hdim.8076  0.7000746 0.7465403 0.7633303 0.6503103 0.9816569 0.9287827 0.5531558 0.0000000 
