11
Mlig.4770  0.0000000 1.3734762 1.3734762 1.3734762 0.4531034 0.4510534 0.4510534 0.0161559 0.0243216 1.0369327 1.0369327 
Mlig.31711 1.3734762 0.0000000 0.0000010 0.0000010 1.2449347 1.2637739 1.2637739 1.3634658 1.3676494 0.9409251 0.9409251 
Mlig.31712 1.3734762 0.0000010 0.0000000 0.0000010 1.2449347 1.2637739 1.2637739 1.3634658 1.3676494 0.9409251 0.9409251 
Mlig.31713 1.3734762 0.0000010 0.0000010 0.0000000 1.2449347 1.2637739 1.2637739 1.3634658 1.3676494 0.9409251 0.9409251 
Mlig.45995 0.4531034 1.2449347 1.2449347 1.2449347 0.0000000 0.0241684 0.0241684 0.4582508 0.4633599 0.8659846 0.8659846 
Mlig.45996 0.4510534 1.2637739 1.2637739 1.2637739 0.0241684 0.0000000 0.0000010 0.4445231 0.4497024 0.8649747 0.8649747 
Mlig.45997 0.4510534 1.2637739 1.2637739 1.2637739 0.0241684 0.0000010 0.0000000 0.4445231 0.4497024 0.8649747 0.8649747 
Mlig.4769  0.0161559 1.3634658 1.3634658 1.3634658 0.4582508 0.4445231 0.4445231 0.0000000 0.0161976 1.0242167 1.0242167 
Mlig.4771  0.0243216 1.3676494 1.3676494 1.3676494 0.4633599 0.4497024 0.4497024 0.0161976 0.0000000 1.0251083 1.0251083 
Mlig.43089 1.0369327 0.9409251 0.9409251 0.9409251 0.8659846 0.8649747 0.8649747 1.0242167 1.0251083 0.0000000 0.0000010 
Mlig.43090 1.0369327 0.9409251 0.9409251 0.9409251 0.8659846 0.8649747 0.8649747 1.0242167 1.0251083 0.0000010 0.0000000 
