9
Mlig.36492 0.0000000 0.0000010 0.0025251 0.6762803 0.6681220 0.6693274 0.6610242 0.6623096 0.6620689 
Mlig.16746 0.0000010 0.0000000 0.0025251 0.6762803 0.6681220 0.6693274 0.6610242 0.6623096 0.6620689 
Mlig.16747 0.0025251 0.0025251 0.0000000 0.6770745 0.6689130 0.6701195 0.6618067 0.6630924 0.6628516 
Mlig.48637 0.6762803 0.6762803 0.6770745 0.0000000 0.0088213 0.0088282 0.1651494 0.1644186 0.1636713 
Mlig.38519 0.6681220 0.6681220 0.6689130 0.0088213 0.0000000 0.0012522 0.1613622 0.1606331 0.1598881 
Mlig.48636 0.6693274 0.6693274 0.6701195 0.0088282 0.0012522 0.0000000 0.1614800 0.1607504 0.1600049 
Mlig.19995 0.6610242 0.6610242 0.6618067 0.1651494 0.1613622 0.1614800 0.0000000 0.0018646 0.0012427 
Mlig.19994 0.6623096 0.6623096 0.6630924 0.1644186 0.1606331 0.1607504 0.0018646 0.0000000 0.0006212 
Mlig.41944 0.6620689 0.6620689 0.6628516 0.1636713 0.1598881 0.1600049 0.0012427 0.0006212 0.0000000 
