14
Mlig.14000 0.0000000 0.9680752 0.9517032 0.9405644 1.1192530 1.3247666 0.8797288 0.8294148 0.9908038 0.9908038 0.8251466 0.7914866 0.8556597 0.8661872 
Mlig.28651 0.9680752 0.0000000 0.0180271 0.0180077 0.7508179 1.3953743 0.6265791 0.5949444 0.6940586 0.6940586 0.5637992 0.6136457 0.6100748 0.6511335 
Mlig.28650 0.9517032 0.0180271 0.0000000 0.0071393 0.7388531 1.3625521 0.6264408 0.5847942 0.6983826 0.6983826 0.5570970 0.6063549 0.6101995 0.6510813 
Mlig.28652 0.9405644 0.0180077 0.0071393 0.0000000 0.7428660 1.3488261 0.6316101 0.5896970 0.7039089 0.7039089 0.5618809 0.6114301 0.6152517 0.6563526 
Mlig.2355  1.1192530 0.7508179 0.7388531 0.7428660 0.0000000 1.3815363 0.5765520 0.5735541 0.6443616 0.6443616 0.5572525 0.5510166 0.5367515 0.5593501 
Mlig.35052 1.3247666 1.3953743 1.3625521 1.3488261 1.3815363 0.0000000 1.3932998 1.3298103 1.4048535 1.4048535 1.2800389 1.2119315 1.3574075 1.3757227 
Mlig.38683 0.8797288 0.6265791 0.6264408 0.6316101 0.5765520 1.3932998 0.0000000 0.1790799 0.3613173 0.3613173 0.1776529 0.2390941 0.2151589 0.2349986 
Mlig.9768  0.8294148 0.5949444 0.5847942 0.5896970 0.5735541 1.3298103 0.1790799 0.0000000 0.3233193 0.3233193 0.1902587 0.2023937 0.1806793 0.2205564 
Mlig.11526 0.9908038 0.6940586 0.6983826 0.7039089 0.6443616 1.4048535 0.3613173 0.3233193 0.0000000 0.0000010 0.2991574 0.3329977 0.2669457 0.3151144 
Mlig.22433 0.9908038 0.6940586 0.6983826 0.7039089 0.6443616 1.4048535 0.3613173 0.3233193 0.0000010 0.0000000 0.2991574 0.3329977 0.2669457 0.3151144 
Mlig.28679 0.8251466 0.5637992 0.5570970 0.5618809 0.5572525 1.2800389 0.1776529 0.1902587 0.2991574 0.2991574 0.0000000 0.1733768 0.2066661 0.2202316 
Mlig.11723 0.7914866 0.6136457 0.6063549 0.6114301 0.5510166 1.2119315 0.2390941 0.2023937 0.3329977 0.3329977 0.1733768 0.0000000 0.1913734 0.2122844 
Mlig.2849  0.8556597 0.6100748 0.6101995 0.6152517 0.5367515 1.3574075 0.2151589 0.1806793 0.2669457 0.2669457 0.2066661 0.1913734 0.0000000 0.0419240 
Mlig.2952  0.8661872 0.6511335 0.6510813 0.6563526 0.5593501 1.3757227 0.2349986 0.2205564 0.3151144 0.3151144 0.2202316 0.2122844 0.0419240 0.0000000 
