6
Mlig.121   0.0000000 0.0020258 0.0000010 0.3038335 0.3012256 0.3012029 
Mlig.119   0.0020258 0.0000000 0.0020258 0.3038518 0.3012438 0.3012211 
Mlig.120   0.0000010 0.0020258 0.0000000 0.3038335 0.3012256 0.3012029 
Mlig.30573 0.3038335 0.3038518 0.3038335 0.0000000 0.0020138 0.0060580 
Mlig.46944 0.3012256 0.3012438 0.3012256 0.0020138 0.0000000 0.0040361 
Mlig.9287  0.3012029 0.3012211 0.3012029 0.0060580 0.0040361 0.0000000 
