9
Mlig.44447 0.0000000 0.0063499 0.0063499 0.4606924 0.4359593 0.4359593 0.5328406 0.3568984 0.3568984 
Mlig.44448 0.0063499 0.0000000 0.0000010 0.4525300 0.4277610 0.4277610 0.5239528 0.3489649 0.3489649 
Mlig.44449 0.0063499 0.0000010 0.0000000 0.4525300 0.4277610 0.4277610 0.5239528 0.3489649 0.3489649 
Mlig.36046 0.4606924 0.4525300 0.4525300 0.0000000 0.0192137 0.0192137 0.3012414 0.1686832 0.1686832 
Mlig.36044 0.4359593 0.4277610 0.4277610 0.0192137 0.0000000 0.0000010 0.2833385 0.1472857 0.1472857 
Mlig.36045 0.4359593 0.4277610 0.4277610 0.0192137 0.0000010 0.0000000 0.2833385 0.1472857 0.1472857 
Mlig.15536 0.5328406 0.5239528 0.5239528 0.3012414 0.2833385 0.2833385 0.0000000 0.1308402 0.1308402 
Mlig.15534 0.3568984 0.3489649 0.3489649 0.1686832 0.1472857 0.1472857 0.1308402 0.0000000 0.0000010 
Mlig.15537 0.3568984 0.3489649 0.3489649 0.1686832 0.1472857 0.1472857 0.1308402 0.0000010 0.0000000 
