8
Mcor.11069 0.0000000 1.1813699 1.4693115 1.2227179 0.5747086 0.8009012 0.5933153 0.2631074 
Mcor.5772  1.1813699 0.0000000 0.5940532 0.4943631 1.0067939 1.0733922 1.0941888 0.9293482 
Mcor.5775  1.4693115 0.5940532 0.0000000 0.6604311 1.3306448 1.6766477 1.6009081 1.2999543 
Mcor.7421  1.2227179 0.4943631 0.6604311 0.0000000 1.1195368 1.3389516 1.2270036 1.0362738 
Mcor.9992  0.5747086 1.0067939 1.3306448 1.1195368 0.0000000 0.7865248 0.6047341 0.4596733 
Mcor.8295  0.8009012 1.0733922 1.6766477 1.3389516 0.7865248 0.0000000 0.4737792 0.6432484 
Mcor.8296  0.5933153 1.0941888 1.6009081 1.2270036 0.6047341 0.4737792 0.0000000 0.3913416 
Mcor.11071 0.2631074 0.9293482 1.2999543 1.0362738 0.4596733 0.6432484 0.3913416 0.0000000 
