8
Mlig.20616 0.0000000 0.0059978 0.0039976 0.9263532 0.9209442 0.9209442 1.4526562 1.4193477 
Mlig.20617 0.0059978 0.0000000 0.0059989 0.9355212 0.9300733 0.9300733 1.4473982 1.4198400 
Mlig.20618 0.0039976 0.0059989 0.0000000 0.9361105 0.9306455 0.9306455 1.4508648 1.4232793 
Mlig.35898 0.9263532 0.9355212 0.9361105 0.0000000 0.0082284 0.0082284 1.3512879 1.3377862 
Mlig.35897 0.9209442 0.9300733 0.9306455 0.0082284 0.0000000 0.0000010 1.3442434 1.3307940 
Mlig.35899 0.9209442 0.9300733 0.9306455 0.0082284 0.0000010 0.0000000 1.3442434 1.3307940 
Mlig.3446  1.4526562 1.4473982 1.4508648 1.3512879 1.3442434 1.3442434 0.0000000 0.0385416 
Mlig.33840 1.4193477 1.4198400 1.4232793 1.3377862 1.3307940 1.3307940 0.0385416 0.0000000 
