8
Ecan.9846  0.0000000 0.3065313 0.2543701 0.1485010 0.0611586 0.0615363 0.1341809 0.2669258 
Ecan.9824  0.3065313 0.0000000 0.0816290 0.1322208 0.3439429 0.3889787 0.1463337 0.5935557 
Ecan.9826  0.2543701 0.0816290 0.0000000 0.2277520 0.2887911 0.3345878 0.1023603 0.4808354 
Ecan.9796  0.1485010 0.1322208 0.2277520 0.0000000 0.1758893 0.2197545 0.1100391 0.3970989 
Ecan.9817  0.0611586 0.3439429 0.2887911 0.1758893 0.0000000 0.0398603 0.1625568 0.2782395 
Ecan.9832  0.0615363 0.3889787 0.3345878 0.2197545 0.0398603 0.0000000 0.2091164 0.2335097 
Ecan.9643  0.1341809 0.1463337 0.1023603 0.1100391 0.1625568 0.2091164 0.0000000 0.3986242 
Ecan.9797  0.2669258 0.5935557 0.4808354 0.3970989 0.2782395 0.2335097 0.3986242 0.0000000 
