12
Mlig.20862 0.0000000 0.0027978 0.4104883 0.4114710 0.5862816 0.5862816 0.5862816 1.2702065 1.2797371 1.2797371 0.4650363 0.4654829 
Mlig.21381 0.0027978 0.0000000 0.4135900 0.4145783 0.5876633 0.5876633 0.5876633 1.2626260 1.2721182 1.2721182 0.4683512 0.4688014 
Mlig.4656  0.4104883 0.4135900 0.0000000 0.0028009 0.5309011 0.5309011 0.5309011 1.1985929 1.1978433 1.1978433 0.3478229 0.3481447 
Mlig.45330 0.4114710 0.4145783 0.0028009 0.0000000 0.5321762 0.5321762 0.5321762 1.2007339 1.1999817 1.1999817 0.3479999 0.3483217 
Mlig.15573 0.5862816 0.5876633 0.5309011 0.5321762 0.0000000 0.0000010 0.0000010 1.3099622 1.3091249 1.3091249 0.4157783 0.4143107 
Mlig.6968  0.5862816 0.5876633 0.5309011 0.5321762 0.0000010 0.0000000 0.0000010 1.3099622 1.3091249 1.3091249 0.4157783 0.4143107 
Mlig.23728 0.5862816 0.5876633 0.5309011 0.5321762 0.0000010 0.0000010 0.0000000 1.3099622 1.3091249 1.3091249 0.4157783 0.4143107 
Mlig.4724  1.2702065 1.2626260 1.1985929 1.2007339 1.3099622 1.3099622 1.3099622 0.0000000 0.0028195 0.0028195 1.3477556 1.3429939 
Mlig.12426 1.2797371 1.2721182 1.1978433 1.1999817 1.3091249 1.3091249 1.3091249 0.0028195 0.0000000 0.0000010 1.3387928 1.3340636 
Mlig.12427 1.2797371 1.2721182 1.1978433 1.1999817 1.3091249 1.3091249 1.3091249 0.0028195 0.0000010 0.0000000 1.3387928 1.3340636 
Mlig.21781 0.4650363 0.4683512 0.3478229 0.3479999 0.4157783 0.4157783 0.4157783 1.3477556 1.3387928 1.3387928 0.0000000 0.0013977 
Mlig.21782 0.4654829 0.4688014 0.3481447 0.3483217 0.4143107 0.4143107 0.4143107 1.3429939 1.3340636 1.3340636 0.0013977 0.0000000 
