7
Mlig.17934 0.0000000 0.0065285 0.7507791 0.7507791 0.6841790 0.5095433 0.5095433 
Mlig.17935 0.0065285 0.0000000 0.7618590 0.7618590 0.6828781 0.5084530 0.5084530 
Mlig.5014  0.7507791 0.7618590 0.0000000 0.0000010 1.0024203 0.8298111 0.8298111 
Mlig.5015  0.7507791 0.7618590 0.0000010 0.0000000 1.0024203 0.8298111 0.8298111 
Mlig.39513 0.6841790 0.6828781 1.0024203 1.0024203 0.0000000 0.4435424 0.4435424 
Mlig.16545 0.5095433 0.5084530 0.8298111 0.8298111 0.4435424 0.0000000 0.0000010 
Mlig.16671 0.5095433 0.5084530 0.8298111 0.8298111 0.4435424 0.0000010 0.0000000 
