7
Mlig.20884 0.0000000 0.0219313 0.0219313 0.4504659 0.2695399 0.2695399 0.2632801 
Mlig.30379 0.0219313 0.0000000 0.0000010 0.4646416 0.2520253 0.2520253 0.2459089 
Mlig.30380 0.0219313 0.0000010 0.0000000 0.4646416 0.2520253 0.2520253 0.2459089 
Mlig.17701 0.4504659 0.4646416 0.4646416 0.0000000 0.5038074 0.5038074 0.4829982 
Mlig.17245 0.2695399 0.2520253 0.2520253 0.5038074 0.0000000 0.0000010 0.0217675 
Mlig.17246 0.2695399 0.2520253 0.2520253 0.5038074 0.0000010 0.0000000 0.0217675 
Mlig.17247 0.2632801 0.2459089 0.2459089 0.4829982 0.0217675 0.0217675 0.0000000 
