9
Hdim.3939  0.0000000 4.7214892 0.6340575 0.7970651 0.2755859 1.9329491 0.2786803 0.2786803 0.1717402 
Hdim.8126  4.7214892 0.0000000 2.2924268 5.1298118 3.4686972 2.8391086 2.5352372 2.5352372 4.3792873 
Hdim.4817  0.6340575 2.2924268 0.0000000 1.5207324 0.3377906 1.9524304 0.4790970 0.4790970 0.7203827 
Hdim.13343 0.7970651 5.1298118 1.5207324 0.0000000 0.5012328 1.9756004 0.7013627 0.7013627 0.4663920 
Hdim.11317 0.2755859 3.4686972 0.3377906 0.5012328 0.0000000 1.7472553 0.1775316 0.1775316 0.1915582 
Hdim.11413 1.9329491 2.8391086 1.9524304 1.9756004 1.7472553 0.0000000 1.4219909 1.4219909 2.0142131 
Hdim.4222  0.2786803 2.5352372 0.4790970 0.7013627 0.1775316 1.4219909 0.0000000 0.0000010 0.4240639 
Hdim.4226  0.2786803 2.5352372 0.4790970 0.7013627 0.1775316 1.4219909 0.0000010 0.0000000 0.4240639 
Hdim.10325 0.1717402 4.3792873 0.7203827 0.4663920 0.1915582 2.0142131 0.4240639 0.4240639 0.0000000 
