7
Mlig.14128 0.0000000 0.7910849 0.7961915 0.7905399 1.0641595 1.0621973 1.0695527 
Mlig.6573  0.7910849 0.0000000 0.0052345 0.0034837 0.8235831 0.8316021 0.8414853 
Mlig.6571  0.7961915 0.0052345 0.0000000 0.0017418 0.8312999 0.8393861 0.8478645 
Mlig.6572  0.7905399 0.0034837 0.0017418 0.0000000 0.8254264 0.8334571 0.8418905 
Mlig.1252  1.0641595 0.8235831 0.8312999 0.8254264 0.0000000 0.0051642 0.6542080 
Mlig.1591  1.0621973 0.8316021 0.8393861 0.8334571 0.0051642 0.0000000 0.6547205 
Mlig.17833 1.0695527 0.8414853 0.8478645 0.8418905 0.6542080 0.6547205 0.0000000 
