7
Mlig.36673 0.0000000 0.0026668 0.0000010 1.0074981 1.0011090 1.0558557 1.0891110 
Mlig.15752 0.0026668 0.0000000 0.0026668 1.0142354 1.0078059 1.0628626 1.0966308 
Mlig.36668 0.0000010 0.0026668 0.0000000 1.0074981 1.0011090 1.0558557 1.0891110 
Mlig.36667 1.0074981 1.0142354 1.0074981 0.0000000 0.0054710 1.5146441 0.0442819 
Mlig.36670 1.0011090 1.0078059 1.0011090 0.0054710 0.0000000 1.5050765 0.0471752 
Mlig.16647 1.0558557 1.0628626 1.0558557 1.5146441 1.5050765 0.0000000 1.5306182 
Mlig.36672 1.0891110 1.0966308 1.0891110 0.0442819 0.0471752 1.5306182 0.0000000 
