6
Smed.29247 0.0000000 0.6429137 0.6218104 0.5971661 0.5928838 0.6155444 
Smed.190   0.6429137 0.0000000 0.0478960 0.0534198 0.0588423 0.0536937 
Smed.21673 0.6218104 0.0478960 0.0000000 0.0364818 0.0443786 0.0312886 
Smed.15682 0.5971661 0.0534198 0.0364818 0.0000000 0.0283606 0.0154095 
Smed.5849  0.5928838 0.0588423 0.0443786 0.0283606 0.0000000 0.0232886 
Smed.7862  0.6155444 0.0536937 0.0312886 0.0154095 0.0232886 0.0000000 
