8
Mlig.446   0.0000000 0.0106994 0.7869296 0.7869296 0.7839079 0.6993684 0.7089803 0.7100590 
Mlig.447   0.0106994 0.0000000 0.7785849 0.7785849 0.7755900 0.7211024 0.7308528 0.7319193 
Mlig.31143 0.7869296 0.7785849 0.0000000 0.0000010 0.0103931 0.6339789 0.6435321 0.6369112 
Mlig.31145 0.7869296 0.7785849 0.0000010 0.0000000 0.0103931 0.6339789 0.6435321 0.6369112 
Mlig.31144 0.7839079 0.7755900 0.0103931 0.0103931 0.0000000 0.6396630 0.6492296 0.6425919 
Mlig.41688 0.6993684 0.7211024 0.6339789 0.6339789 0.6396630 0.0000000 0.0078310 0.0104674 
Mlig.41687 0.7089803 0.7308528 0.6435321 0.6435321 0.6492296 0.0078310 0.0000000 0.0025992 
Mlig.41689 0.7100590 0.7319193 0.6369112 0.6369112 0.6425919 0.0104674 0.0025992 0.0000000 
