6
Mlig.24866 0.0000000 0.0035948 0.0035948 0.6228803 0.6232288 0.6232288 
Mlig.32057 0.0035948 0.0000000 0.0000010 0.6169054 0.6172506 0.6172506 
Mlig.42479 0.0035948 0.0000010 0.0000000 0.6169054 0.6172506 0.6172506 
Mlig.44950 0.6228803 0.6169054 0.6169054 0.0000000 0.0035824 0.0035824 
Mlig.44951 0.6232288 0.6172506 0.6172506 0.0035824 0.0000000 0.0000010 
Mlig.44954 0.6232288 0.6172506 0.6172506 0.0035824 0.0000010 0.0000000 
