7
Smed.14578 0.0000000 0.0696928 0.9884458 1.0961706 1.1045057 1.1045057 1.0950498 
Smed.24731 0.0696928 0.0000000 0.8314358 0.9738701 0.9409079 0.9409079 0.9333544 
Smed.27366 0.9884458 0.8314358 0.0000000 0.2698721 0.0705100 0.0705100 0.0557985 
Smed.14577 1.0961706 0.9738701 0.2698721 0.0000000 0.2048493 0.2048493 0.2219356 
Smed.22521 1.1045057 0.9409079 0.0705100 0.2048493 0.0000000 0.0000010 0.0136758 
Smed.21537 1.1045057 0.9409079 0.0705100 0.2048493 0.0000010 0.0000000 0.0136758 
Smed.24415 1.0950498 0.9333544 0.0557985 0.2219356 0.0136758 0.0136758 0.0000000 
