9
Smed.19744 0.0000000 0.0337337 0.0680156 0.1030590 0.1758670 0.0681776 0.0700443 0.1030590 0.0681327 
Smed.1182  0.0337337 0.0000000 0.0329826 0.0666006 0.1360455 0.1034557 0.1062031 0.0666006 0.0330440 
Smed.8089  0.0680156 0.0329826 0.0000000 0.1007263 0.1717793 0.1392397 0.1428265 0.1007263 0.0666023 
Smed.17759 0.1030590 0.0666006 0.1007263 0.0000000 0.1346327 0.1023743 0.1012835 0.0659328 0.0327169 
Smed.11325 0.1758670 0.1360455 0.1717793 0.1346327 0.0000000 0.1746927 0.1790507 0.0655760 0.1000837 
Smed.7784  0.0681776 0.1034557 0.1392397 0.1023743 0.1746927 0.0000000 0.0695653 0.1023743 0.0676782 
Smed.19987 0.0700443 0.1062031 0.1428265 0.1012835 0.1790507 0.0695653 0.0000000 0.1050669 0.0695186 
Smed.172   0.1030590 0.0666006 0.1007263 0.0659328 0.0655760 0.1023743 0.1050669 0.0000000 0.0327169 
Smed.15159 0.0681327 0.0330440 0.0666023 0.0327169 0.1000837 0.0676782 0.0695186 0.0327169 0.0000000 
