6
Mlig.7626  0.0000000 0.0000010 0.0073028 0.3418887 0.3494940 0.3542542 
Mlig.34537 0.0000010 0.0000000 0.0073028 0.3418887 0.3494940 0.3542542 
Mlig.34538 0.0073028 0.0073028 0.0000000 0.3523360 0.3600376 0.3648324 
Mlig.14309 0.3418887 0.3418887 0.3523360 0.0000000 0.0144427 0.0180685 
Mlig.9905  0.3494940 0.3494940 0.3600376 0.0144427 0.0000000 0.0035820 
Mlig.9906  0.3542542 0.3542542 0.3648324 0.0180685 0.0035820 0.0000000 
