8
Smed.26597 0.0000000 0.0599620 0.0984010 0.0756164 0.0966896 0.0608711 0.0722538 0.0480036 
Smed.7975  0.0599620 0.0000000 0.0933779 0.0625379 0.0786829 0.0239629 0.0597157 0.0357100 
Smed.4090  0.0984010 0.0933779 0.0000000 0.1159138 0.1104947 0.0996728 0.1109824 0.0860246 
Smed.13861 0.0756164 0.0625379 0.1159138 0.0000000 0.1005653 0.0635177 0.0752897 0.0501219 
Smed.11662 0.0966896 0.0786829 0.1104947 0.1005653 0.0000000 0.0851232 0.0962827 0.0719657 
Smed.6191  0.0608711 0.0239629 0.0996728 0.0635177 0.0851232 0.0000000 0.0606175 0.0362687 
Smed.14877 0.0722538 0.0597157 0.1109824 0.0752897 0.0962827 0.0606175 0.0000000 0.0478074 
Smed.21434 0.0480036 0.0357100 0.0860246 0.0501219 0.0719657 0.0362687 0.0478074 0.0000000 
