90
Smed.9895  0.0000000 1.6044809 1.5116059 1.1670509 1.2448579 1.3111519 1.3580625 1.3075431 1.3111519 1.4112161 1.4080191 1.6153607 1.5574295 1.5116059 1.3749780 1.5475119 1.3104473 1.6153607 1.5611708 1.5881572 1.4236777 1.1682344 1.0611121 1.0611121 1.2878529 0.2742551 0.2313163 0.2353551 1.4593513 1.4398645 1.2641478 1.2614729 1.1814144 1.4067613 1.3315240 1.3219434 1.1111000 1.5951350 1.4412711 1.5845812 1.3508115 1.5135060 1.5845812 1.5611708 1.6272533 1.4405224 1.4352569 1.6184036 1.4352569 1.3168131 1.3685604 1.4080191 1.6500649 1.6538260 1.8742865 1.7907563 1.6044809 1.3806354 1.3935985 1.3548355 1.5908477 1.5498624 1.4372464 1.4130976 1.5132174 1.3743037 1.4934526 1.3177221 1.3743037 1.3177221 1.3412660 1.3412660 1.3500549 1.4174701 1.6125332 1.5247087 1.4872413 1.4412711 1.4767078 1.5135060 1.5498624 1.5021742 1.6951086 1.5247087 1.6131014 1.6125007 1.4229053 1.3162267 1.3749780 1.4767078 
Smed.27029 1.6044809 0.0000000 0.0308874 0.5340450 0.2770308 0.2378079 0.3619904 0.3523513 0.2378079 0.2784335 0.2593517 0.1325907 0.0614709 0.0308874 0.1682254 0.1664177 0.2053909 0.1325907 0.2115465 0.0624697 0.0531546 0.2738001 0.3001137 0.3001137 0.4407363 1.4142101 1.5051590 1.3896367 0.5396330 0.6071693 0.6004735 0.5340847 0.4433861 0.4369420 0.4413257 0.4348910 0.2656242 0.3031399 0.2107231 0.1359615 0.5970810 0.1746039 0.1359615 0.2115465 0.0635047 0.0629219 0.0629890 0.0635763 0.0629890 0.2384432 0.2032063 0.2593517 0.1731249 0.2489250 0.1738573 0.1249007 0.0000010 0.2369259 0.2389613 0.4886133 0.2096488 0.2203988 0.2814384 0.1945598 0.2795482 0.2723054 0.2059258 0.2025937 0.2723054 0.2025937 0.3194402 0.3194402 0.4085012 0.2422471 0.0303709 0.0309319 0.2581801 0.2107231 0.0991902 0.1746039 0.2203988 0.0992528 0.0306959 0.0309319 0.0627396 0.0633794 0.1869691 0.4499544 0.1682254 0.0991902 
Smed.9433  1.5116059 0.0308874 0.0000000 0.5829357 0.2373956 0.1997139 0.3186539 0.3102434 0.1997139 0.2386187 0.2175334 0.0973585 0.0307567 0.0000010 0.1318044 0.1303584 0.1675938 0.0973585 0.1727170 0.0305720 0.0310639 0.2752534 0.3017111 0.3017111 0.3985086 1.3323594 1.4199354 1.3081655 0.4892728 0.5537081 0.5473598 0.4896940 0.4015428 0.4817973 0.3950662 0.3891835 0.2669843 0.3475883 0.2502578 0.1729653 0.6015590 0.2132918 0.1729653 0.1727170 0.0310639 0.0307915 0.0308174 0.0310993 0.0308174 0.2003141 0.1659103 0.2175334 0.1368360 0.2089734 0.1358205 0.0910468 0.0308874 0.1989197 0.2005524 0.4409818 0.2490839 0.2620449 0.2411328 0.1587001 0.2392855 0.2334655 0.1678796 0.1653509 0.2334655 0.1653509 0.2779825 0.2779825 0.3677176 0.2032922 0.0618452 0.0629890 0.3006594 0.2502578 0.1345273 0.2132918 0.2620449 0.1347064 0.0624990 0.0629890 0.0958366 0.0968305 0.1479487 0.4073096 0.1318044 0.1345273 
Smed.9374  1.1670509 0.5340450 0.5829357 0.0000000 0.3367821 0.3730431 0.3799154 0.4396071 0.3730431 0.3370871 0.5803810 0.5492065 0.6356716 0.5829357 0.4541799 0.4964344 0.4981936 0.5492065 0.5126574 0.6162611 0.6359409 0.4561164 0.3618043 0.3618043 0.4525910 0.9343277 1.0330666 0.9412222 0.4194611 0.3791077 0.5236476 0.4607680 0.3711503 0.1176211 0.3703006 0.3649899 0.4050671 0.5792161 0.5679129 0.4759750 0.1795897 0.5270388 0.4759750 0.5126574 0.6033035 0.6334210 0.5408678 0.6401666 0.5408678 0.3815585 0.4177601 0.5803810 0.6160361 0.5560207 0.8063602 0.7192970 0.5340450 0.4422827 0.4481991 0.3229088 0.5673294 0.5813917 0.4223523 0.4588351 0.5454523 0.4084680 0.5519017 0.4084680 0.4065722 0.4084680 0.3012991 0.3012991 0.3898291 0.3721024 0.5766030 0.4930204 0.5268696 0.5679129 0.4606511 0.5270388 0.5813917 0.4635779 0.5794562 0.4930204 0.5385663 0.5451103 0.6334409 0.4590267 0.4541799 0.4606511 
Smed.3995  1.2448579 0.2770308 0.2373956 0.3367821 0.0000000 0.0293128 0.0916092 0.1213823 0.0293128 0.0600599 0.1671890 0.2072869 0.2760994 0.2373956 0.0905257 0.1686485 0.1228465 0.2072869 0.1276182 0.2740637 0.2789994 0.2311710 0.1547496 0.1547496 0.1960829 1.0354748 1.1360654 1.0415202 0.1961808 0.4782706 0.3139688 0.1968597 0.1268108 0.3310588 0.1250716 0.1230477 0.1902723 0.2326347 0.2328852 0.1644116 0.3609361 0.2026811 0.1644116 0.1276182 0.2453673 0.2759103 0.2024537 0.2775352 0.2024537 0.0909421 0.0600553 0.1671890 0.2541205 0.1610565 0.3840816 0.3448895 0.2770308 0.0887972 0.0893776 0.3764294 0.2368387 0.2326808 0.0606051 0.1539378 0.1589908 0.0589257 0.1607762 0.0589257 0.0589257 0.0589257 0.0298097 0.0298097 0.0942193 0.0905261 0.3125369 0.2411736 0.1909135 0.2328852 0.1592154 0.2026811 0.2326808 0.2260015 0.3151168 0.2411736 0.2792241 0.2823314 0.2681162 0.1587054 0.0905257 0.1592154 
Smed.2181  1.3111519 0.2378079 0.1997139 0.3730431 0.0293128 0.0000000 0.1230974 0.0892729 0.0000010 0.0294763 0.1310981 0.1695953 0.2369748 0.1997139 0.0592410 0.1325269 0.0904186 0.1695953 0.0939251 0.2352692 0.2394409 0.2656691 0.1868731 0.1868731 0.2252771 1.0935955 1.1962534 1.0992654 0.2305173 0.5182910 0.3512349 0.2313145 0.1597308 0.2917848 0.1575145 0.1550098 0.2233784 0.2705979 0.2694116 0.1985618 0.3962276 0.2379402 0.1985618 0.0939251 0.2063729 0.2368779 0.2373956 0.2397279 0.2373956 0.0595242 0.0294716 0.1310981 0.2139298 0.1264029 0.3383912 0.3041323 0.2378079 0.0581426 0.0584974 0.4133771 0.2724276 0.2706534 0.0297365 0.1208903 0.1248783 0.0289342 0.1262636 0.0289342 0.0289342 0.0289342 0.0600599 0.0600599 0.1265865 0.0592456 0.2723303 0.2770308 0.2279420 0.2694116 0.1923130 0.2379402 0.2706534 0.2599290 0.2746925 0.2770308 0.3157369 0.3192602 0.2271661 0.1855717 0.0592410 0.1923130 
Smed.11499 1.3580625 0.3619904 0.3186539 0.3799154 0.0916092 0.1230974 0.0000000 0.2240984 0.1230974 0.0919847 0.2403159 0.2841972 0.3608821 0.3186539 0.1572229 0.2792394 0.1921621 0.2841972 0.1947115 0.3580935 0.3647686 0.3103640 0.2605285 0.2605285 0.1988623 1.1293160 1.1017127 1.1349238 0.1638296 0.4860243 0.3187469 0.2382614 0.1621867 0.3732095 0.1598982 0.1573187 0.2648472 0.3613539 0.3167934 0.2405319 0.4093093 0.2827052 0.2405319 0.1947115 0.3295954 0.3604244 0.2816582 0.3636970 0.2816582 0.1578835 0.1251748 0.2403159 0.3369758 0.2309222 0.4847560 0.4339329 0.3619904 0.1825651 0.1878705 0.3820901 0.2429224 0.3200059 0.1593863 0.2591069 0.2633258 0.1546425 0.2302183 0.1546425 0.1499703 0.1546425 0.0608627 0.0608627 0.1284684 0.1232434 0.4001174 0.3239482 0.3142690 0.3167934 0.2327528 0.2827052 0.3200059 0.3037302 0.4030453 0.3239482 0.3650047 0.3692502 0.3523337 0.1947588 0.1572229 0.2327528 
Smed.17494 1.3075431 0.3523513 0.3102434 0.4396071 0.1213823 0.0892729 0.2240984 0.0000000 0.0892729 0.1220196 0.2382404 0.2805240 0.3512808 0.3102434 0.1532935 0.2394009 0.1873273 0.2805240 0.1944798 0.3486294 0.3549830 0.2963560 0.2158679 0.2158679 0.2568080 1.1337976 1.2400719 1.1393355 0.2612616 0.5467586 0.3438747 0.2621245 0.1897369 0.3548783 0.1871035 0.1842060 0.2530186 0.3956571 0.3896191 0.3096219 0.4609798 0.3537790 0.3096219 0.1944798 0.3206606 0.3508660 0.3518715 0.3554915 0.3518715 0.1539275 0.1220264 0.2382404 0.3314092 0.2292678 0.4381929 0.4224926 0.3523513 0.1502647 0.1513468 0.4465607 0.3905729 0.3957079 0.1231659 0.2190717 0.2260465 0.1196439 0.2286005 0.1196439 0.1196439 0.1196439 0.1556061 0.1556061 0.2304629 0.1532776 0.3894574 0.3958219 0.3481765 0.3896191 0.2997586 0.3537790 0.3957079 0.3720371 0.3923012 0.3958219 0.4380294 0.3568574 0.3462660 0.2955993 0.1532935 0.2997586 
Smed.8441  1.3111519 0.2378079 0.1997139 0.3730431 0.0293128 0.0000010 0.1230974 0.0892729 0.0000000 0.0294763 0.1310981 0.1695953 0.2369748 0.1997139 0.0592410 0.1325269 0.0904186 0.1695953 0.0939251 0.2352692 0.2394409 0.2656691 0.1868731 0.1868731 0.2252771 1.0935955 1.1962534 1.0992654 0.2305173 0.5182910 0.3512349 0.2313145 0.1597308 0.2917848 0.1575145 0.1550098 0.2233784 0.2705979 0.2694116 0.1985618 0.3962276 0.2379402 0.1985618 0.0939251 0.2063729 0.2368779 0.2373956 0.2397279 0.2373956 0.0595242 0.0294716 0.1310981 0.2139298 0.1264029 0.3383912 0.3041323 0.2378079 0.0581426 0.0584974 0.4133771 0.2724276 0.2706534 0.0297365 0.1208903 0.1248783 0.0289342 0.1262636 0.0289342 0.0289342 0.0289342 0.0600599 0.0600599 0.1265865 0.0592456 0.2723303 0.2770308 0.2279420 0.2694116 0.1923130 0.2379402 0.2706534 0.2599290 0.2746925 0.2770308 0.3157369 0.3192602 0.2271661 0.1855717 0.0592410 0.1923130 
Smed.13177 1.4112161 0.2784335 0.2386187 0.3370871 0.0600599 0.0294763 0.0919847 0.1220196 0.0294763 0.0000000 0.1624369 0.2034600 0.2774959 0.2386187 0.0910125 0.1639470 0.1234964 0.2034600 0.1216909 0.2754422 0.2804205 0.3062579 0.2233402 0.2233402 0.1904503 1.1796169 1.2862487 1.1848477 0.1967154 0.4779767 0.3143520 0.1999001 0.1272784 0.2579043 0.1255298 0.1234958 0.2616196 0.3152633 0.3123492 0.2375807 0.3661757 0.2789703 0.2375807 0.1216909 0.2466607 0.2773026 0.2779825 0.2807780 0.2779825 0.0914328 0.0603874 0.1624369 0.2510274 0.1563061 0.3860372 0.3465396 0.2784335 0.0817363 0.0898528 0.3766003 0.3145112 0.3153253 0.0609431 0.1547275 0.1542507 0.0592456 0.1560391 0.0592456 0.0484041 0.0592456 0.0299581 0.0299581 0.0946119 0.0295630 0.3140802 0.3194402 0.2705979 0.3123492 0.2300085 0.2789703 0.3153253 0.2997929 0.3166748 0.3194402 0.3596572 0.3637594 0.2652121 0.1517426 0.0910125 0.2300085 
Smed.28510 1.4080191 0.2593517 0.2175334 0.5803810 0.1671890 0.1310981 0.2403159 0.2382404 0.1310981 0.1624369 0.0000000 0.1043759 0.2583965 0.2175334 0.1309935 0.1396582 0.1667373 0.1043759 0.0318547 0.2563712 0.2613037 0.3682847 0.3549411 0.3549411 0.3158506 1.3000913 1.4098413 1.3047224 0.4062915 0.6576680 0.3943219 0.3057241 0.3200710 0.4787554 0.3148749 0.3097968 0.3182726 0.3407990 0.2455581 0.2163401 0.5277892 0.2092256 0.2163401 0.0318547 0.2253828 0.2582409 0.2588857 0.2616508 0.2588857 0.1315963 0.0978305 0.0000010 0.1470271 0.0643737 0.3719562 0.3314944 0.2593517 0.1631461 0.1997146 0.5331571 0.2444112 0.2569159 0.1698546 0.2750669 0.1312120 0.1645060 0.0643781 0.1645060 0.1299640 0.1645060 0.2008985 0.2008985 0.2868920 0.1974889 0.2970338 0.3024943 0.2948499 0.2455581 0.2089948 0.2092256 0.2569159 0.2825934 0.2997177 0.3024943 0.3449628 0.3491446 0.1592650 0.3529441 0.1309935 0.2089948 
Smed.25978 1.6153607 0.1325907 0.0973585 0.5492065 0.2072869 0.1695953 0.2841972 0.2805240 0.1695953 0.2034600 0.1043759 0.0000000 0.1320615 0.0973585 0.1694365 0.0312065 0.2066503 0.0000010 0.0664305 0.1311579 0.1334457 0.3679988 0.3546418 0.3546418 0.3635938 1.3473458 1.4652605 1.3520560 0.4552730 0.7123214 0.5129937 0.3831227 0.3671210 0.5269378 0.3610998 0.3554583 0.3179276 0.4564721 0.3453692 0.2604236 0.5770607 0.3056946 0.2604236 0.0664305 0.1006556 0.1321101 0.1323152 0.1335974 0.1323152 0.1701722 0.1353131 0.1043759 0.0328432 0.1004512 0.2202205 0.1973685 0.1325907 0.2022117 0.2401886 0.5833768 0.3440640 0.3628246 0.2106273 0.1957606 0.1309394 0.2038365 0.0642267 0.2038365 0.1681748 0.2038365 0.2433006 0.2433006 0.3330249 0.2390593 0.1659416 0.1689990 0.4040003 0.3453692 0.2515463 0.3056946 0.3628246 0.2524403 0.1676000 0.1689990 0.2055789 0.2078458 0.0374846 0.4004891 0.1694365 0.2515463 
Smed.25247 1.5574295 0.0614709 0.0307567 0.6356716 0.2760994 0.2369748 0.3608821 0.3512808 0.2369748 0.2774959 0.2583965 0.1320615 0.0000000 0.0307567 0.1675777 0.1657811 0.2046282 0.1320615 0.2107498 0.0622121 0.0317696 0.2926164 0.3197450 0.3197450 0.4080814 1.3704766 1.4608174 1.3457713 0.5383915 0.6059461 0.5992476 0.5012694 0.4110712 0.5295883 0.4401272 0.4337055 0.2835082 0.3944558 0.2914130 0.2111035 0.6316847 0.2533916 0.2111035 0.2107498 0.0632386 0.0626597 0.0627261 0.0633097 0.0627261 0.2376083 0.2024589 0.2583965 0.1300079 0.2480307 0.1731642 0.1244153 0.0614709 0.2360961 0.2381188 0.4873985 0.2901638 0.3055482 0.2804849 0.1938594 0.2785978 0.2713989 0.2051564 0.2018484 0.2713989 0.2018484 0.3184135 0.3184135 0.3764437 0.2413866 0.0935580 0.0953051 0.3452048 0.2914130 0.1707041 0.2533916 0.3055482 0.1710536 0.0945434 0.0953051 0.1295231 0.1309008 0.1862291 0.4171318 0.1675777 0.1707041 
Smed.27856 1.5116059 0.0308874 0.0000010 0.5829357 0.2373956 0.1997139 0.3186539 0.3102434 0.1997139 0.2386187 0.2175334 0.0973585 0.0307567 0.0000000 0.1318044 0.1303584 0.1675938 0.0973585 0.1727170 0.0305720 0.0310639 0.2752534 0.3017111 0.3017111 0.3985086 1.3323594 1.4199354 1.3081655 0.4892728 0.5537081 0.5473598 0.4896940 0.4015428 0.4817973 0.3950662 0.3891835 0.2669843 0.3475883 0.2502578 0.1729653 0.6015590 0.2132918 0.1729653 0.1727170 0.0310639 0.0307915 0.0308174 0.0310993 0.0308174 0.2003141 0.1659103 0.2175334 0.1368360 0.2089734 0.1358205 0.0910468 0.0308874 0.1989197 0.2005524 0.4409818 0.2490839 0.2620449 0.2411328 0.1587001 0.2392855 0.2334655 0.1678796 0.1653509 0.2334655 0.1653509 0.2779825 0.2779825 0.3677176 0.2032922 0.0618452 0.0629890 0.3006594 0.2502578 0.1345273 0.2132918 0.2620449 0.1347064 0.0624990 0.0629890 0.0958366 0.0968305 0.1479487 0.4073096 0.1318044 0.1345273 
Smed.10691 1.3749780 0.1682254 0.1318044 0.4541799 0.0905257 0.0592410 0.1572229 0.1532935 0.0592410 0.0910125 0.1309935 0.1694365 0.1675777 0.1318044 0.0000000 0.2038365 0.0296836 0.1694365 0.0938678 0.1664002 0.1693413 0.2298520 0.2561380 0.2561380 0.2250415 1.1488079 1.2539031 1.1541859 0.3054512 0.4401948 0.3508807 0.3063725 0.2305774 0.2972770 0.2272571 0.2237362 0.2231596 0.2761968 0.1966841 0.1306377 0.4040090 0.1678629 0.1306377 0.0938678 0.1362718 0.1675938 0.1678929 0.1695363 0.1678929 0.0594997 0.0294648 0.1309935 0.2137029 0.1263078 0.2608369 0.2339034 0.1682254 0.0589602 0.0593260 0.3406083 0.2017994 0.1950198 0.0918533 0.1227743 0.1923633 0.0892654 0.1261691 0.0293255 0.0892654 0.0293255 0.1236703 0.1236703 0.1957486 0.0600962 0.2021413 0.2058104 0.2324683 0.1966841 0.1264864 0.1678629 0.1950198 0.1925694 0.2040856 0.2058104 0.2433497 0.2460615 0.2269184 0.2589256 0.0000010 0.1264864 
Smed.18222 1.5475119 0.1664177 0.1303584 0.4964344 0.1686485 0.1325269 0.2792394 0.2394009 0.1325269 0.1639470 0.1396582 0.0312065 0.1657811 0.1303584 0.2038365 0.0000000 0.2416795 0.0312065 0.0999583 0.1646273 0.1675109 0.4060402 0.3110457 0.3110457 0.4031908 1.2903453 1.4051047 1.2952383 0.4055473 0.7558386 0.5542977 0.3352520 0.3205016 0.4769519 0.3153600 0.3103347 0.3546418 0.4039504 0.3845035 0.2982766 0.5251955 0.3445959 0.2982766 0.0999583 0.1347376 0.1657992 0.1660906 0.1677019 0.1660906 0.2046564 0.1695953 0.1396582 0.0659241 0.1343703 0.2579244 0.2315045 0.1664177 0.1645774 0.2010654 0.6238479 0.3832228 0.4040003 0.1713315 0.1592828 0.0957495 0.1659445 0.0968445 0.1659445 0.1313806 0.1659445 0.2023099 0.2023099 0.2876914 0.1988907 0.2000223 0.2036259 0.3540687 0.3845035 0.2882107 0.3445959 0.4040003 0.2894040 0.2019348 0.2036259 0.2407898 0.2434481 0.0733894 0.3529576 0.2038365 0.2882107 
Smed.26762 1.3104473 0.2053909 0.1675938 0.4981936 0.1228465 0.0904186 0.1921621 0.1873273 0.0904186 0.1234964 0.1667373 0.2066503 0.2046282 0.1675938 0.0296836 0.2416795 0.0000000 0.2066503 0.1273337 0.2031505 0.2067978 0.2673152 0.2931593 0.2931593 0.2637595 1.2266103 1.1948293 1.0970453 0.3457893 0.4860459 0.3933635 0.3466991 0.2685129 0.3365846 0.2645628 0.2605147 0.2595022 0.3193956 0.2360232 0.1663802 0.4455630 0.2052586 0.1663802 0.1273337 0.1732989 0.1333810 0.2050063 0.2070430 0.2050063 0.0907814 0.0599703 0.1667373 0.2532315 0.1606458 0.3037026 0.2722894 0.2053909 0.0900060 0.0906043 0.3819115 0.2399457 0.2359426 0.1246661 0.1562008 0.2281825 0.1210713 0.1603684 0.0597077 0.1210713 0.0597077 0.1573620 0.1573620 0.2326770 0.0917852 0.2400721 0.2443728 0.2739786 0.2360232 0.1610542 0.2052586 0.2359426 0.2288072 0.2422895 0.2443728 0.2830773 0.2862787 0.2671488 0.2979469 0.0296836 0.1610542 
Smed.10122 1.6153607 0.1325907 0.0973585 0.5492065 0.2072869 0.1695953 0.2841972 0.2805240 0.1695953 0.2034600 0.1043759 0.0000010 0.1320615 0.0973585 0.1694365 0.0312065 0.2066503 0.0000000 0.0664305 0.1311579 0.1334457 0.3679988 0.3546418 0.3546418 0.3635938 1.3473458 1.4652605 1.3520560 0.4552730 0.7123214 0.5129937 0.3831227 0.3671210 0.5269378 0.3610998 0.3554583 0.3179276 0.4564721 0.3453692 0.2604236 0.5770607 0.3056946 0.2604236 0.0664305 0.1006556 0.1321101 0.1323152 0.1335974 0.1323152 0.1701722 0.1353131 0.1043759 0.0328432 0.1004512 0.2202205 0.1973685 0.1325907 0.2022117 0.2401886 0.5833768 0.3440640 0.3628246 0.2106273 0.1957606 0.1309394 0.2038365 0.0642267 0.2038365 0.1681748 0.2038365 0.2433006 0.2433006 0.3330249 0.2390593 0.1659416 0.1689990 0.4040003 0.3453692 0.2515463 0.3056946 0.3628246 0.2524403 0.1676000 0.1689990 0.2055789 0.2078458 0.0374846 0.4004891 0.1694365 0.2515463 
Smed.20442 1.5611708 0.2115465 0.1727170 0.5126574 0.1276182 0.0939251 0.1947115 0.1944798 0.0939251 0.1216909 0.0318547 0.0664305 0.2107498 0.1727170 0.0938678 0.0999583 0.1273337 0.0664305 0.0000000 0.2091903 0.2130333 0.3151981 0.3040099 0.3040099 0.2632108 1.3124017 1.4231757 1.3170076 0.3488961 0.5823333 0.3982689 0.2814931 0.2682186 0.4192053 0.2640752 0.2598294 0.2692829 0.3444063 0.2481279 0.1714769 0.4649931 0.2114588 0.1714769 0.0000010 0.1787361 0.2107011 0.2111461 0.2132926 0.2111461 0.0943113 0.0623223 0.0318547 0.1051640 0.0307632 0.3128225 0.2799268 0.2115465 0.1246543 0.1588420 0.4688701 0.2469668 0.2597133 0.1295762 0.2294396 0.0940082 0.1257035 0.0307854 0.1257035 0.0931064 0.1257035 0.1578825 0.1578825 0.2373937 0.1553554 0.2470488 0.2515463 0.2979878 0.2481279 0.1658615 0.2114588 0.2597133 0.2352635 0.2493550 0.2515463 0.2911717 0.2945307 0.1153052 0.2990568 0.0938678 0.1658615 
Smed.10366 1.5881572 0.0624697 0.0305720 0.6162611 0.2740637 0.2352692 0.3580935 0.3486294 0.2352692 0.2754422 0.2563712 0.1311579 0.0622121 0.0305720 0.1664002 0.1646273 0.2031505 0.1311579 0.2091903 0.0000000 0.0628383 0.3132709 0.3391778 0.3391778 0.4413125 1.3999460 1.4903168 1.3754089 0.5352347 0.6011158 0.5944751 0.5342306 0.4439407 0.5251291 0.4366763 0.4303296 0.3038726 0.3909659 0.2891815 0.2097947 0.6474917 0.2515739 0.2097947 0.2091903 0.0628383 0.0622673 0.0623327 0.0629085 0.0623327 0.2358974 0.2010158 0.2563712 0.1726595 0.2461663 0.1718926 0.1235975 0.0624697 0.2343998 0.2363909 0.4835941 0.2879470 0.3030532 0.2783859 0.1925265 0.2765123 0.2694349 0.2036645 0.2004111 0.2694349 0.2004111 0.3160064 0.3160064 0.3744753 0.2396122 0.0938468 0.0955684 0.3422889 0.2891815 0.1698964 0.2515739 0.3030532 0.1702375 0.0948171 0.0955684 0.1292631 0.1306191 0.1848399 0.4504788 0.1664002 0.1698964 
Smed.24947 1.4236777 0.0531546 0.0310639 0.6359409 0.2789994 0.2394409 0.3647686 0.3549830 0.2394409 0.2804205 0.2613037 0.1334457 0.0317696 0.0310639 0.1693413 0.1675109 0.2067978 0.1334457 0.2130333 0.0628383 0.0000000 0.2767712 0.3033401 0.3033401 0.3559267 1.2545597 1.3390083 1.2307646 0.5442916 0.6126572 0.6058724 0.4455840 0.3594492 0.5293185 0.4448884 0.4383652 0.2684148 0.3932997 0.2894765 0.2082244 0.6051446 0.2510367 0.2082244 0.2130333 0.0638852 0.0632952 0.0633632 0.0639577 0.0633632 0.2400815 0.2045795 0.2613037 0.1338667 0.2507159 0.1750643 0.1256739 0.0531546 0.2385498 0.2406165 0.4926383 0.2882159 0.3036613 0.2834713 0.1958257 0.2815671 0.2742019 0.2073467 0.2039612 0.2742019 0.2039612 0.3217996 0.3217996 0.3264983 0.2439484 0.0877836 0.0895190 0.3436848 0.2894765 0.1671727 0.2510367 0.3036613 0.1675112 0.0887650 0.0895190 0.1250843 0.1264580 0.1882890 0.3642968 0.1693413 0.1671727 
Smed.2406  1.1682344 0.2738001 0.2752534 0.4561164 0.2311710 0.2656691 0.3103640 0.2963560 0.2656691 0.3062579 0.3682847 0.3679988 0.2926164 0.2752534 0.2298520 0.4060402 0.2673152 0.3679988 0.3151981 0.3132709 0.2767712 0.0000000 0.0602287 0.0602287 0.2686417 1.0541323 1.1299966 1.0318616 0.3901938 0.4364211 0.3634664 0.3470996 0.2691463 0.4096743 0.3054563 0.3008407 0.0299604 0.3938015 0.3068403 0.2337749 0.3972157 0.2742631 0.2337749 0.3151981 0.3190259 0.3153570 0.2393268 0.3177941 0.2393268 0.1979292 0.2315952 0.3682847 0.3877621 0.3535386 0.4694510 0.3866512 0.2738001 0.2975772 0.3001561 0.3039631 0.3090630 0.3095408 0.3095138 0.3583985 0.3550754 0.2996364 0.2796825 0.2637579 0.2996364 0.2637579 0.2707325 0.2707325 0.3146001 0.3041274 0.3091674 0.2381154 0.3472067 0.3068403 0.1949317 0.2742631 0.3095408 0.2630765 0.3117287 0.2381154 0.2759590 0.2790192 0.4407083 0.3598901 0.2298520 0.1949317 
Smed.28333 1.0611121 0.3001137 0.3017111 0.3618043 0.1547496 0.1868731 0.2605285 0.2158679 0.1868731 0.2233402 0.3549411 0.3546418 0.3197450 0.3017111 0.2561380 0.3110457 0.2931593 0.3546418 0.3040099 0.3391778 0.3033401 0.0602287 0.0000000 0.0000010 0.2591250 0.9581387 1.0296404 0.9368366 0.2986582 0.4607503 0.3502306 0.2600795 0.1888060 0.3557422 0.2223179 0.2189308 0.0288689 0.3364619 0.3329152 0.2603354 0.3455506 0.3005052 0.2603354 0.3040099 0.3452396 0.3413294 0.2664799 0.3441540 0.2664799 0.1907841 0.2233784 0.3549411 0.3733638 0.3411227 0.4948515 0.4113781 0.3001137 0.2508375 0.2528637 0.3296503 0.3346241 0.3365207 0.2255618 0.3060057 0.2665010 0.2187733 0.2695647 0.2187733 0.2187733 0.2187733 0.1902442 0.1902442 0.2289249 0.2560917 0.3348939 0.2651260 0.2933603 0.3329152 0.2216945 0.3005052 0.3365207 0.2885666 0.3374815 0.2651260 0.3024311 0.3057020 0.4247208 0.2700944 0.2561380 0.2216945 
Smed.29126 1.0611121 0.3001137 0.3017111 0.3618043 0.1547496 0.1868731 0.2605285 0.2158679 0.1868731 0.2233402 0.3549411 0.3546418 0.3197450 0.3017111 0.2561380 0.3110457 0.2931593 0.3546418 0.3040099 0.3391778 0.3033401 0.0602287 0.0000010 0.0000000 0.2591250 0.9581387 1.0296404 0.9368366 0.2986582 0.4607503 0.3502306 0.2600795 0.1888060 0.3557422 0.2223179 0.2189308 0.0288689 0.3364619 0.3329152 0.2603354 0.3455506 0.3005052 0.2603354 0.3040099 0.3452396 0.3413294 0.2664799 0.3441540 0.2664799 0.1907841 0.2233784 0.3549411 0.3733638 0.3411227 0.4948515 0.4113781 0.3001137 0.2508375 0.2528637 0.3296503 0.3346241 0.3365207 0.2255618 0.3060057 0.2665010 0.2187733 0.2695647 0.2187733 0.2187733 0.2187733 0.1902442 0.1902442 0.2289249 0.2560917 0.3348939 0.2651260 0.2933603 0.3329152 0.2216945 0.3005052 0.3365207 0.2885666 0.3374815 0.2651260 0.3024311 0.3057020 0.4247208 0.2700944 0.2561380 0.2216945 
Smed.17340 1.2878529 0.4407363 0.3985086 0.4525910 0.1960829 0.2252771 0.1988623 0.2568080 0.2252771 0.1904503 0.3158506 0.3635938 0.4080814 0.3985086 0.2250415 0.4031908 0.2637595 0.3635938 0.2632108 0.4413125 0.3559267 0.2686417 0.2591250 0.2591250 0.0000000 1.0996571 1.2019731 1.1052659 0.1962089 0.5224984 0.2366104 0.1272763 0.0608052 0.4428937 0.1250969 0.1230725 0.2255836 0.4606290 0.3733214 0.3122407 0.4407962 0.3584506 0.3122407 0.2632108 0.4126685 0.4440743 0.3615260 0.3665107 0.3615260 0.2259143 0.1902533 0.3158506 0.3660047 0.3026842 0.5858621 0.5228055 0.4407363 0.2925201 0.2976894 0.3812912 0.3967727 0.3699801 0.2689450 0.3782853 0.3800213 0.2601303 0.3013546 0.2601303 0.2572154 0.2601303 0.1627168 0.1627168 0.1647550 0.2251539 0.4818835 0.4022328 0.4098130 0.3733214 0.3018446 0.3584506 0.3699801 0.3772432 0.4849606 0.4022328 0.4460987 0.4514784 0.4390497 0.0937999 0.2250415 0.3018446 
Smed.5402  0.2742551 1.4142101 1.3323594 0.9343277 1.0354748 1.0935955 1.1293160 1.1337976 1.0935955 1.1796169 1.3000913 1.3473458 1.3704766 1.3323594 1.1488079 1.2903453 1.2266103 1.3473458 1.3124017 1.3999460 1.2545597 1.0541323 0.9581387 0.9581387 1.0996571 0.0000000 0.1232351 0.1252943 1.2483008 1.2358602 1.0392366 1.0947876 1.0056807 1.1417778 1.1385266 1.1283612 1.0021927 1.3249857 1.1899309 1.3597604 1.0989932 1.2577561 1.3597604 1.3124017 1.3859031 1.4213747 1.2648956 1.4280387 1.2648956 1.0934570 1.1417467 1.3000913 1.3724979 1.3908864 1.8099076 1.4458057 1.4142101 1.1562695 1.1672561 1.1229493 1.3242747 1.2850232 1.1988707 1.1795981 1.2722325 1.1493357 1.2527881 1.1007635 1.1493357 1.1007635 1.1187536 1.1187536 1.1304570 1.1865023 1.4200252 1.3442269 1.2320065 1.1899309 1.3097468 1.2577561 1.2850232 1.3296917 1.4940451 1.3442269 1.4229438 1.4495606 1.1839076 1.1489922 1.1488079 1.3097468 
Smed.1883  0.2313163 1.5051590 1.4199354 1.0330666 1.1360654 1.1962534 1.1017127 1.2400719 1.1962534 1.2862487 1.4098413 1.4652605 1.4608174 1.4199354 1.2539031 1.4051047 1.1948293 1.4652605 1.4231757 1.4903168 1.3390083 1.1299966 1.0296404 1.0296404 1.2019731 0.1232351 0.0000000 0.0597737 1.2182979 1.3202286 1.1393852 1.1969666 1.1045348 1.2487290 1.2419819 1.2323440 1.0762814 1.3679996 1.2299813 1.4034809 1.2016398 1.2985446 1.4034809 1.4231757 1.4326393 1.3540489 1.3497351 1.5187891 1.3497351 1.1987935 1.2473249 1.4098413 1.4936650 1.5055804 1.8745064 1.6728278 1.5051590 1.2602875 1.2718549 1.3045061 1.2260741 1.3272131 1.3078395 1.2869988 1.3806225 1.2538095 1.3616124 1.2029533 1.2538095 1.2029533 1.2230471 1.2230471 1.2332634 1.2926677 1.5118687 1.4321721 1.2726422 1.2299813 1.3920857 1.2985446 1.3272131 1.4141776 1.5881874 1.4321721 1.5137067 1.5431176 1.2938507 1.1284027 1.2539031 1.3920857 
Smed.19102 0.2353551 1.3896367 1.3081655 0.9412222 1.0415202 1.0992654 1.1349238 1.1393355 1.0992654 1.1848477 1.3047224 1.3520560 1.3457713 1.3081655 1.1541859 1.2952383 1.0970453 1.3520560 1.3170076 1.3754089 1.2307646 1.0318616 0.9368366 0.9368366 1.1052659 0.1252943 0.0597737 0.0000000 1.2531887 1.2120295 1.0452282 1.1004285 1.0118883 1.1472926 1.1438953 1.1338281 0.9802607 1.2614459 1.1288747 1.2957918 1.1046097 1.1964164 1.2957918 1.3170076 1.3181142 1.2445334 1.2410433 1.4036011 1.2410433 1.0992792 1.1472024 1.3047224 1.3772052 1.3952576 1.7299662 1.5476085 1.3896367 1.1615340 1.1724718 1.1995612 1.2614908 1.2220142 1.2040780 1.1848657 1.2769583 1.1546739 1.2576512 1.1063510 1.1546739 1.1063510 1.1243180 1.1243180 1.1358593 1.1916621 1.3934037 1.3199918 1.1705944 1.1288747 1.2868477 1.1964164 1.2220142 1.3063311 1.4692012 1.3199918 1.3984662 1.4245497 1.3090411 1.0349311 1.1541859 1.2868477 
Smed.19842 1.4593513 0.5396330 0.4892728 0.4194611 0.1961808 0.2305173 0.1638296 0.2612616 0.2305173 0.1967154 0.4062915 0.4552730 0.5383915 0.4892728 0.3054512 0.4055473 0.3457893 0.4552730 0.3488961 0.5352347 0.5442916 0.3901938 0.2986582 0.2986582 0.1962089 1.2483008 1.2182979 1.2531887 0.0000000 0.6171608 0.3141134 0.1994849 0.1269275 0.4496477 0.1251863 0.1231603 0.3406587 0.4666714 0.4681573 0.4020870 0.4869919 0.4519740 0.4020870 0.3488961 0.5064638 0.5371386 0.4485867 0.5429766 0.4485867 0.3064193 0.2704515 0.4062915 0.5184482 0.3893419 0.6940084 0.6191707 0.5396330 0.2962836 0.3013572 0.4654546 0.4067600 0.4666845 0.2732809 0.3807824 0.3825574 0.2645193 0.3871727 0.2645193 0.2617242 0.2645193 0.1628123 0.1628123 0.2222129 0.2303759 0.5831343 0.4977638 0.4155124 0.4681573 0.3886978 0.4519740 0.4666845 0.4675469 0.5860195 0.4977638 0.5442839 0.5510289 0.5349654 0.2332038 0.3054512 0.3886978 
Smed.3340  1.4398645 0.6071693 0.5537081 0.3791077 0.4782706 0.5182910 0.4860243 0.5467586 0.5182910 0.4779767 0.6576680 0.7123214 0.6059461 0.5537081 0.4401948 0.7558386 0.4860459 0.7123214 0.5823333 0.6011158 0.6126572 0.4364211 0.4607503 0.4607503 0.5224984 1.2358602 1.3202286 1.2120295 0.6171608 0.0000000 0.4844656 0.6279552 0.5238100 0.3017138 0.5151482 0.5081186 0.4233907 0.6629186 0.5971964 0.4996742 0.2627423 0.5539102 0.4996742 0.5823333 0.6126572 0.6043148 0.5112765 0.6109356 0.5112765 0.4411853 0.4794780 0.6576680 0.7897662 0.6289424 0.8200926 0.6905389 0.6071693 0.5154432 0.5224792 0.1577589 0.5964510 0.6125221 0.5772357 0.5280230 0.6463947 0.5570923 0.6236730 0.4788547 0.5550224 0.4788547 0.4386239 0.4386239 0.5444630 0.4390381 0.6533281 0.5634777 0.6563876 0.5971964 0.4468062 0.5539102 0.6125221 0.5293021 0.6559715 0.5634777 0.6124363 0.6202660 0.8067558 0.5974665 0.4401948 0.4468062 
Smed.2739  1.2641478 0.6004735 0.5473598 0.5236476 0.3139688 0.3512349 0.3187469 0.3438747 0.3512349 0.3143520 0.3943219 0.5129937 0.5992476 0.5473598 0.3508807 0.5542977 0.3933635 0.5129937 0.3982689 0.5944751 0.6058724 0.3634664 0.3502306 0.3502306 0.2366104 1.0392366 1.1393852 1.0452282 0.3141134 0.4844656 0.0000000 0.2859261 0.2370363 0.5118387 0.1599948 0.2298373 0.3135555 0.5091026 0.4190001 0.4547407 0.5517589 0.4036117 0.4547407 0.3982689 0.5668497 0.5976566 0.5051196 0.6041986 0.5051196 0.2785698 0.3146124 0.3943219 0.5800868 0.4405661 0.7672332 0.6833540 0.6004735 0.4226117 0.4285815 0.4403444 0.4424806 0.4165786 0.4014147 0.5186952 0.5215026 0.3877569 0.4377688 0.3877569 0.3857304 0.3877569 0.2776341 0.2776341 0.3684731 0.3504094 0.6463122 0.5569969 0.4567138 0.4190001 0.4393302 0.4036117 0.4165786 0.5232295 0.6489826 0.5569969 0.6056762 0.6133875 0.5969255 0.3544790 0.3508807 0.4393302 
Smed.1557  1.2614729 0.5340847 0.4896940 0.4607680 0.1968597 0.2313145 0.2382614 0.2621245 0.2313145 0.1999001 0.3057241 0.3831227 0.5012694 0.4896940 0.3063725 0.3352520 0.3466991 0.3831227 0.2814931 0.5342306 0.4455840 0.3470996 0.2600795 0.2600795 0.1272763 1.0947876 1.1969666 1.1004285 0.1994849 0.6279552 0.2859261 0.0000000 0.0617257 0.4521922 0.1270740 0.1249882 0.3001350 0.4263597 0.4286902 0.3977190 0.3664548 0.4127667 0.3977190 0.2814931 0.5067837 0.5372300 0.4492327 0.5430227 0.4492327 0.3073411 0.2713486 0.3057241 0.3857619 0.3210368 0.6923833 0.6185236 0.5340847 0.2296363 0.3022670 0.4735419 0.4528114 0.4263990 0.2741904 0.3816244 0.3156819 0.2653887 0.3195413 0.2653887 0.1959938 0.2653887 0.1654043 0.1654043 0.1675142 0.2341394 0.5770172 0.4926366 0.3758502 0.4286902 0.3845064 0.4127667 0.4263990 0.4628772 0.5798913 0.4926366 0.5386493 0.5452557 0.4599325 0.1623475 0.3063725 0.3845064 
Smed.18700 1.1814144 0.4433861 0.4015428 0.3711503 0.1268108 0.1597308 0.1621867 0.1897369 0.1597308 0.1272784 0.3200710 0.3671210 0.4110712 0.4015428 0.2305774 0.3205016 0.2685129 0.3671210 0.2682186 0.4439407 0.3594492 0.2691463 0.1888060 0.1888060 0.0608052 1.0056807 1.1045348 1.0118883 0.1269275 0.5238100 0.2370363 0.0617257 0.0000000 0.3646686 0.0606747 0.0596750 0.2259633 0.3708051 0.3741971 0.3129099 0.3624561 0.3592738 0.3129099 0.2682186 0.4156362 0.4466840 0.3623473 0.4513728 0.3623473 0.2314377 0.1967550 0.3200710 0.3695362 0.3069582 0.5876794 0.5248230 0.4433861 0.2223880 0.2275049 0.3821350 0.3977149 0.3708640 0.1987398 0.3025593 0.3019732 0.1925760 0.3056148 0.1925760 0.1887157 0.1925760 0.0947523 0.0947523 0.0958718 0.1598198 0.4842029 0.4031923 0.3232048 0.3741971 0.3024646 0.3592738 0.3708640 0.3780861 0.4872524 0.4031923 0.4472001 0.4526085 0.4418027 0.0931940 0.2305774 0.3024646 
Smed.1004  1.4067613 0.4369420 0.4817973 0.1176211 0.3310588 0.2917848 0.3732095 0.3548783 0.2917848 0.2579043 0.4787554 0.5269378 0.5295883 0.4817973 0.2972770 0.4769519 0.3365846 0.5269378 0.4192053 0.5251291 0.5293185 0.4096743 0.3557422 0.3557422 0.4428937 1.1417778 1.2487290 1.1472926 0.4496477 0.3017138 0.5118387 0.4521922 0.3646686 0.0000000 0.3639322 0.3587831 0.3980372 0.4856649 0.4779935 0.3919362 0.1163730 0.4395699 0.3919362 0.4192053 0.4982295 0.5280415 0.5300482 0.5359429 0.5300482 0.2982207 0.3326685 0.4787554 0.5899832 0.4594064 0.6780247 0.6071926 0.4369420 0.2883911 0.2933621 0.2513603 0.4780099 0.4876937 0.3361205 0.3707148 0.4513479 0.3255011 0.4565599 0.2572790 0.3233047 0.2572790 0.2962677 0.2962677 0.3787171 0.2236653 0.4760393 0.4834176 0.4367513 0.4779935 0.3793437 0.4395699 0.4876937 0.4550001 0.4789759 0.4834176 0.5278410 0.5341137 0.6066389 0.4492308 0.2972770 0.3793437 
Smed.15984 1.3315240 0.4413257 0.3950662 0.3703006 0.1250716 0.1575145 0.1598982 0.1871035 0.1575145 0.1255298 0.3148749 0.3610998 0.4401272 0.3950662 0.2272571 0.3153600 0.2645628 0.3610998 0.2640752 0.4366763 0.4448884 0.3054563 0.2223179 0.2223179 0.1250969 1.1385266 1.2419819 1.1438953 0.1251863 0.5151482 0.1599948 0.1270740 0.0606747 0.3639322 0.0000000 0.0589110 0.2606611 0.3698733 0.3732287 0.3129918 0.3991402 0.3585584 0.3129918 0.2640752 0.4087252 0.4393531 0.3565372 0.4438705 0.3565372 0.2280992 0.1939423 0.3148749 0.4183670 0.3021736 0.5768531 0.5160578 0.4413257 0.2192070 0.2242697 0.3762483 0.3963721 0.3699314 0.1958684 0.2980939 0.2973569 0.1898830 0.3008920 0.1898830 0.1860217 0.1898830 0.0934654 0.0934654 0.1645422 0.1576071 0.4814969 0.4017613 0.3231050 0.3732287 0.3027248 0.3585584 0.3699314 0.3771052 0.4845042 0.4017613 0.4450654 0.4503656 0.4342954 0.1595595 0.2272571 0.3027248 
Smed.21011 1.3219434 0.4348910 0.3891835 0.3649899 0.1230477 0.1550098 0.1573187 0.1842060 0.1550098 0.1234958 0.3097968 0.3554583 0.4337055 0.3891835 0.2237362 0.3103347 0.2605147 0.3554583 0.2598294 0.4303296 0.4383652 0.3008407 0.2189308 0.2189308 0.1230725 1.1283612 1.2323440 1.1338281 0.1231603 0.5081186 0.2298373 0.1249882 0.0596750 0.3587831 0.0589110 0.0000000 0.2567123 0.3640209 0.3674606 0.3080652 0.3936256 0.3529986 0.3080652 0.2598294 0.4025320 0.4329641 0.3510693 0.4373597 0.3510693 0.2245616 0.1908682 0.3097968 0.4119427 0.2974385 0.5685869 0.4171508 0.4348910 0.2158073 0.2208297 0.3708034 0.3903919 0.3640796 0.1927377 0.2936549 0.2927657 0.1869277 0.2962110 0.1869277 0.1830550 0.1869277 0.0919245 0.0919245 0.1618253 0.1551061 0.4746407 0.3957216 0.3179013 0.3674606 0.2980588 0.3529986 0.3640796 0.3715821 0.4776314 0.3957216 0.4385487 0.4437275 0.4277224 0.1570040 0.2237362 0.2980588 
Smed.27461 1.1111000 0.2656242 0.2669843 0.4050671 0.1902723 0.2233784 0.2648472 0.2530186 0.2233784 0.2616196 0.3182726 0.3179276 0.2835082 0.2669843 0.2231596 0.3546418 0.2595022 0.3179276 0.2692829 0.3038726 0.2684148 0.0299604 0.0288689 0.0288689 0.2255836 1.0021927 1.0762814 0.9802607 0.3406587 0.4233907 0.3135555 0.3001350 0.2259633 0.3980372 0.2606611 0.2567123 0.0000000 0.3816600 0.2975857 0.2268805 0.3862433 0.2660900 0.2268805 0.2692829 0.3093115 0.3058597 0.2320915 0.3080602 0.2320915 0.1582296 0.1906062 0.3182726 0.3352882 0.3059121 0.4546294 0.3751829 0.2656242 0.2890621 0.2914964 0.2949559 0.2999302 0.2998653 0.2642989 0.3478255 0.3072918 0.2561380 0.2349979 0.2561380 0.2561380 0.2561380 0.2275021 0.2275021 0.2684140 0.2952627 0.2999776 0.2309581 0.3365207 0.2975857 0.1892657 0.2660900 0.2998653 0.2555085 0.3024361 0.2309581 0.2676592 0.2705466 0.3862917 0.3114226 0.2231596 0.1892657 
Smed.15246 1.5951350 0.3031399 0.3475883 0.5792161 0.2326347 0.2705979 0.3613539 0.3956571 0.2705979 0.3152633 0.3407990 0.4564721 0.3944558 0.3475883 0.2761968 0.4039504 0.3193956 0.4564721 0.3444063 0.3909659 0.3932997 0.3938015 0.3364619 0.3364619 0.4606290 1.3249857 1.3679996 1.2614459 0.4666714 0.6629186 0.5091026 0.4263597 0.3708051 0.4856649 0.3698733 0.3640209 0.3816600 0.0000000 0.1036291 0.1361053 0.5623732 0.0990822 0.1361053 0.3444063 0.3045880 0.3936411 0.3071313 0.3977619 0.3071313 0.3545172 0.3153253 0.3407990 0.5226467 0.3869227 0.4639576 0.4742012 0.3031399 0.2696005 0.2721423 0.5845973 0.1323856 0.0630855 0.3189384 0.3571295 0.3798387 0.3078175 0.3846655 0.2324222 0.3078175 0.2324222 0.2762640 0.2762640 0.3671936 0.2761390 0.3424017 0.2636559 0.0307534 0.1036291 0.1727410 0.0990822 0.0630855 0.2458179 0.3453424 0.2636559 0.3057824 0.3095193 0.5409343 0.3608214 0.2761968 0.1727410 
Smed.29175 1.4412711 0.2107231 0.2502578 0.5679129 0.2328852 0.2694116 0.3167934 0.3896191 0.2694116 0.3123492 0.2455581 0.3453692 0.2914130 0.2502578 0.1966841 0.3845035 0.2360232 0.3453692 0.2481279 0.2891815 0.2894765 0.3068403 0.3329152 0.3329152 0.3733214 1.1899309 1.2299813 1.1288747 0.4681573 0.5971964 0.4190001 0.4286902 0.3741971 0.4779935 0.3732287 0.3674606 0.2975857 0.1036291 0.0000000 0.0632713 0.5520265 0.0307723 0.0632713 0.2481279 0.2116864 0.2912139 0.2132918 0.2932566 0.2132918 0.2700777 0.2333389 0.2455581 0.4023279 0.2864299 0.3489749 0.3643987 0.2107231 0.2684529 0.2708868 0.4789655 0.0616266 0.0336713 0.3158512 0.3525901 0.3624457 0.3052428 0.2852672 0.2326812 0.3052428 0.2326812 0.2748381 0.2748381 0.3620640 0.2747145 0.2463724 0.1746039 0.0674826 0.0000010 0.0962574 0.0307723 0.0336713 0.1629271 0.2486870 0.1746039 0.2124000 0.2148146 0.4193758 0.3643377 0.1966841 0.0962574 
Smed.29510 1.5845812 0.1359615 0.1729653 0.4759750 0.1644116 0.1985618 0.2405319 0.3096219 0.1985618 0.2375807 0.2163401 0.2604236 0.2111035 0.1729653 0.1306377 0.2982766 0.1663802 0.2604236 0.1714769 0.2097947 0.2082244 0.2337749 0.2603354 0.2603354 0.3122407 1.3597604 1.4034809 1.2957918 0.4020870 0.4996742 0.4547407 0.3977190 0.3129099 0.3919362 0.3129918 0.3080652 0.2268805 0.1361053 0.0632713 0.0000000 0.4636019 0.0313865 0.0000010 0.1714769 0.1365805 0.2113257 0.1375543 0.2114354 0.1375543 0.1991625 0.1647102 0.2163401 0.3121319 0.2077983 0.2620022 0.2814557 0.1359615 0.1977680 0.1993940 0.3922478 0.0628678 0.0657872 0.2400953 0.2749147 0.2809436 0.2324277 0.2072378 0.1641523 0.2324277 0.1641523 0.2023648 0.2023648 0.2806364 0.2021266 0.1701355 0.1013652 0.0993264 0.0632713 0.0309680 0.0313865 0.0657872 0.0944162 0.1718675 0.1013652 0.1369818 0.1384955 0.3285713 0.3047795 0.1306377 0.0309680 
Smed.3200  1.3508115 0.5970810 0.6015590 0.1795897 0.3609361 0.3962276 0.4093093 0.4609798 0.3962276 0.3661757 0.5277892 0.5770607 0.6316847 0.6015590 0.4040090 0.5251955 0.4455630 0.5770607 0.4649931 0.6474917 0.6051446 0.3972157 0.3455506 0.3455506 0.4407962 1.0989932 1.2016398 1.1046097 0.4869919 0.2627423 0.5517589 0.3664548 0.3624561 0.1163730 0.3991402 0.3936256 0.3862433 0.5623732 0.5520265 0.4636019 0.0000000 0.5127305 0.4636019 0.4649931 0.6217154 0.6505539 0.5608477 0.6571625 0.5608477 0.4049548 0.4400814 0.5277892 0.6039257 0.5062646 0.8187470 0.7336973 0.5970810 0.3247766 0.3988004 0.2154614 0.5515414 0.5644385 0.4447814 0.4023776 0.4971091 0.4306353 0.5028579 0.3610494 0.3596945 0.3610494 0.3307307 0.3307307 0.3761987 0.3307554 0.6394546 0.5568135 0.5121535 0.5520265 0.4490680 0.5127305 0.5644385 0.5254468 0.6419625 0.5568135 0.6018789 0.6089703 0.6597439 0.4469589 0.4040090 0.4490680 
Smed.27233 1.5135060 0.1746039 0.2132918 0.5270388 0.2026811 0.2379402 0.2827052 0.3537790 0.2379402 0.2789703 0.2092256 0.3056946 0.2533916 0.2132918 0.1678629 0.3445959 0.2052586 0.3056946 0.2114588 0.2515739 0.2510367 0.2742631 0.3005052 0.3005052 0.3584506 1.2577561 1.2985446 1.1964164 0.4519740 0.5539102 0.4036117 0.4127667 0.3592738 0.4395699 0.3585584 0.3529986 0.2660900 0.0990822 0.0307723 0.0313865 0.5127305 0.0000000 0.0313865 0.2114588 0.1754084 0.2533937 0.1767150 0.2545981 0.1767150 0.2385812 0.2030599 0.2092256 0.3607616 0.2491685 0.3082972 0.3257864 0.1746039 0.2370503 0.2391051 0.4402378 0.0305698 0.0319448 0.2820136 0.3178324 0.3245503 0.2727674 0.2483060 0.2024430 0.2727674 0.2024430 0.2426084 0.2426084 0.3256071 0.2424228 0.2098598 0.1388699 0.0643092 0.0307723 0.0636727 0.0000010 0.0319448 0.1293862 0.2119334 0.1388699 0.1759707 0.1779642 0.3777173 0.3498517 0.1678629 0.0636727 
Smed.27599 1.5845812 0.1359615 0.1729653 0.4759750 0.1644116 0.1985618 0.2405319 0.3096219 0.1985618 0.2375807 0.2163401 0.2604236 0.2111035 0.1729653 0.1306377 0.2982766 0.1663802 0.2604236 0.1714769 0.2097947 0.2082244 0.2337749 0.2603354 0.2603354 0.3122407 1.3597604 1.4034809 1.2957918 0.4020870 0.4996742 0.4547407 0.3977190 0.3129099 0.3919362 0.3129918 0.3080652 0.2268805 0.1361053 0.0632713 0.0000010 0.4636019 0.0313865 0.0000000 0.1714769 0.1365805 0.2113257 0.1375543 0.2114354 0.1375543 0.1991625 0.1647102 0.2163401 0.3121319 0.2077983 0.2620022 0.2814557 0.1359615 0.1977680 0.1993940 0.3922478 0.0628678 0.0657872 0.2400953 0.2749147 0.2809436 0.2324277 0.2072378 0.1641523 0.2324277 0.1641523 0.2023648 0.2023648 0.2806364 0.2021266 0.1701355 0.1013652 0.0993264 0.0632713 0.0309680 0.0313865 0.0657872 0.0944162 0.1718675 0.1013652 0.1369818 0.1384955 0.3285713 0.3047795 0.1306377 0.0309680 
