8
Shae.7788  0.0000000 0.0780165 0.0727823 0.0504669 0.0432188 0.0285496 0.0848161 0.0765266 
Shae.3589  0.0780165 0.0000000 0.1417744 0.1334239 0.1095604 0.0933866 0.1570515 0.1313739 
Shae.7124  0.0727823 0.1417744 0.0000000 0.0801346 0.0816199 0.0954023 0.1428523 0.1015705 
Shae.3889  0.0504669 0.1334239 0.0801346 0.0000000 0.0505859 0.0799934 0.1087996 0.0843848 
Shae.3454  0.0432188 0.1095604 0.0816199 0.0505859 0.0000000 0.0577489 0.0771493 0.0533559 
Shae.4915  0.0285496 0.0933866 0.0954023 0.0799934 0.0577489 0.0000000 0.1002682 0.0918534 
Shae.516   0.0848161 0.1570515 0.1428523 0.1087996 0.0771493 0.1002682 0.0000000 0.0505463 
Shae.6328  0.0765266 0.1313739 0.1015705 0.0843848 0.0533559 0.0918534 0.0505463 0.0000000 
