11
Mlig.4693  0.0000000 0.0000010 0.0000010 0.0000010 0.3708671 0.3780135 0.1047463 0.1047463 0.1047463 0.1222235 0.2914813 
Mlig.4694  0.0000010 0.0000000 0.0000010 0.0000010 0.3708671 0.3780135 0.1047463 0.1047463 0.1047463 0.1222235 0.2914813 
Mlig.4695  0.0000010 0.0000010 0.0000000 0.0000010 0.3708671 0.3780135 0.1047463 0.1047463 0.1047463 0.1222235 0.2914813 
Mlig.4696  0.0000010 0.0000010 0.0000010 0.0000000 0.3708671 0.3780135 0.1047463 0.1047463 0.1047463 0.1222235 0.2914813 
Mlig.10945 0.3708671 0.3708671 0.3708671 0.3708671 0.0000000 0.0050518 0.3745080 0.3745080 0.3745080 0.3956029 0.5900697 
Mlig.10946 0.3780135 0.3780135 0.3780135 0.3780135 0.0050518 0.0000000 0.3817208 0.3817208 0.3817208 0.4029127 0.5989604 
Mlig.10595 0.1047463 0.1047463 0.1047463 0.1047463 0.3745080 0.3817208 0.0000000 0.0000010 0.0000010 0.1601977 0.3126597 
Mlig.10596 0.1047463 0.1047463 0.1047463 0.1047463 0.3745080 0.3817208 0.0000010 0.0000000 0.0000010 0.1601977 0.3126597 
Mlig.40748 0.1047463 0.1047463 0.1047463 0.1047463 0.3745080 0.3817208 0.0000010 0.0000010 0.0000000 0.1601977 0.3126597 
Mlig.4523  0.1222235 0.1222235 0.1222235 0.1222235 0.3956029 0.4029127 0.1601977 0.1601977 0.1601977 0.0000000 0.1693626 
Mlig.21829 0.2914813 0.2914813 0.2914813 0.2914813 0.5900697 0.5989604 0.3126597 0.3126597 0.3126597 0.1693626 0.0000000 
