14
Treg.7951  0.0000000 0.0311325 0.4465200 0.4429091 0.4465200 0.4947109 0.0477854 0.6228135 0.0153932 0.4429091 0.4680967 0.4429091 0.4196061 0.4444246 
Treg.11617 0.0311325 0.0000000 0.4428466 0.3889637 0.4428466 0.4395671 0.0811291 0.6304788 0.0154523 0.3889637 0.4641503 0.3889637 0.3659824 0.4408085 
Treg.14450 0.4465200 0.4428466 0.0000000 0.0310028 0.0000010 0.0953427 0.5448711 0.2233618 0.4725605 0.0310028 0.0152698 0.0310028 0.0467462 0.0310648 
Treg.12212 0.4429091 0.3889637 0.0310028 0.0000000 0.0310028 0.0624901 0.5397541 0.1857062 0.4172060 0.0000010 0.0465639 0.0000010 0.0153152 0.0309556 
Treg.14449 0.4465200 0.4428466 0.0000010 0.0310028 0.0000000 0.0953427 0.5448711 0.2233618 0.4725605 0.0310028 0.0152698 0.0310028 0.0467462 0.0310648 
Treg.11616 0.4947109 0.4395671 0.0953427 0.0624901 0.0953427 0.0000000 0.5283078 0.2226438 0.4687837 0.0624901 0.1112888 0.0624901 0.0466860 0.0624051 
Treg.11627 0.0477854 0.0811291 0.5448711 0.5397541 0.5448711 0.5283078 0.0000000 0.5865158 0.0641479 0.5397541 0.5668026 0.5397541 0.5157722 0.5417251 
Treg.3608  0.6228135 0.6304788 0.2233618 0.1857062 0.2233618 0.2226438 0.5865158 0.0000000 0.5953320 0.1857062 0.2403886 0.1857062 0.1682801 0.2228237 
Treg.3359  0.0153932 0.0154523 0.4725605 0.4172060 0.4725605 0.4687837 0.0641479 0.5953320 0.0000000 0.4172060 0.4940270 0.4172060 0.3939136 0.4702395 
Treg.4216  0.4429091 0.3889637 0.0310028 0.0000010 0.0310028 0.0624901 0.5397541 0.1857062 0.4172060 0.0000000 0.0465639 0.0000010 0.0153152 0.0309556 
Treg.14448 0.4680967 0.4641503 0.0152698 0.0465639 0.0152698 0.1112888 0.5668026 0.2403886 0.4940270 0.0465639 0.0000000 0.0465639 0.0623976 0.0466580 
Treg.6058  0.4429091 0.3889637 0.0310028 0.0000010 0.0310028 0.0624901 0.5397541 0.1857062 0.4172060 0.0000010 0.0465639 0.0000000 0.0153152 0.0309556 
Treg.12396 0.4196061 0.3659824 0.0467462 0.0153152 0.0467462 0.0466860 0.5157722 0.1682801 0.3939136 0.0153152 0.0623976 0.0153152 0.0000000 0.0466725 
Treg.2489  0.4444246 0.4408085 0.0310648 0.0309556 0.0310648 0.0624051 0.5417251 0.2228237 0.4702395 0.0309556 0.0466580 0.0309556 0.0466725 0.0000000 
