11
Mlig.43526 0.0000000 0.0152953 0.6136498 0.6136498 0.6136498 0.6136498 0.6136498 0.6136498 0.6136498 0.6136498 0.6685712 
Mlig.47365 0.0152953 0.0000000 0.6383767 0.6383767 0.6383767 0.6383767 0.6383767 0.6383767 0.6383767 0.6383767 0.7050082 
Mlig.230   0.6136498 0.6383767 0.0000000 0.0000010 0.0000010 0.0000010 0.0000010 0.0000010 0.0000010 0.0000010 0.6591799 
Mlig.233   0.6136498 0.6383767 0.0000010 0.0000000 0.0000010 0.0000010 0.0000010 0.0000010 0.0000010 0.0000010 0.6591799 
Mlig.234   0.6136498 0.6383767 0.0000010 0.0000010 0.0000000 0.0000010 0.0000010 0.0000010 0.0000010 0.0000010 0.6591799 
Mlig.235   0.6136498 0.6383767 0.0000010 0.0000010 0.0000010 0.0000000 0.0000010 0.0000010 0.0000010 0.0000010 0.6591799 
Mlig.236   0.6136498 0.6383767 0.0000010 0.0000010 0.0000010 0.0000010 0.0000000 0.0000010 0.0000010 0.0000010 0.6591799 
Mlig.237   0.6136498 0.6383767 0.0000010 0.0000010 0.0000010 0.0000010 0.0000010 0.0000000 0.0000010 0.0000010 0.6591799 
Mlig.238   0.6136498 0.6383767 0.0000010 0.0000010 0.0000010 0.0000010 0.0000010 0.0000010 0.0000000 0.0000010 0.6591799 
Mlig.13850 0.6136498 0.6383767 0.0000010 0.0000010 0.0000010 0.0000010 0.0000010 0.0000010 0.0000010 0.0000000 0.6591799 
Mlig.35128 0.6685712 0.7050082 0.6591799 0.6591799 0.6591799 0.6591799 0.6591799 0.6591799 0.6591799 0.6591799 0.0000000 
