10
Mlig.9974  0.0000000 0.1207086 0.1233558 0.5274717 0.5230283 0.6222315 0.6222315 0.6136081 0.6163132 0.6111160 
Mlig.9975  0.1207086 0.0000000 0.0021652 0.3280610 0.3245786 0.3980196 0.3980196 0.3826942 0.3842875 0.3811467 
Mlig.9976  0.1233558 0.0021652 0.0000000 0.3310866 0.3275970 0.4013432 0.4013432 0.3859308 0.3875358 0.3843730 
Mlig.17785 0.5274717 0.3280610 0.3310866 0.0000000 0.0021919 0.3752828 0.3752828 0.3741165 0.3770334 0.3726183 
Mlig.17786 0.5230283 0.3245786 0.3275970 0.0021919 0.0000000 0.3715073 0.3715073 0.3704019 0.3732932 0.3689173 
Mlig.36085 0.6222315 0.3980196 0.4013432 0.3752828 0.3715073 0.0000000 0.0000010 0.2564248 0.2600146 0.2530579 
Mlig.36086 0.6222315 0.3980196 0.4013432 0.3752828 0.3715073 0.0000010 0.0000000 0.2564248 0.2600146 0.2530579 
Mlig.6661  0.6136081 0.3826942 0.3859308 0.3741165 0.3704019 0.2564248 0.2564248 0.0000000 0.0021892 0.0021881 
Mlig.40740 0.6163132 0.3842875 0.3875358 0.3770334 0.3732932 0.2600146 0.2600146 0.0021892 0.0000000 0.0043871 
Mlig.21066 0.6111160 0.3811467 0.3843730 0.3726183 0.3689173 0.2530579 0.2530579 0.0021881 0.0043871 0.0000000 
