11
Smed.17546 0.0000000 0.6264791 0.6510885 0.6026991 0.5318581 0.5634574 0.5985059 0.5873675 0.6152204 0.6257640 0.6535677 
Smed.28419 0.6264791 0.0000000 0.1090850 0.1033459 0.1025104 0.1027991 0.0820380 0.0820838 0.0831911 0.0608745 0.0830847 
Smed.9025  0.6510885 0.1090850 0.0000000 0.0642803 0.0864842 0.0639259 0.0425474 0.0861275 0.1324553 0.0638484 0.0871518 
Smed.27258 0.6026991 0.1033459 0.0642803 0.0000000 0.0406961 0.0200590 0.0200635 0.0609651 0.1041882 0.0401776 0.0616519 
Smed.27281 0.5318581 0.1025104 0.0864842 0.0406961 0.0000000 0.0200381 0.0404896 0.0820563 0.1262531 0.0608138 0.0829894 
Smed.1937  0.5634574 0.1027991 0.0639259 0.0200590 0.0200381 0.0000000 0.0199586 0.0606453 0.1036331 0.0399684 0.0613249 
Smed.24699 0.5985059 0.0820380 0.0425474 0.0200635 0.0404896 0.0199586 0.0000000 0.0403298 0.0827183 0.0199364 0.0407799 
Smed.26136 0.5873675 0.0820838 0.0861275 0.0609651 0.0820563 0.0606453 0.0403298 0.0000000 0.0827650 0.0605755 0.0826594 
Smed.3155  0.6152204 0.0831911 0.1324553 0.1041882 0.1262531 0.1036331 0.0827183 0.0827650 0.0000000 0.0613855 0.0837820 
Smed.28048 0.6257640 0.0608745 0.0638484 0.0401776 0.0608138 0.0399684 0.0199364 0.0605755 0.0613855 0.0000000 0.0201768 
Smed.15691 0.6535677 0.0830847 0.0871518 0.0616519 0.0829894 0.0613249 0.0407799 0.0826594 0.0837820 0.0201768 0.0000000 
