7
Smed.7535  0.0000000 0.5799419 0.6723284 0.3735362 0.3735362 0.5604098 0.5047576 
Smed.23865 0.5799419 0.0000000 0.6116700 0.3441905 0.3441905 0.6445434 0.6094912 
Smed.2536  0.6723284 0.6116700 0.0000000 0.4825219 0.4825219 0.6612115 0.4975485 
Smed.22108 0.3735362 0.3441905 0.4825219 0.0000000 0.0000010 0.5429439 0.3510205 
Smed.22304 0.3735362 0.3441905 0.4825219 0.0000010 0.0000000 0.5429439 0.3510205 
Smed.6208  0.5604098 0.6445434 0.6612115 0.5429439 0.5429439 0.0000000 0.5664783 
Smed.12697 0.5047576 0.6094912 0.4975485 0.3510205 0.3510205 0.5664783 0.0000000 
