10
Mlig.36225 0.0000000 0.4053631 0.4053631 0.4053631 0.4053631 0.4064897 0.2040861 0.5748992 0.5729825 0.5811302 
Mlig.38036 0.4053631 0.0000000 0.0000010 0.0000010 0.0000010 0.0033947 0.4109011 0.6293701 0.6287956 0.6303527 
Mlig.38039 0.4053631 0.0000010 0.0000000 0.0000010 0.0000010 0.0033947 0.4109011 0.6293701 0.6287956 0.6303527 
Mlig.38037 0.4053631 0.0000010 0.0000010 0.0000000 0.0000010 0.0033947 0.4109011 0.6293701 0.6287956 0.6303527 
Mlig.38038 0.4053631 0.0000010 0.0000010 0.0000010 0.0000000 0.0033947 0.4109011 0.6293701 0.6287956 0.6303527 
Mlig.38040 0.4064897 0.0033947 0.0033947 0.0033947 0.0033947 0.0000000 0.4150802 0.6341578 0.6335757 0.6351415 
Mlig.19876 0.2040861 0.4109011 0.4109011 0.4109011 0.4109011 0.4150802 0.0000000 0.6029861 0.6010800 0.6092959 
Mlig.15827 0.5748992 0.6293701 0.6293701 0.6293701 0.6293701 0.6341578 0.6029861 0.0000000 0.0104976 0.0140889 
Mlig.40380 0.5729825 0.6287956 0.6287956 0.6287956 0.6287956 0.6335757 0.6010800 0.0104976 0.0000000 0.0035053 
Mlig.44280 0.5811302 0.6303527 0.6303527 0.6303527 0.6303527 0.6351415 0.6092959 0.0140889 0.0035053 0.0000000 
