8
Shae.4825  0.0000000 0.0313145 0.0207214 0.0172628 0.0241888 0.0207050 0.0241876 0.0206938 
Shae.6038  0.0313145 0.0000000 0.0242268 0.0207599 0.0347938 0.0312727 0.0347924 0.0312547 
Shae.2274  0.0207214 0.0242268 0.0000000 0.0103038 0.0241749 0.0206933 0.0241736 0.0206821 
Shae.5458  0.0172628 0.0207599 0.0103038 0.0000000 0.0207154 0.0172393 0.0207143 0.0172301 
Shae.5737  0.0241888 0.0347938 0.0241749 0.0207154 0.0000000 0.0102617 0.0136997 0.0172015 
Shae.799   0.0207050 0.0312727 0.0206933 0.0172393 0.0102617 0.0000000 0.0102610 0.0137416 
Shae.5539  0.0241876 0.0347924 0.0241736 0.0207143 0.0136997 0.0102610 0.0000000 0.0034233 
Shae.6040  0.0206938 0.0312547 0.0206821 0.0172301 0.0172015 0.0137416 0.0034233 0.0000000 
