17
Mlig.31124 0.0000000 0.2809120 0.2731157 0.2802968 0.2694903 0.2694903 0.2694903 0.2694903 0.0196646 0.2808980 0.2694903 0.2768829 0.2731157 0.2774876 0.2770490 0.2731157 0.2810094 
Mlig.24290 0.2809120 0.0000000 0.0056128 0.0169152 0.0084323 0.0084323 0.0084323 0.0084323 0.2840682 0.0169460 0.0084323 0.0028008 0.0056128 0.0141177 0.0140977 0.0056128 0.0256592 
Mlig.3704  0.2731157 0.0056128 0.0000000 0.0112357 0.0028002 0.0028002 0.0028002 0.0028002 0.2762588 0.0112561 0.0028002 0.0028000 0.0000010 0.0084398 0.0084278 0.0000010 0.0198843 
Mlig.3198  0.2802968 0.0169152 0.0112357 0.0000000 0.0084170 0.0084170 0.0084170 0.0084170 0.2834460 0.0169150 0.0084170 0.0140659 0.0112357 0.0140920 0.0140720 0.0112357 0.0256118 
Mlig.2004  0.2694903 0.0084323 0.0028002 0.0084170 0.0000000 0.0000010 0.0000010 0.0000010 0.2726304 0.0084322 0.0000010 0.0056096 0.0028002 0.0056200 0.0056120 0.0028002 0.0170241 
Mlig.3197  0.2694903 0.0084323 0.0028002 0.0084170 0.0000010 0.0000000 0.0000010 0.0000010 0.2726304 0.0084322 0.0000010 0.0056096 0.0028002 0.0056200 0.0056120 0.0028002 0.0170241 
Mlig.3199  0.2694903 0.0084323 0.0028002 0.0084170 0.0000010 0.0000010 0.0000000 0.0000010 0.2726304 0.0084322 0.0000010 0.0056096 0.0028002 0.0056200 0.0056120 0.0028002 0.0170241 
Mlig.30459 0.2694903 0.0084323 0.0028002 0.0084170 0.0000010 0.0000010 0.0000010 0.0000000 0.2726304 0.0084322 0.0000010 0.0056096 0.0028002 0.0056200 0.0056120 0.0028002 0.0170241 
Mlig.31125 0.0196646 0.2840682 0.2762588 0.2834460 0.2726304 0.2726304 0.2726304 0.2726304 0.0000000 0.2840538 0.2726304 0.2800308 0.2762588 0.2806423 0.2801992 0.2762588 0.2835061 
Mlig.3209  0.2808980 0.0169460 0.0112561 0.0169150 0.0084322 0.0084322 0.0084322 0.0084322 0.2840538 0.0000000 0.0084322 0.0140914 0.0112561 0.0141176 0.0140975 0.0112561 0.0256589 
Mlig.40124 0.2694903 0.0084323 0.0028002 0.0084170 0.0000010 0.0000010 0.0000010 0.0000010 0.2726304 0.0084322 0.0000000 0.0056096 0.0028002 0.0056200 0.0056120 0.0028002 0.0170241 
Mlig.3703  0.2768829 0.0028008 0.0028000 0.0140659 0.0056096 0.0056096 0.0056096 0.0056096 0.2800308 0.0140914 0.0056096 0.0000000 0.0028000 0.0112701 0.0112541 0.0028000 0.0227592 
Mlig.3706  0.2731157 0.0056128 0.0000010 0.0112357 0.0028002 0.0028002 0.0028002 0.0028002 0.2762588 0.0112561 0.0028002 0.0028000 0.0000000 0.0084398 0.0084278 0.0000010 0.0198843 
Mlig.3200  0.2774876 0.0141177 0.0084398 0.0140920 0.0056200 0.0056200 0.0056200 0.0056200 0.2806423 0.0141176 0.0056200 0.0112701 0.0084398 0.0000000 0.0112749 0.0084398 0.0228020 
Mlig.45478 0.2770490 0.0140977 0.0084278 0.0140720 0.0056120 0.0056120 0.0056120 0.0056120 0.2801992 0.0140975 0.0056120 0.0112541 0.0084278 0.0112749 0.0000000 0.0084278 0.0227692 
Mlig.3701  0.2731157 0.0056128 0.0000010 0.0112357 0.0028002 0.0028002 0.0028002 0.0028002 0.2762588 0.0112561 0.0028002 0.0028000 0.0000010 0.0084398 0.0084278 0.0000000 0.0198843 
Mlig.6480  0.2810094 0.0256592 0.0198843 0.0256118 0.0170241 0.0170241 0.0170241 0.0170241 0.2835061 0.0256589 0.0170241 0.0227592 0.0198843 0.0228020 0.0227692 0.0198843 0.0000000 
