6
Mlig.16218 0.0000000 0.0128339 0.0149810 0.7580611 0.7224243 0.7224243 
Mlig.16217 0.0128339 0.0000000 0.0021180 0.7590884 0.7234390 0.7234390 
Mlig.16219 0.0149810 0.0021180 0.0000000 0.7556935 0.7201036 0.7201036 
Mlig.44714 0.7580611 0.7590884 0.7556935 0.0000000 0.0244247 0.0244247 
Mlig.44713 0.7224243 0.7234390 0.7201036 0.0244247 0.0000000 0.0000010 
Mlig.44715 0.7224243 0.7234390 0.7201036 0.0244247 0.0000010 0.0000000 
