9
Mlig.23944 0.0000000 0.5796045 0.5796045 0.5804608 0.0321990 0.0321990 0.3154377 0.2989549 0.2989549 
Mlig.37576 0.5796045 0.0000000 0.0000010 0.0064399 0.5784271 0.5784271 0.6421780 0.6328083 0.6328083 
Mlig.43137 0.5796045 0.0000010 0.0000000 0.0064399 0.5784271 0.5784271 0.6421780 0.6328083 0.6328083 
Mlig.43138 0.5804608 0.0064399 0.0064399 0.0000000 0.5792798 0.5792798 0.6561688 0.6466930 0.6466930 
Mlig.11262 0.0321990 0.5784271 0.5784271 0.5792798 0.0000000 0.0000010 0.3153285 0.3079745 0.3079745 
Mlig.37100 0.0321990 0.5784271 0.5784271 0.5792798 0.0000010 0.0000000 0.3153285 0.3079745 0.3079745 
Mlig.25724 0.3154377 0.6421780 0.6421780 0.6561688 0.3153285 0.3153285 0.0000000 0.0122683 0.0122683 
Mlig.25725 0.2989549 0.6328083 0.6328083 0.6466930 0.3079745 0.3079745 0.0122683 0.0000000 0.0000010 
Mlig.25726 0.2989549 0.6328083 0.6328083 0.6466930 0.3079745 0.3079745 0.0122683 0.0000010 0.0000000 
