8
Mlig.16579 0.0000000 0.0000010 0.5448014 0.5456819 0.5448014 0.0068531 0.8709177 0.8535472 
Mlig.46263 0.0000010 0.0000000 0.5448014 0.5456819 0.5448014 0.0068531 0.8709177 0.8535472 
Mlig.46262 0.5448014 0.5448014 0.0000000 0.0137818 0.0000010 0.5340260 0.6852367 0.6951423 
Mlig.16578 0.5456819 0.5456819 0.0137818 0.0000000 0.0137818 0.5348766 0.6882186 0.6981365 
Mlig.24045 0.5448014 0.5448014 0.0000010 0.0137818 0.0000000 0.5340260 0.6852367 0.6951423 
Mlig.24046 0.0068531 0.0068531 0.5340260 0.5348766 0.5340260 0.0000000 0.8843607 0.8668105 
Mlig.40502 0.8709177 0.8709177 0.6852367 0.6882186 0.6852367 0.8843607 0.0000000 0.0136120 
Mlig.42582 0.8535472 0.8535472 0.6951423 0.6981365 0.6951423 0.8668105 0.0136120 0.0000000 
