6
Mcor.4412  0.0000000 1.3611415 0.2965172 0.1932217 0.2593313 0.4633328 
Mcor.6290  1.3611415 0.0000000 1.3635693 1.3668397 1.4044727 1.6629286 
Mcor.9591  0.2965172 1.3635693 0.0000000 0.2961012 0.2922811 0.4314077 
Mcor.9931  0.1932217 1.3668397 0.2961012 0.0000000 0.2662099 0.4553580 
Mcor.5370  0.2593313 1.4044727 0.2922811 0.2662099 0.0000000 0.3895991 
Mcor.12720 0.4633328 1.6629286 0.4314077 0.4553580 0.3895991 0.0000000 
