6
Mlig.2569  0.0000000 0.0000010 0.0929471 0.0929471 0.1811305 0.1811305 
Mlig.30282 0.0000010 0.0000000 0.0929471 0.0929471 0.1811305 0.1811305 
Mlig.26440 0.0929471 0.0929471 0.0000000 0.0000010 0.1915194 0.1915194 
Mlig.29996 0.0929471 0.0929471 0.0000010 0.0000000 0.1915194 0.1915194 
Mlig.42966 0.1811305 0.1811305 0.1915194 0.1915194 0.0000000 0.0000010 
Mlig.42967 0.1811305 0.1811305 0.1915194 0.1915194 0.0000010 0.0000000 
