6
Mlig.18254 0.0000000 0.0000010 0.3378412 0.3378412 0.4289867 0.4289867 
Mlig.18255 0.0000010 0.0000000 0.3378412 0.3378412 0.4289867 0.4289867 
Mlig.35950 0.3378412 0.3378412 0.0000000 0.0000010 0.4126425 0.4126425 
Mlig.35951 0.3378412 0.3378412 0.0000010 0.0000000 0.4126425 0.4126425 
Mlig.37537 0.4289867 0.4289867 0.4126425 0.4126425 0.0000000 0.0000010 
Mlig.37538 0.4289867 0.4289867 0.4126425 0.4126425 0.0000010 0.0000000 
