7
Mlig.25877 0.0000000 0.0000010 0.9209936 0.9295934 0.9209936 0.8395027 0.8395027 
Mlig.25879 0.0000010 0.0000000 0.9209936 0.9295934 0.9209936 0.8395027 0.8395027 
Mlig.8523  0.9209936 0.9209936 0.0000000 0.0100604 0.0000010 0.8109649 0.8109649 
Mlig.8524  0.9295934 0.9295934 0.0100604 0.0000000 0.0100604 0.8102196 0.8102196 
Mlig.8525  0.9209936 0.9209936 0.0000010 0.0100604 0.0000000 0.8109649 0.8109649 
Mlig.21780 0.8395027 0.8395027 0.8109649 0.8102196 0.8109649 0.0000000 0.0000010 
Mlig.41587 0.8395027 0.8395027 0.8109649 0.8102196 0.8109649 0.0000010 0.0000000 
