10
Scur.4100  0.0000000 0.0241395 0.0241156 0.0201377 0.0202220 0.0160192 0.0200712 0.0241126 0.0366229 0.0203615 
Scur.8226  0.0241395 0.0000000 0.0080225 0.0202201 0.0121409 0.0160843 0.0040060 0.0080215 0.0285022 0.0122279 
Scur.3728  0.0241156 0.0080225 0.0000000 0.0201999 0.0121287 0.0080164 0.0040020 0.0080135 0.0284736 0.0122157 
Scur.2618  0.0201377 0.0202201 0.0201999 0.0000000 0.0162623 0.0120757 0.0161397 0.0201974 0.0327239 0.0163771 
Scur.2532  0.0202220 0.0121409 0.0121287 0.0162623 0.0000000 0.0121274 0.0080764 0.0121272 0.0160763 0.0081984 
Scur.547   0.0160192 0.0160843 0.0080164 0.0120757 0.0121274 0.0000000 0.0120356 0.0160663 0.0284708 0.0122143 
Scur.2419  0.0200712 0.0040060 0.0040020 0.0161397 0.0080764 0.0120356 0.0000000 0.0040014 0.0243760 0.0081352 
Scur.933   0.0241126 0.0080215 0.0080135 0.0201974 0.0121272 0.0160663 0.0040014 0.0000000 0.0284701 0.0122141 
Scur.163   0.0366229 0.0285022 0.0284736 0.0327239 0.0160763 0.0284708 0.0243760 0.0284701 0.0000000 0.0247280 
Scur.2093  0.0203615 0.0122279 0.0122157 0.0163771 0.0081984 0.0122143 0.0081352 0.0122141 0.0247280 0.0000000 
