6
Smed.1886  0.0000000 0.8362511 0.7263933 0.8362511 0.6764152 0.7268367 
Smed.8242  0.8362511 0.0000000 0.1332534 0.0000010 0.1632278 0.1852200 
Smed.8580  0.7263933 0.1332534 0.0000000 0.1332534 0.0244808 0.0481057 
Smed.16743 0.8362511 0.0000010 0.1332534 0.0000000 0.1632278 0.1852200 
Smed.2572  0.6764152 0.1632278 0.0244808 0.1632278 0.0000000 0.0733801 
Smed.28392 0.7268367 0.1852200 0.0481057 0.1852200 0.0733801 0.0000000 
