10
Mlig.13029 0.0000000 0.4819008 0.4861920 0.4842484 0.0042949 0.8484208 0.8393916 0.7566900 0.7529006 0.7410207 
Mlig.26788 0.4819008 0.0000000 0.0021689 0.0043434 0.4860423 0.7095755 0.7323089 0.5273018 0.5048032 0.4934878 
Mlig.26789 0.4861920 0.0021689 0.0000000 0.0065299 0.4903517 0.7115317 0.7343286 0.5318026 0.5091799 0.4978113 
Mlig.26791 0.4842484 0.0043434 0.0065299 0.0000000 0.4883910 0.7075295 0.7301964 0.5257506 0.5033247 0.4920430 
Mlig.13030 0.0042949 0.4860423 0.4903517 0.4883910 0.0000000 0.8440637 0.8350830 0.7635297 0.7597157 0.7477554 
Mlig.5369  0.8484208 0.7095755 0.7115317 0.7075295 0.8440637 0.0000000 0.2075246 0.3700007 0.3593473 0.3603836 
Mlig.18344 0.8393916 0.7323089 0.7343286 0.7301964 0.8350830 0.2075246 0.0000000 0.3745718 0.3586140 0.3596657 
Mlig.2201  0.7566900 0.5273018 0.5318026 0.5257506 0.7635297 0.3700007 0.3745718 0.0000000 0.0290617 0.0267716 
Mlig.2199  0.7529006 0.5048032 0.5091799 0.5033247 0.7597157 0.3593473 0.3586140 0.0290617 0.0000000 0.0153621 
Mlig.2200  0.7410207 0.4934878 0.4978113 0.4920430 0.7477554 0.3603836 0.3596657 0.0267716 0.0153621 0.0000000 
