7
Mcor.8748  0.0000000 1.1946240 1.4027087 1.5369163 1.6984533 1.4430857 1.3875049 
Mcor.7161  1.1946240 0.0000000 0.9337735 1.0981871 1.3376289 1.2625760 1.2637183 
Mcor.8750  1.4027087 0.9337735 0.0000000 0.7010040 1.1895862 1.0013974 1.0337686 
Mcor.9166  1.5369163 1.0981871 0.7010040 0.0000000 1.5524670 1.3425416 1.3266962 
Mcor.6480  1.6984533 1.3376289 1.1895862 1.5524670 0.0000000 1.3553217 1.3863292 
Mcor.8752  1.4430857 1.2625760 1.0013974 1.3425416 1.3553217 0.0000000 0.0872875 
Mcor.9165  1.3875049 1.2637183 1.0337686 1.3266962 1.3863292 0.0872875 0.0000000 
