7
Mlig.5976  0.0000000 0.0000010 0.7720363 0.7720363 0.7720363 0.9862626 0.9691227 
Mlig.5977  0.0000010 0.0000000 0.7720363 0.7720363 0.7720363 0.9862626 0.9691227 
Mlig.17242 0.7720363 0.7720363 0.0000000 0.0000010 0.0000010 0.5638281 0.5373562 
Mlig.17243 0.7720363 0.7720363 0.0000010 0.0000000 0.0000010 0.5638281 0.5373562 
Mlig.17244 0.7720363 0.7720363 0.0000010 0.0000010 0.0000000 0.5638281 0.5373562 
Mlig.23768 0.9862626 0.9862626 0.5638281 0.5638281 0.5638281 0.0000000 0.0147031 
Mlig.37371 0.9691227 0.9691227 0.5373562 0.5373562 0.5373562 0.0147031 0.0000000 
