17
Mlig.1457  0.0000000 0.0022820 0.0000010 1.5440300 1.5497307 1.5580981 1.5580981 1.6800617 1.6800617 1.9043941 1.9034615 1.9101308 1.9312659 1.8923760 1.8733509 1.8556635 1.8640093 
Mlig.1455  0.0022820 0.0000000 0.0022820 1.5369560 1.5426519 1.5509880 1.5509880 1.6725585 1.6725585 1.9063262 1.9054015 1.9120693 1.9332057 1.8943245 1.8752905 1.8576002 1.8659392 
Mlig.1456  0.0000010 0.0022820 0.0000000 1.5440300 1.5497307 1.5580981 1.5580981 1.6800617 1.6800617 1.9043941 1.9034615 1.9101308 1.9312659 1.8923760 1.8733509 1.8556635 1.8640093 
Mlig.7053  1.5440300 1.5369560 1.5440300 0.0000000 0.0163252 0.0186825 0.0186825 0.3239583 0.3239583 1.3780208 1.3825571 1.4037583 1.3615967 1.3811961 1.3571623 1.3899337 1.3596848 
Mlig.7050  1.5497307 1.5426519 1.5497307 0.0163252 0.0000000 0.0022462 0.0022462 0.3407536 0.3407536 1.4223351 1.4270335 1.4488060 1.3896146 1.4095832 1.3850339 1.4183386 1.3875206 
Mlig.7051  1.5580981 1.5509880 1.5580981 0.0186825 0.0022462 0.0000000 0.0000010 0.3442504 0.3442504 1.4237097 1.4284134 1.4502050 1.3909701 1.4109570 1.3863824 1.4197132 1.3888673 
Mlig.7052  1.5580981 1.5509880 1.5580981 0.0186825 0.0022462 0.0000010 0.0000000 0.3442504 0.3442504 1.4237097 1.4284134 1.4502050 1.3909701 1.4109570 1.3863824 1.4197132 1.3888673 
Mlig.10190 1.6800617 1.6725585 1.6800617 0.3239583 0.3407536 0.3442504 0.3442504 0.0000000 0.0000010 1.5233122 1.5526388 1.5750454 1.5076925 1.5395188 1.4738758 1.4779261 1.4603285 
Mlig.10192 1.6800617 1.6725585 1.6800617 0.3239583 0.3407536 0.3442504 0.3442504 0.0000010 0.0000000 1.5233122 1.5526388 1.5750454 1.5076925 1.5395188 1.4738758 1.4779261 1.4603285 
Mlig.36782 1.9043941 1.9063262 1.9043941 1.3780208 1.4223351 1.4237097 1.4237097 1.5233122 1.5233122 0.0000000 0.0564988 0.0565577 0.1350345 0.1884162 0.1131995 0.0977710 0.0896252 
Mlig.7970  1.9034615 1.9054015 1.9034615 1.3825571 1.4270335 1.4284134 1.4284134 1.5526388 1.5526388 0.0564988 0.0000000 0.0134820 0.1247393 0.1457920 0.1411225 0.1474030 0.1386372 
Mlig.13523 1.9101308 1.9120693 1.9101308 1.4037583 1.4488060 1.4502050 1.4502050 1.5750454 1.5750454 0.0565577 0.0134820 0.0000000 0.1354229 0.1460719 0.1523188 0.1527629 0.1439499 
Mlig.36247 1.9312659 1.9332057 1.9312659 1.3615967 1.3896146 1.3909701 1.3909701 1.5076925 1.5076925 0.1350345 0.1247393 0.1354229 0.0000000 0.1761523 0.0368800 0.0555109 0.0393191 
Mlig.48307 1.8923760 1.8943245 1.8923760 1.3811961 1.4095832 1.4109570 1.4109570 1.5395188 1.5395188 0.1884162 0.1457920 0.1460719 0.1761523 0.0000000 0.1824087 0.1836576 0.1799056 
Mlig.41240 1.8733509 1.8752905 1.8733509 1.3571623 1.3850339 1.3863824 1.3863824 1.4738758 1.4738758 0.1131995 0.1411225 0.1523188 0.0368800 0.1824087 0.0000000 0.0313907 0.0205390 
Mlig.18039 1.8556635 1.8576002 1.8556635 1.3899337 1.4183386 1.4197132 1.4197132 1.4779261 1.4779261 0.0977710 0.1474030 0.1527629 0.0555109 0.1836576 0.0313907 0.0000000 0.0147316 
Mlig.41239 1.8640093 1.8659392 1.8640093 1.3596848 1.3875206 1.3888673 1.3888673 1.4603285 1.4603285 0.0896252 0.1386372 0.1439499 0.0393191 0.1799056 0.0205390 0.0147316 0.0000000 
