12
Mlig.36385 0.0000000 0.0078374 0.0051644 1.0998956 1.0972600 1.0546045 1.0546045 1.0521157 1.0998956 1.0411595 1.0492380 1.0405805 
Mlig.13455 0.0078374 0.0000000 0.0026000 1.1229303 1.1202323 1.0659583 1.0659583 1.0634630 1.1229303 1.0555297 1.0636895 1.0549393 
Mlig.40056 0.0051644 0.0026000 0.0000000 1.1107660 1.1081003 1.0636524 1.0636524 1.0611570 1.1107660 1.0512448 1.0593869 1.0506572 
Mlig.249   1.0998956 1.1229303 1.1107660 0.0000000 0.0051028 0.3111947 0.3111947 0.3178845 0.0000010 0.3060102 0.3070895 0.3036363 
Mlig.14393 1.0972600 1.1202323 1.1081003 0.0051028 0.0000000 0.3131115 0.3131115 0.3198048 0.0051028 0.3045233 0.3055968 0.3021607 
Mlig.24658 1.0546045 1.0659583 1.0636524 0.3111947 0.3131115 0.0000000 0.0000010 0.0038110 0.3111947 0.3665912 0.3654142 0.3610242 
Mlig.24657 1.0546045 1.0659583 1.0636524 0.3111947 0.3131115 0.0000010 0.0000000 0.0038110 0.3111947 0.3665912 0.3654142 0.3610242 
Mlig.24659 1.0521157 1.0634630 1.0611570 0.3178845 0.3198048 0.0038110 0.0038110 0.0000000 0.3178845 0.3691078 0.3679394 0.3635197 
Mlig.29973 1.0998956 1.1229303 1.1107660 0.0000010 0.0051028 0.3111947 0.3111947 0.3178845 0.0000000 0.3060102 0.3070895 0.3036363 
Mlig.38443 1.0411595 1.0555297 1.0512448 0.3060102 0.3045233 0.3665912 0.3665912 0.3691078 0.3060102 0.0000000 0.0064000 0.0038450 
Mlig.6501  1.0492380 1.0636895 1.0593869 0.3070895 0.3055968 0.3654142 0.3654142 0.3679394 0.3070895 0.0064000 0.0000000 0.0103212 
Mlig.19486 1.0405805 1.0549393 1.0506572 0.3036363 0.3021607 0.3610242 0.3610242 0.3635197 0.3036363 0.0038450 0.0103212 0.0000000 
