10
Mlig.27190 0.0000000 0.3116184 1.0234206 1.0241294 1.0141136 1.0156025 0.0021618 0.0021618 0.3122826 0.3116184 
Mlig.41542 0.3116184 0.0000000 1.0632757 1.0519595 1.0461532 1.0455451 0.3096387 0.3096387 0.0087250 0.0000010 
Mlig.44886 1.0234206 1.0632757 0.0000000 0.0107079 0.0106944 0.0085496 1.0184576 1.0184576 1.0725441 1.0632757 
Mlig.44885 1.0241294 1.0519595 0.0107079 0.0000000 0.0042299 0.0063563 1.0191577 1.0191577 1.0611343 1.0519595 
Mlig.44884 1.0141136 1.0461532 0.0106944 0.0042299 0.0000000 0.0021134 1.0091708 1.0091708 1.0552831 1.0461532 
Mlig.44887 1.0156025 1.0455451 0.0085496 0.0063563 0.0021134 0.0000000 1.0106551 1.0106551 1.0546735 1.0455451 
Mlig.206   0.0021618 0.3096387 1.0184576 1.0191577 1.0091708 1.0106551 0.0000000 0.0000010 0.3102958 0.3096387 
Mlig.207   0.0021618 0.3096387 1.0184576 1.0191577 1.0091708 1.0106551 0.0000010 0.0000000 0.3102958 0.3096387 
Mlig.41544 0.3122826 0.0087250 1.0725441 1.0611343 1.0552831 1.0546735 0.3102958 0.3102958 0.0000000 0.0087250 
Mlig.41545 0.3116184 0.0000010 1.0632757 1.0519595 1.0461532 1.0455451 0.3096387 0.3096387 0.0087250 0.0000000 
