7
Mlig.6702  0.0000000 0.2541017 0.2541017 0.1249139 0.1249139 0.0053691 0.0053691 
Mlig.24425 0.2541017 0.0000000 0.0000010 0.1864215 0.1864215 0.2457757 0.2457757 
Mlig.45772 0.2541017 0.0000010 0.0000000 0.1864215 0.1864215 0.2457757 0.2457757 
Mlig.31188 0.1249139 0.1864215 0.1864215 0.0000000 0.0000010 0.1180510 0.1180510 
Mlig.31190 0.1249139 0.1864215 0.1864215 0.0000010 0.0000000 0.1180510 0.1180510 
Mlig.6703  0.0053691 0.2457757 0.2457757 0.1180510 0.1180510 0.0000000 0.0000010 
Mlig.31728 0.0053691 0.2457757 0.2457757 0.1180510 0.1180510 0.0000010 0.0000000 
