6
Mlig.26938 0.0000000 0.0077001 0.0051287 0.4169923 0.4164872 0.4206254 
Mlig.37714 0.0077001 0.0000000 0.0025590 0.4159024 0.4154001 0.4195234 
Mlig.11410 0.0051287 0.0025590 0.0000000 0.4156641 0.4151618 0.4192872 
Mlig.34822 0.4169923 0.4159024 0.4156641 0.0000000 0.0025364 0.0050825 
Mlig.41806 0.4164872 0.4154001 0.4151618 0.0025364 0.0000000 0.0025364 
Mlig.47728 0.4206254 0.4195234 0.4192872 0.0050825 0.0025364 0.0000000 
