8
Smed.15985 0.0000000 0.0050389 0.0151382 0.0202325 0.0050389 0.0152268 0.0050389 0.0050389 
Smed.1563  0.0050389 0.0000000 0.0100581 0.0151227 0.0000010 0.0101166 0.0000010 0.0000010 
Smed.17766 0.0151382 0.0100581 0.0000000 0.0252402 0.0100581 0.0202624 0.0100581 0.0100581 
Smed.8302  0.0202325 0.0151227 0.0252402 0.0000000 0.0151227 0.0253874 0.0151227 0.0151227 
Smed.25057 0.0050389 0.0000010 0.0100581 0.0151227 0.0000000 0.0101166 0.0000010 0.0000010 
Smed.13050 0.0152268 0.0101166 0.0202624 0.0253874 0.0101166 0.0000000 0.0101166 0.0101166 
Smed.1834  0.0050389 0.0000010 0.0100581 0.0151227 0.0000010 0.0101166 0.0000000 0.0000010 
Smed.13717 0.0050389 0.0000010 0.0100581 0.0151227 0.0000010 0.0101166 0.0000010 0.0000000 
