6
Mlig.7772  0.0000000 0.0183456 0.6314564 0.6258518 0.6282548 0.6282548 
Mlig.16760 0.0183456 0.0000000 0.6399979 0.6343488 0.6367949 0.6367949 
Mlig.24248 0.6314564 0.6399979 0.0000000 0.0220654 0.0183719 0.0183719 
Mlig.26507 0.6258518 0.6343488 0.0220654 0.0000000 0.0036513 0.0036513 
Mlig.26508 0.6282548 0.6367949 0.0183719 0.0036513 0.0000000 0.0000010 
Mlig.37423 0.6282548 0.6367949 0.0183719 0.0036513 0.0000010 0.0000000 
