6
Mlig.18122 0.0000000 0.0083281 0.0058203 0.5900417 0.5871266 0.5870860 
Mlig.18121 0.0083281 0.0000000 0.0041516 0.5893446 0.5864285 0.5863879 
Mlig.21526 0.0058203 0.0041516 0.0000000 0.5871867 0.5842804 0.5842397 
Mlig.5731  0.5900417 0.5893446 0.5871867 0.0000000 0.0117553 0.0117502 
Mlig.25471 0.5871266 0.5864285 0.5842804 0.0117553 0.0000000 0.0033274 
Mlig.47656 0.5870860 0.5863879 0.5842397 0.0117502 0.0033274 0.0000000 
