9
Hdim.3978  0.0000000 0.9471693 0.9934129 0.7341597 1.0457819 1.0256773 0.8800242 0.9672516 1.0910702 
Hdim.9168  0.9471693 0.0000000 0.4486750 0.4640313 0.3590207 0.3632716 0.4570001 0.5327933 0.4848074 
Hdim.1812  0.9934129 0.4486750 0.0000000 0.3038103 0.2610597 0.2570782 0.2992726 0.3557822 0.3165588 
Hdim.13678 0.7341597 0.4640313 0.3038103 0.0000000 0.3750952 0.3701183 0.1876731 0.2587307 0.4056413 
Hdim.4721  1.0457819 0.3590207 0.2610597 0.3750952 0.0000000 0.0459149 0.3692841 0.3645779 0.3255028 
Hdim.4829  1.0256773 0.3632716 0.2570782 0.3701183 0.0459149 0.0000000 0.3644104 0.3593331 0.3876962 
Hdim.8048  0.8800242 0.4570001 0.2992726 0.1876731 0.3692841 0.3644104 0.0000000 0.3452811 0.3992357 
Hdim.2255  0.9672516 0.5327933 0.3557822 0.2587307 0.3645779 0.3593331 0.3452811 0.0000000 0.4485815 
Hdim.11458 1.0910702 0.4848074 0.3165588 0.4056413 0.3255028 0.3876962 0.3992357 0.4485815 0.0000000 
