6
Mlig.35915 0.0000000 0.7395023 0.7395023 0.3454327 0.3441003 0.3413594 
Mlig.32696 0.7395023 0.0000000 0.0000010 0.7658431 0.7629637 0.7592464 
Mlig.32697 0.7395023 0.0000010 0.0000000 0.7658431 0.7629637 0.7592464 
Mlig.21577 0.3454327 0.7658431 0.7658431 0.0000000 0.0035518 0.0017740 
Mlig.21578 0.3441003 0.7629637 0.7629637 0.0035518 0.0000000 0.0017656 
Mlig.21579 0.3413594 0.7592464 0.7592464 0.0017740 0.0017656 0.0000000 
