8
Mlig.31297 0.0000000 1.1790146 0.9521017 0.9552271 1.0182324 1.0252455 0.0089343 0.0272623 
Mlig.29386 1.1790146 0.0000000 0.9981265 1.0034448 0.8989487 0.9000103 1.1786551 1.1882905 
Mlig.14656 0.9521017 0.9981265 0.0000000 0.0085190 0.7827506 0.7887226 0.9484958 0.9675433 
Mlig.46868 0.9552271 1.0034448 0.0085190 0.0000000 0.7817187 0.7876816 0.9516186 0.9706915 
Mlig.13367 1.0182324 0.8989487 0.7827506 0.7817187 0.0000000 0.0021430 1.0323340 1.0572054 
Mlig.13368 1.0252455 0.9000103 0.7887226 0.7876816 0.0021430 0.0000000 1.0393863 1.0644082 
Mlig.31295 0.0089343 1.1786551 0.9484958 0.9516186 1.0323340 1.0393863 0.0000000 0.0365974 
Mlig.31296 0.0272623 1.1882905 0.9675433 0.9706915 1.0572054 1.0644082 0.0365974 0.0000000 
