60
Mcor.4109  0.0000000 1.2468751 0.6969723 1.0646169 0.5509233 0.9065537 0.4299517 0.5394268 0.7189154 0.9109643 1.1223816 0.9973850 1.3338672 0.8924359 0.5246565 0.5132600 0.3650348 0.8242707 0.9090660 0.5877318 0.6282338 0.5109121 0.3479900 0.3785016 0.7709131 1.2900456 0.7335936 1.0982471 0.7011324 0.6840114 0.5277676 0.8717434 0.9694441 0.7722732 0.8802037 0.4948971 0.5277676 1.2269889 1.6128004 0.9054021 0.6388753 0.5376277 0.5414093 0.4963450 0.3451241 1.7808338 0.5605571 0.3632087 0.4857533 0.3850443 0.2261866 0.5414093 0.5679807 0.2245894 0.3731945 0.2234970 0.6233607 0.3588174 0.8609952 0.7250424 
Mcor.5146  1.2468751 0.0000000 0.8605896 0.0948298 0.6585041 0.4967340 1.0503739 1.0775766 0.6267251 0.9812129 1.4648490 1.7110204 1.7079818 1.7530856 1.0207481 0.6465933 0.6051723 1.1782607 0.9898005 0.6638486 1.1010301 0.6437120 1.0230914 0.6634988 0.5212547 1.8016449 0.4713516 0.9373286 0.6394562 0.6406463 0.4920254 0.8865950 1.6191738 0.8298744 0.7803448 0.7738587 0.4920254 1.0369656 1.2769788 1.0389360 0.7757374 1.1677574 0.8451778 0.6500562 0.6550606 1.0456730 0.8787506 0.4976971 0.6666253 1.0224627 0.9928311 0.8451778 0.9056808 0.6304047 0.6558057 1.0294172 1.4396794 0.8460143 1.1629773 0.8583686 
Mcor.5037  0.6969723 0.8605896 0.0000000 0.6726403 0.4777393 0.6924306 0.8596786 0.4565977 0.5577835 0.6249304 1.4188105 0.8456108 1.6791120 1.0121357 0.3908827 0.4987936 0.5257974 0.7045443 0.7778723 0.5093441 0.6711572 0.3456096 0.3905184 0.3219490 0.5406870 1.5316581 0.5114157 0.7520885 0.4928650 0.6551122 0.3542408 0.8886754 0.7682245 0.6114094 0.6123358 0.4883504 0.3542408 0.8472807 1.8156228 0.7725162 0.4371721 0.6944361 0.4702898 0.5005853 0.3489307 0.8277337 0.4844921 0.2208313 0.2435501 0.6960140 0.4082556 0.4702898 0.3617731 0.3629158 0.6035366 0.6670281 0.6981501 0.4699686 0.7995775 0.5058381 
Mcor.7555  1.0646169 0.0948298 0.6726403 0.0000000 0.5023632 0.6766216 1.3199128 0.8498800 0.4799602 0.7658894 1.9153484 1.3618228 2.2076414 1.3789565 0.8084602 0.4948162 0.5011807 0.9360711 0.7856810 0.5047484 0.8860274 0.4955538 0.8091055 0.5080683 0.3747940 1.5738096 0.3393470 0.7311640 0.4891704 0.8401080 0.3552425 0.6870667 1.2961286 0.6511074 0.6075431 0.5974876 0.3552425 0.8183680 1.7524040 0.8290371 0.6055471 0.9258995 0.6674805 0.4964961 0.5021500 1.3418646 0.6906079 0.3606624 0.5092842 0.8780112 0.8514457 0.6674805 0.7121555 0.5234381 0.8243523 0.8908602 1.1257282 0.6675212 0.9110951 0.6775435 
Mcor.10317 0.5509233 0.6585041 0.4777393 0.5023632 0.0000000 0.3357461 0.5891434 0.3399601 0.3209290 0.5502437 1.2013908 0.7677358 1.4370749 0.8682962 0.3413980 0.2089770 0.4771042 0.3519577 0.1425593 0.2109062 0.3421486 0.3181449 0.3410813 0.0984742 0.4492023 1.2074519 0.2122976 0.3612676 0.2066929 0.5931030 0.1000899 0.4306346 0.6571443 0.5503065 0.3345748 0.4841620 0.1000899 0.4144382 1.7942693 0.3924876 0.3982299 0.3459749 0.2058900 0.2090798 0.3207678 0.5038382 0.2092302 0.2042318 0.2866141 0.3307276 0.3545197 0.2058900 0.3346672 0.3324313 0.2785366 0.3355507 0.4782608 0.2056812 0.4606937 0.4606475 
Mcor.13199 0.9065537 0.4967340 0.6924306 0.6766216 0.3357461 0.0000000 0.7778676 0.8453675 0.7770383 0.5614587 1.3422403 1.3566409 1.5980993 1.6398161 0.7495571 0.3317318 0.5933445 0.8790975 0.5774672 0.3362365 0.8311021 0.4504571 0.7499264 0.4608829 0.6222542 2.0345201 0.3382531 0.5202307 0.3279755 0.3718101 0.2106482 0.6180144 1.2780129 0.7424252 0.4772892 0.9645381 0.2106482 0.5931407 2.0633709 0.9518786 0.5526031 0.8682718 0.6135119 0.3322637 0.4557740 0.6884481 0.6340618 0.3238369 0.4616853 0.7852834 0.7232946 0.6135119 0.6546212 0.4272760 0.4574578 0.7662494 1.0790793 0.6134110 0.6773641 0.6226041 
Mcor.12423 0.4299517 1.0503739 0.8596786 1.3199128 0.5891434 0.7778676 0.0000000 0.4374580 0.7447043 1.1872057 0.6404416 0.9464973 0.7924738 0.7645432 0.5810188 0.8940210 0.6034894 0.8426515 0.9180831 0.7183408 0.7714598 0.7029295 0.2772968 0.4227969 1.0023807 1.4076466 0.9665719 1.3859162 0.9239626 0.5436531 0.7310582 1.2688078 0.9972879 1.0678721 1.1349033 0.4169593 0.7310582 1.4999885 0.9020298 0.9149214 0.8582566 0.6443565 0.5795931 0.5334154 0.3669411 1.1316624 0.5991559 0.5376454 0.5139070 0.4878786 0.3358294 0.5795931 0.6153681 0.4294776 0.2102121 0.2085135 0.2851605 0.2761236 0.9845295 0.9549024 
Mcor.2453  0.5394268 1.0775766 0.4565977 0.8498800 0.3399601 0.8453675 0.4374580 0.0000000 0.4103269 0.7749505 0.9471586 0.7709021 1.1483647 0.6791343 0.5028181 0.5863823 0.6623509 0.5181202 0.5837417 0.4660247 0.4725201 0.4612536 0.2192403 0.2124198 0.6743803 1.9475419 0.6433533 0.9137143 0.6193561 0.5960902 0.4739866 0.8402770 0.9055341 0.7069363 0.7565287 0.2821652 0.4739866 1.0144218 1.2995617 0.5731550 0.5659731 0.3708624 0.3353610 0.3305806 0.2074808 0.8313025 0.3428890 0.3319459 0.4397334 0.5094296 0.5254649 0.3353610 0.4893436 0.4861295 0.4353185 0.2162502 0.3438064 0.1000097 0.8563349 0.6368458 
Mcor.14457 0.7189154 0.6267251 0.5577835 0.4799602 0.3209290 0.7770383 0.7447043 0.4103269 0.0000000 0.7141767 1.4282546 0.9237787 1.6412311 1.0334043 0.4699895 0.5849648 0.6154349 0.3470950 0.5439454 0.5981238 0.4546156 0.4172081 0.4696902 0.2016837 0.6276482 0.9622980 0.5993681 0.6467976 0.3139477 0.7377978 0.4453196 0.9681568 0.7943428 0.7004035 0.6996301 0.3192752 0.4453196 0.8933891 1.2421337 0.2450472 0.5288626 0.4762558 0.3168559 0.5874569 0.4390947 0.6196194 0.2111616 0.3138816 0.4123906 0.4755757 0.4893156 0.3168559 0.4587101 0.4558330 0.4075093 0.4610199 0.6196416 0.3165726 0.9816836 0.4562434 
Mcor.13291 0.9109643 0.9812129 0.6249304 0.7658894 0.5502437 0.5614587 1.1872057 0.7749505 0.7141767 0.0000000 2.2053982 1.2405643 2.6301864 1.4840511 0.6825960 0.5410414 0.5839547 0.8059259 0.8631990 0.5535706 0.7645258 0.3916925 0.6826938 0.4005427 0.5556787 1.7970208 0.5553744 0.8069480 0.5346058 0.4984256 0.3887688 0.9484279 1.1733662 0.6752610 0.5153108 0.8880124 0.3887688 0.9035830 4.3778787 0.8765582 0.4910804 0.7954029 0.5533366 0.5432926 0.3959869 1.7386609 0.5713396 0.2596831 0.4009815 0.4286148 0.7186759 0.5533366 0.5909017 0.4124957 0.6981895 0.7636793 0.9863103 0.5531152 1.0116907 0.5614139 
Mcor.7984  1.1223816 1.4648490 1.4188105 1.9153484 1.2013908 1.3422403 0.6404416 0.9471586 1.4282546 2.2053982 0.0000000 1.3501802 0.2257646 0.2275479 0.8491656 1.5518600 1.1692041 1.4612611 1.8130768 1.2767235 0.8920168 1.0315551 0.4676422 0.9132145 1.3220038 1.1881992 1.2318120 1.8164606 1.5798428 0.9356814 1.2954595 1.2640931 1.0290818 1.0769896 1.9525288 0.6354972 1.2954595 1.8743793 0.3760089 1.0272285 1.4749469 1.3119023 1.1698339 0.9863540 0.7577095 1.5254660 1.1178524 1.0029585 0.8235913 1.5533511 0.8225809 1.1698339 1.0878190 1.2247566 0.8946880 0.8533969 0.8744323 0.6756842 1.4379205 1.5029267 
Mcor.3707  0.9973850 1.7110204 0.8456108 1.3618228 0.7677358 1.3566409 0.9464973 0.7709021 0.9237787 1.2405643 1.3501802 0.0000000 0.8458760 0.7891593 0.7429823 0.8849407 1.0570227 1.0244400 1.1507196 0.5278502 0.7674038 0.4266970 0.5432148 0.5711473 1.0522396 1.9463494 1.0179045 1.3226985 0.9563528 0.6645290 0.7788446 1.0635565 0.9849900 1.1340812 1.1856374 0.7143741 0.7788446 0.7709426 1.2086819 1.1269968 0.9080948 0.4428080 0.7536369 0.7467021 0.5582979 1.9521699 0.7357236 0.5796871 0.7079188 1.0783412 0.7818309 0.7536369 0.5671115 0.8054463 0.9413124 0.7599153 0.7913630 0.5503247 1.0203514 0.9400176 
Mcor.12448 1.3338672 1.7079818 1.6791120 2.2076414 1.4370749 1.5980993 0.7924738 1.1483647 1.6412311 2.6301864 0.2257646 0.8458760 0.0000000 0.2183161 1.0298818 1.8075770 1.3671016 1.9586395 2.1186264 1.5074405 1.5125652 1.0060084 0.6101457 1.1112354 1.5651260 1.3929195 1.4455710 2.6039024 1.8022526 1.1184105 1.5262708 1.4807755 1.3588278 1.2661021 2.2533062 0.7893765 1.5262708 2.2205372 0.3447941 1.2065062 1.7158277 0.9088887 1.3951371 1.1751476 0.9252120 2.1490895 1.3493818 1.1990948 0.9939333 1.8314789 1.0016427 1.3951371 1.2892920 1.4360278 1.0824659 1.0365806 1.0588551 0.8428881 1.6762331 1.7219928 
Mcor.8317  0.8924359 1.7530856 1.0121357 1.3789565 0.8682962 1.6398161 0.7645432 0.6791343 1.0334043 1.4840511 0.2275479 0.7891593 0.2183161 0.0000000 0.6167238 1.1361335 0.9488160 1.1607234 1.2894952 0.9379322 0.9167881 0.5749685 0.3020210 0.6553340 0.9573961 0.9253697 0.9176598 1.5658120 1.1430869 1.1301741 0.9525635 0.9402309 0.8203708 0.8065092 1.4017407 0.4471127 0.9525635 1.5031804 0.5126492 0.7491771 1.0905742 0.9480688 0.8512212 0.7267223 0.5422600 2.2453713 0.8301976 0.7346641 0.6032172 1.2237899 0.6458401 0.8512212 0.8057956 0.9869259 1.0617991 0.6690938 0.6335898 0.4706776 1.0650118 1.1172245 
Mcor.8839  0.5246565 1.0207481 0.3908827 0.8084602 0.3413980 0.7495571 0.5810188 0.5028181 0.4699895 0.6825960 0.8491656 0.7429823 1.0298818 0.6167238 0.0000000 0.5491599 0.5794959 0.2130138 0.3129606 0.5617405 0.5026175 0.3903377 0.2041417 0.2128284 0.5933822 1.2970147 0.5634345 0.4100202 0.5428038 0.7093607 0.4006713 0.9511047 0.2069125 0.6684702 0.3083598 0.3226238 0.4006713 0.9067257 1.2118026 0.5780430 0.2366224 0.5137676 0.0938864 0.5514436 0.3945631 1.2378717 0.3443834 0.2593431 0.2022752 0.5132108 0.2110769 0.0938864 0.0920998 0.4108328 0.4380347 0.4957115 0.4164680 0.3364252 0.3137785 0.4252477 
Mcor.7691  0.5132600 0.6465933 0.4987936 0.4948162 0.2089770 0.3317318 0.8940210 0.5863823 0.5849648 0.5410414 1.5518600 0.8849407 1.8075770 1.1361335 0.5491599 0.0000000 0.4701918 0.6488812 0.4085815 0.1333591 0.4844550 0.3146505 0.5062226 0.3203076 0.4425054 1.5291918 0.2101816 0.3565224 0.2047062 0.5159765 0.0992588 0.3318789 0.9364871 0.4091557 0.3306229 0.6783620 0.0992588 0.4081803 2.2939400 0.7073639 0.3929920 0.5589616 0.4490512 0.1450957 0.2683579 0.8803778 0.4606475 0.2022963 0.3203622 0.6288026 0.5734204 0.4490512 0.4756357 0.3285344 0.5624823 0.5781821 0.7405872 0.4061802 0.4071381 0.4542873 
Mcor.5957  0.3650348 0.6051723 0.5257974 0.5011807 0.4771042 0.5933445 0.6034894 0.6623509 0.6154349 0.5839547 1.1692041 1.0570227 1.3671016 0.9488160 0.5794959 0.4701918 0.0000000 0.6875864 0.7566267 0.4791148 0.6572926 0.3272556 0.5793145 0.3335306 0.4463411 0.7257920 0.2087291 0.7005831 0.4648403 0.5640853 0.3348636 0.5052626 1.0034875 0.3372293 0.5733013 0.7614506 0.3348636 0.7878649 1.6306737 0.4700774 0.4114147 0.6781625 0.4701948 0.4716446 0.3301070 1.3523988 0.4833467 0.2094924 0.3336343 0.3382175 0.2701610 0.4701948 0.4997319 0.0988231 0.3293465 0.3290465 0.8355737 0.4698965 0.8808806 0.4761350 
Mcor.11280 0.8242707 1.1782607 0.7045443 0.9360711 0.3519577 0.8790975 0.8426515 0.5181202 0.3470950 0.8059259 1.4612611 1.0244400 1.9586395 1.1607234 0.2130138 0.6488812 0.6875864 0.0000000 0.3221244 0.6667267 0.4358185 0.4202773 0.5217476 0.2196172 0.6991911 1.5879396 0.6671690 0.3140990 0.4885855 0.8283503 0.4908730 1.1118803 0.4359033 0.7875879 0.3996662 0.7015742 0.4908730 0.9216676 2.6228549 0.4302090 0.3149149 0.5296888 0.0967919 0.6524658 0.4833134 0.9104468 0.2468121 0.3433490 0.4561395 0.5292237 0.5464889 0.0967919 0.2098338 0.5039153 0.4521074 0.5106879 0.6158012 0.3467192 0.6249435 0.4029311 
Mcor.4075  0.9090660 0.9898005 0.7778723 0.7856810 0.1425593 0.5774672 0.9180831 0.5837417 0.5439454 0.8631990 1.8130768 1.1507196 2.1186264 1.2894952 0.3129606 0.4085815 0.7566267 0.3221244 0.0000000 0.4156081 0.5813733 0.5359643 0.5884381 0.2671695 0.7312813 1.8268418 0.4178626 0.3299086 0.4037311 0.8995192 0.2720611 0.7382579 0.3497506 0.8587608 0.3073838 0.7727200 0.2720611 0.7076291 2.8347914 0.6659403 0.1901778 0.5970998 0.1896064 0.4096018 0.5436938 0.8396569 0.4133701 0.3982299 0.5191581 0.5847409 0.6167993 0.1896064 0.3074756 0.5672368 0.5172195 0.5754924 0.4554818 0.4025479 0.4196679 0.5589863 
Mcor.8083  0.5877318 0.6638486 0.5093441 0.5047484 0.2109062 0.3362365 0.7183408 0.4660247 0.5981238 0.5535706 1.2767235 0.5278502 1.5074405 0.9379322 0.5617405 0.1333591 0.4791148 0.6667267 0.4156081 0.0000000 0.5766310 0.3184851 0.3932094 0.3243638 0.4509537 1.6738060 0.2121450 0.3620107 0.2065296 0.2902243 0.0998401 0.2388867 0.9769564 0.4860176 0.3350510 0.5432806 0.0998401 0.4158321 1.8717027 0.7287713 0.3992914 0.4288270 0.4568404 0.0975102 0.1990124 0.9184782 0.4691239 0.2040641 0.3244331 0.6457314 0.5877318 0.4568404 0.4848014 0.3328893 0.5756258 0.4599285 0.5883189 0.3154791 0.3090794 0.4623862 
Mcor.11412 0.6282338 1.1010301 0.6711572 0.8860274 0.3421486 0.8311021 0.7714598 0.4725201 0.4546156 0.7645258 0.8920168 0.7674038 1.5125652 0.9167881 0.5026175 0.4844550 0.6572926 0.4358185 0.5813733 0.5766310 0.0000000 0.3424489 0.4754032 0.2148359 0.6690283 1.7766257 0.6391157 0.6619310 0.6063315 0.7259361 0.4743862 0.8388197 0.6249056 0.5052041 0.7473653 0.6443686 0.4743862 0.7188731 2.1385571 0.5592505 0.5641906 0.3645878 0.3375564 0.6020898 0.4416692 0.7612315 0.2553357 0.3341371 0.4407856 0.5090688 0.5246851 0.3375564 0.4894419 0.4862945 0.4364806 0.4658096 0.6377075 0.3059006 0.8551666 0.5504407 
Mcor.11991 0.5109121 0.6437120 0.3456096 0.4955538 0.3181449 0.4504571 0.7029295 0.4612536 0.4172081 0.3916925 1.0315551 0.4266970 1.0060084 0.5749685 0.3903377 0.3146505 0.3272556 0.4202773 0.5359643 0.3184851 0.3424489 0.0000000 0.3900114 0.2004517 0.3397699 1.2544423 0.3203215 0.4285493 0.2898001 0.4307967 0.2012605 0.5669055 0.5302298 0.3794663 0.3860409 0.5360615 0.2012605 0.3857135 1.7048595 0.5075282 0.2563528 0.4700473 0.3141658 0.3150765 0.1986774 0.8529753 0.3058929 0.0955462 0.2002823 0.4693606 0.4057694 0.3141658 0.3313550 0.2051835 0.4028460 0.4553584 0.5790110 0.3138875 0.6216239 0.3026157 
Mcor.2321  0.3479900 1.0230914 0.3905184 0.8091055 0.3410813 0.7499264 0.2772968 0.2192403 0.4696902 0.6826938 0.4676422 0.5432148 0.6101457 0.3020210 0.2041417 0.5062226 0.5793145 0.5217476 0.5884381 0.3932094 0.4754032 0.3900114 0.0000000 0.2126055 0.5932332 1.3047846 0.5632288 0.8121644 0.5425730 0.5212979 0.4003356 0.7422468 0.4443875 0.6177201 0.6682405 0.0967525 0.4003356 0.9080850 0.6877601 0.5778508 0.4880311 0.3723879 0.3364252 0.2581639 0.1291556 1.2439998 0.3440598 0.2590616 0.2020735 0.5129216 0.2108579 0.3364252 0.3263252 0.4104903 0.4376881 0.2164580 0.2081373 0.0998877 0.4871161 0.5573109 
Mcor.7828  0.3785016 0.6634988 0.3219490 0.5080683 0.0984742 0.4608829 0.4227969 0.2124198 0.2016837 0.4005427 0.9132145 0.5711473 1.1112354 0.6553340 0.2128284 0.3203076 0.3335306 0.2196172 0.2671695 0.3243638 0.2148359 0.2004517 0.2126055 0.0000000 0.3464551 1.0102172 0.3262638 0.4962797 0.3168185 0.4401263 0.2042318 0.5844058 0.4705217 0.3880579 0.3945840 0.3375768 0.2042318 0.5625360 1.3309635 0.2470290 0.2609306 0.2155859 0.0973168 0.3207678 0.2015621 0.6664805 0.0984347 0.0966772 0.1547196 0.2150014 0.2201845 0.0973168 0.2096930 0.2082948 0.1442907 0.2098147 0.3330917 0.0972183 0.6074225 0.3226941 
Mcor.11912 0.7709131 0.5212547 0.5406870 0.3747940 0.4492023 0.6222542 1.0023807 0.6743803 0.6276482 0.5556787 1.3220038 1.0522396 1.5651260 0.9573961 0.5933822 0.4425054 0.4463411 0.6991911 0.7312813 0.4509537 0.6690283 0.3397699 0.5932332 0.3464551 0.0000000 1.1502664 0.3897192 0.6744417 0.4371154 0.6272532 0.2978192 0.4769511 1.0018330 0.3455736 0.3556015 0.7706259 0.2978192 0.7605208 1.9643376 0.4831760 0.4258087 0.6900285 0.4840512 0.4438166 0.3428511 1.4308426 0.4976568 0.2193642 0.3466097 0.6507139 0.6210114 0.4840512 0.5141569 0.3559378 0.6072973 0.6652066 0.8424515 0.4837660 0.8507981 0.4902024 
Mcor.4005  1.2900456 1.8016449 1.5316581 1.5738096 1.2074519 2.0345201 1.4076466 1.9475419 0.9622980 1.7970208 1.1881992 1.9463494 1.3929195 0.9253697 1.2970147 1.5291918 0.7257920 1.5879396 1.8268418 1.6738060 1.7766257 1.2544423 1.3047846 1.0102172 1.1502664 0.0000000 1.1615742 1.8939872 0.9070149 2.1412478 1.2234995 1.5328698 2.1107108 1.1882007 1.4649276 1.6702914 1.2234995 2.3196591 1.7369764 0.6599941 1.6087359 2.0290351 1.3251717 1.5711861 1.3511468 2.2016670 1.0479399 1.0263364 1.2289402 0.8050262 0.7280997 1.3251717 0.9851555 0.7529978 0.9967180 0.9927374 2.0802349 1.3337229 2.6556677 1.3511218 
Mcor.3352  0.7335936 0.4713516 0.5114157 0.3393470 0.2122976 0.3382531 0.9665719 0.6433533 0.5993681 0.5553744 1.2318120 1.0179045 1.4455710 0.9176598 0.5634345 0.2101816 0.2087291 0.6671690 0.4178626 0.2121450 0.6391157 0.3203215 0.5632288 0.3262638 0.3897192 1.1615742 0.0000000 0.3642298 0.2078664 0.5982115 0.1005058 0.2261800 0.9677473 0.3299255 0.3370417 0.7381679 0.1005058 0.4182909 1.7599080 0.4590175 0.4014628 0.6581308 0.4588882 0.2102878 0.3230009 0.9113400 0.4712167 0.2053722 0.3263397 0.6465027 0.5892500 0.4588882 0.4868792 0.3348636 0.5771921 0.6345427 0.8069375 0.4585905 0.4995651 0.4644564 
Mcor.3465  1.0982471 0.9373286 0.7520885 0.7311640 0.3612676 0.5202307 1.3859162 0.9137143 0.6467976 0.8069480 1.8164606 1.3226985 2.6039024 1.5658120 0.4100202 0.3565224 0.7005831 0.3140990 0.3299086 0.3620107 0.6619310 0.4285493 0.8121644 0.4962797 0.6744417 1.8939872 0.3642298 0.0000000 0.2210626 0.8455115 0.2256948 0.6755179 0.6022664 0.8037578 0.2116680 1.0381376 0.2256948 0.4436870 3.6774446 0.7964582 0.3183057 0.9392679 0.3257023 0.3572220 0.4903550 0.7918169 0.5366684 0.3474741 0.4974261 0.9278382 0.8582167 0.3257023 0.3448432 0.5117255 0.8285906 0.9007379 1.0147847 0.6616268 0.3522352 0.3931809 
Mcor.8819  0.7011324 0.6394562 0.4928650 0.4891704 0.2066929 0.3279755 0.9239626 0.6193561 0.3139477 0.5346058 1.5798428 0.9563528 1.8022526 1.1430869 0.5428038 0.2047062 0.4648403 0.4885855 0.4037311 0.2065296 0.6063315 0.2898001 0.5425730 0.3168185 0.4371154 0.9070149 0.2078664 0.2210626 0.0000000 0.5771771 0.0982200 0.4182240 0.8937313 0.5347309 0.3269176 0.7094362 0.0982200 0.3704208 2.3200641 0.3814519 0.3884740 0.6329490 0.4441448 0.2047979 0.3137625 0.5277466 0.3310369 0.2001560 0.3168616 0.6215615 0.5665641 0.4441448 0.4702051 0.3248702 0.5560251 0.6111305 0.7725999 0.4438499 0.4817573 0.3272349 
Mcor.2214  0.6840114 0.6406463 0.6551122 0.8401080 0.5931030 0.3718101 0.5436531 0.5960902 0.7377978 0.4984256 0.9356814 0.6645290 1.1184105 1.1301741 0.7093607 0.5159765 0.5640853 0.8283503 0.8995192 0.2902243 0.7259361 0.4307967 0.5212979 0.4401263 0.6272532 2.1412478 0.5982115 0.8455115 0.5771771 0.0000000 0.4417160 0.6459230 1.1878405 0.6449870 0.7017206 0.6832871 0.4417160 0.9414935 1.3174234 0.8963414 0.5262136 0.5459446 0.5842130 0.4287870 0.3019000 1.0685352 0.6024353 0.3099977 0.4407573 0.7561898 0.6840114 0.5842130 0.6213653 0.4072941 0.4371240 0.5406030 0.7428591 0.4272777 0.6944664 0.5923480 
Mcor.6272  0.5277676 0.4920254 0.3542408 0.3552425 0.1000899 0.2106482 0.7310582 0.4739866 0.4453196 0.3887688 1.2954595 0.7788446 1.5262708 0.9525635 0.4006713 0.0992588 0.3348636 0.4908730 0.2720611 0.0998401 0.4743862 0.2012605 0.4003356 0.2042318 0.2978192 1.2234995 0.1005058 0.2256948 0.0982200 0.4417160 0.0000000 0.2710260 0.7388987 0.3896890 0.2104755 0.5526376 0.0000010 0.2607610 1.8928151 0.5411732 0.2620693 0.4834270 0.3210563 0.0992257 0.2023822 0.6785789 0.3277559 0.0970916 0.2040616 0.4708116 0.4171050 0.3210563 0.3391467 0.2091662 0.4135849 0.4677221 0.5989508 0.3207678 0.3460519 0.3239563 
Mcor.12165 0.8717434 0.8865950 0.8886754 0.6870667 0.4306346 0.6180144 1.2688078 0.8402770 0.9681568 0.9484279 1.2640931 1.0635565 1.4807755 0.9402309 0.9511047 0.3318789 0.5052626 1.1118803 0.7382579 0.2388867 0.8388197 0.5669055 0.7422468 0.5844058 0.4769511 1.5328698 0.2261800 0.6755179 0.4182240 0.6459230 0.2710260 0.0000000 1.5631044 0.2670356 0.6089812 0.9586650 0.2710260 0.7713453 1.8066129 0.4817592 0.7008579 0.5272582 0.7732552 0.2822463 0.4248887 1.5432532 0.8054655 0.4118428 0.5866576 1.0897625 1.0126527 0.7732552 0.8326618 0.6048424 0.9710190 0.8280393 1.0671762 0.5981617 0.3814890 0.7865065 
Mcor.12944 0.9694441 1.6191738 0.7682245 1.2961286 0.6571443 1.2780129 0.9972879 0.9055341 0.7943428 1.1733662 1.0290818 0.9849900 1.3588278 0.8203708 0.2069125 0.9364871 1.0034875 0.4359033 0.3497506 0.9769564 0.6249056 0.5302298 0.4443875 0.4705217 1.0018330 2.1107108 0.9677473 0.6022664 0.8937313 1.1878405 0.7388987 1.5631044 0.0000000 1.1262444 0.6784402 0.6080643 0.7388987 0.8098914 2.0239989 0.9810515 0.2661565 0.9315201 0.3412111 0.9462774 0.7258445 1.2473482 0.6203777 0.5451484 0.4367909 0.9405734 0.4642710 0.3412111 0.3307975 0.7633745 0.8181031 0.8922568 0.4977710 0.6454121 0.6398047 0.7066251 
Mcor.6411  0.7722732 0.8298744 0.6114094 0.6511074 0.5503065 0.7424252 1.0678721 0.7069363 0.7004035 0.6752610 1.0769896 1.1340812 1.2661021 0.8065092 0.6684702 0.4091557 0.3372293 0.7875879 0.8587608 0.4860176 0.5052041 0.3794663 0.6177201 0.3880579 0.3455736 1.1882007 0.3299255 0.8037578 0.5347309 0.6449870 0.3896890 0.2670356 1.1262444 0.0000000 0.6610028 0.8124451 0.3896890 0.8976978 1.4986252 0.3231935 0.4788672 0.6734901 0.5415914 0.4962238 0.3339545 1.6574114 0.5590665 0.2457902 0.3884330 0.7807803 0.7029679 0.5415914 0.5783547 0.3998056 0.6837396 0.6966257 0.8945495 0.4942338 0.8767740 0.5494500 
Mcor.4750  0.8802037 0.7803448 0.6123358 0.6075431 0.3345748 0.4772892 1.1349033 0.7565287 0.6996301 0.5153108 1.9525288 1.1856374 2.2533062 1.4017407 0.3083598 0.3306229 0.5733013 0.3996662 0.3073838 0.3350510 0.7473653 0.3860409 0.6682405 0.3945840 0.3556015 1.4649276 0.3370417 0.2116680 0.3269176 0.7017206 0.2104755 0.6089812 0.6784402 0.6610028 0.0000000 0.8634123 0.2104755 0.5853688 2.9777196 0.8526815 0.2332520 0.7755760 0.2382120 0.3311439 0.3901656 1.1632418 0.5611597 0.2556151 0.3949832 0.6056492 0.7020505 0.2382120 0.2521296 0.4061716 0.6831879 0.7458934 0.8410026 0.5437998 0.3262301 0.4203141 
Mcor.11668 0.4948971 0.7738587 0.4883504 0.5974876 0.4841620 0.9645381 0.4169593 0.2821652 0.3192752 0.8880124 0.6354972 0.7143741 0.7893765 0.4471127 0.3226238 0.6783620 0.7614506 0.7015742 0.7727200 0.5432806 0.6443686 0.5360615 0.0967525 0.3375768 0.7706259 1.6702914 0.7381679 1.0381376 0.7094362 0.6832871 0.5526376 0.9586650 0.6080643 0.8124451 0.8634123 0.0000000 0.5526376 1.1413675 0.4780245 0.7673912 0.6542536 0.5284563 0.4770000 0.3937624 0.2556308 1.3754819 0.4907175 0.3958229 0.3184693 0.6932936 0.3341590 0.4770000 0.4598892 0.5679697 0.6044166 0.3438934 0.3296250 0.2101870 0.6440890 0.7306543 
Mcor.8593  0.5277676 0.4920254 0.3542408 0.3552425 0.1000899 0.2106482 0.7310582 0.4739866 0.4453196 0.3887688 1.2954595 0.7788446 1.5262708 0.9525635 0.4006713 0.0992588 0.3348636 0.4908730 0.2720611 0.0998401 0.4743862 0.2012605 0.4003356 0.2042318 0.2978192 1.2234995 0.1005058 0.2256948 0.0982200 0.4417160 0.0000010 0.2710260 0.7388987 0.3896890 0.2104755 0.5526376 0.0000000 0.2607610 1.8928151 0.5411732 0.2620693 0.4834270 0.3210563 0.0992257 0.2023822 0.6785789 0.3277559 0.0970916 0.2040616 0.4708116 0.4171050 0.3210563 0.3391467 0.2091662 0.4135849 0.4677221 0.5989508 0.3207678 0.3460519 0.3239563 
Mcor.14517 1.2269889 1.0369656 0.8472807 0.8183680 0.4144382 0.5931407 1.4999885 1.0144218 0.8933891 0.9035830 1.8743793 0.7709426 2.2205372 1.5031804 0.9067257 0.4081803 0.7878649 0.9216676 0.7076291 0.4158321 0.7188731 0.3857135 0.9080850 0.5625360 0.7605208 2.3196591 0.4182909 0.4436870 0.3704208 0.9414935 0.2607610 0.7713453 0.8098914 0.8976978 0.5853688 1.1413675 0.2607610 0.0000000 2.7052128 1.0881466 0.6733106 0.9264039 0.7421620 0.4092881 0.5552527 0.8457337 0.7189270 0.3969511 0.5644493 1.0321629 0.9610230 0.7421620 0.7965703 0.5814393 0.9249820 1.0009536 1.2798476 0.7424887 0.8315923 0.7041185 
Mcor.10276 1.6128004 1.2769788 1.8156228 1.7524040 1.7942693 2.0633709 0.9020298 1.2995617 1.2421337 4.3778787 0.3760089 1.2086819 0.3447941 0.5126492 1.2118026 2.2939400 1.6306737 2.6228549 2.8347914 1.8717027 2.1385571 1.7048595 0.6877601 1.3309635 1.9643376 1.7369764 1.7599080 3.6774446 2.3200641 1.3174234 1.8928151 1.8066129 2.0239989 1.4986252 2.9777196 0.4780245 1.8928151 2.7052128 0.0000000 1.4636628 2.1470027 1.2948520 1.7201270 1.3906162 1.0700161 2.6931814 1.8071854 1.4316464 1.1555496 2.3737493 1.1734347 1.7201270 1.5492528 1.7361051 1.2796363 1.2169756 1.2483641 0.9754110 2.0942684 2.3049032 
Mcor.13032 0.9054021 1.0389360 0.7725162 0.8290371 0.3924876 0.9518786 0.9149214 0.5731550 0.2450472 0.8765582 1.0272285 1.1269968 1.2065062 0.7491771 0.5780430 0.7073639 0.4700774 0.4302090 0.6659403 0.7287713 0.5592505 0.5075282 0.5778508 0.2470290 0.4831760 0.6599941 0.4590175 0.7964582 0.3814519 0.8963414 0.5411732 0.4817592 0.9810515 0.3231935 0.8526815 0.7673912 0.5411732 1.0881466 1.4636628 0.0000000 0.6437520 0.5867392 0.3866138 0.7118792 0.5324981 0.8681565 0.2604522 0.3820461 0.5064624 0.5867519 0.6067420 0.3866138 0.5601003 0.5564113 0.5039830 0.5647184 0.7610269 0.3862681 1.2015378 0.5537401 
Mcor.5707  0.6388753 0.7757374 0.4371721 0.6055471 0.3982299 0.5526031 0.8582566 0.5659731 0.5288626 0.4910804 1.4749469 0.9080948 1.7158277 1.0905742 0.2366224 0.3929920 0.4114147 0.3149149 0.1901778 0.3992914 0.5641906 0.2563528 0.4880311 0.2609306 0.4258087 1.6087359 0.4014628 0.3183057 0.3884740 0.5262136 0.2620693 0.7008579 0.2661565 0.4788672 0.2332520 0.6542536 0.2620693 0.6733106 2.1470027 0.6437520 0.0000000 0.5783617 0.1861060 0.3938761 0.2582491 1.2787209 0.4024665 0.1341473 0.2608255 0.5782950 0.5100386 0.1861060 0.1951794 0.2680482 0.5019300 0.5582269 0.4074487 0.3923432 0.4358835 0.2535925 
Mcor.5712  0.5376277 1.1677574 0.6944361 0.9258995 0.3459749 0.8682718 0.6443565 0.3708624 0.4762558 0.7954029 1.3119023 0.4428080 0.9088887 0.9480688 0.5137676 0.5589616 0.6781625 0.5296888 0.5970998 0.4288270 0.3645878 0.4700473 0.3723879 0.2155859 0.6900285 2.0290351 0.6581308 0.9392679 0.6329490 0.5459446 0.4834270 0.5272582 0.9315201 0.6734901 0.7755760 0.5284563 0.4834270 0.9264039 1.2948520 0.5867392 0.5783617 0.0000000 0.3411920 0.4958188 0.3482603 1.2591714 0.3490880 0.3376224 0.4486781 0.5207613 0.5376277 0.3411920 0.4994881 0.4961569 0.4444380 0.3657191 0.5219729 0.2237559 0.5506882 0.6513506 
Mcor.9840  0.5414093 0.8451778 0.4702898 0.6674805 0.2058900 0.6135119 0.5795931 0.3353610 0.3168559 0.5533366 1.1698339 0.7536369 1.3951371 0.8512212 0.0938864 0.4490512 0.4701948 0.0967919 0.1896064 0.4568404 0.3375564 0.3141658 0.3364252 0.0973168 0.4840512 1.3251717 0.4588882 0.3257023 0.4441448 0.5842130 0.3210563 0.7732552 0.3412111 0.5415914 0.2382120 0.4770000 0.3210563 0.7421620 1.7201270 0.3866138 0.1861060 0.3411920 0.0000000 0.4502764 0.3166977 0.8738256 0.2066166 0.2017630 0.2826560 0.3403548 0.3494719 0.0000010 0.0929673 0.3280508 0.2745946 0.3310684 0.4150663 0.2031720 0.4144711 0.3375899 
Mcor.8966  0.4963450 0.6500562 0.5005853 0.4964961 0.2090798 0.3322637 0.5334154 0.3305806 0.5874569 0.5432926 0.9863540 0.7467021 1.1751476 0.7267223 0.5514436 0.1450957 0.4716446 0.6524658 0.4096018 0.0975102 0.6020898 0.3150765 0.2581639 0.3207678 0.4438166 1.5711861 0.2102878 0.3572220 0.2047979 0.4287870 0.0992257 0.2822463 0.9462774 0.4962238 0.3311439 0.3937624 0.0992257 0.4092881 1.3906162 0.7118792 0.3938761 0.4958188 0.4502764 0.0000000 0.0957512 0.8892914 0.4620064 0.2023822 0.3208241 0.6321404 0.5760877 0.4502764 0.4771409 0.3290431 0.5649057 0.3264365 0.4253672 0.2010791 0.3570706 0.4555725 
Mcor.1348  0.3451241 0.6550606 0.3489307 0.5021500 0.3207678 0.4557740 0.3669411 0.2074808 0.4390947 0.3959869 0.7577095 0.5582979 0.9252120 0.5422600 0.3945631 0.2683579 0.3301070 0.4833134 0.5436938 0.1990124 0.4416692 0.1986774 0.1291556 0.2015621 0.3428511 1.3511468 0.3230009 0.4903550 0.3137625 0.3019000 0.2023822 0.4248887 0.7258445 0.3339545 0.3901656 0.2556308 0.2023822 0.5552527 1.0700161 0.5324981 0.2582491 0.3482603 0.3166977 0.0957512 0.0000000 1.0911693 0.3231725 0.0958717 0.2013920 0.4753477 0.4104903 0.3166977 0.3342933 0.2063666 0.4073057 0.2050047 0.2779197 0.0953480 0.4871882 0.3194933 
Mcor.6663  1.7808338 1.0456730 0.8277337 1.3418646 0.5038382 0.6884481 1.1316624 0.8313025 0.6196194 1.7386609 1.5254660 1.9521699 2.1490895 2.2453713 1.2378717 0.8803778 1.3523988 0.9104468 0.8396569 0.9184782 0.7612315 0.8529753 1.2439998 0.6664805 1.4308426 2.2016670 0.9113400 0.7918169 0.5277466 1.0685352 0.6785789 1.5432532 1.2473482 1.6574114 1.1632418 1.3754819 0.6785789 0.8457337 2.6931814 0.8681565 1.2787209 1.2591714 0.8738256 0.8892914 1.0911693 0.0000000 0.5452534 0.8549107 1.0729755 1.1255387 1.1981933 0.8738256 1.1639082 1.0571218 0.6577477 1.0886150 1.6123583 0.8749775 1.5682818 0.9186464 
Mcor.9819  0.5605571 0.8787506 0.4844921 0.6906079 0.2092302 0.6340618 0.5991559 0.3428890 0.2111616 0.5713396 1.1178524 0.7357236 1.3493818 0.8301976 0.3443834 0.4606475 0.4833467 0.2468121 0.4133701 0.4691239 0.2553357 0.3058929 0.3440598 0.0984347 0.4976568 1.0479399 0.4712167 0.5366684 0.3310369 0.6024353 0.3277559 0.8054655 0.6203777 0.5590665 0.5611597 0.4907175 0.3277559 0.7189270 1.8071854 0.2604522 0.4024665 0.3490880 0.2066166 0.4620064 0.3231725 0.5452534 0.0000000 0.2049335 0.2886239 0.3482177 0.3579061 0.2066166 0.3374349 0.3351425 0.2804596 0.3383589 0.4846370 0.2064049 0.8224595 0.2018584 
Mcor.10023 0.3632087 0.4976971 0.2208313 0.3606624 0.2042318 0.3238369 0.5376454 0.3319459 0.3138816 0.2596831 1.0029585 0.5796871 1.1990948 0.7346641 0.2593431 0.2022963 0.2094924 0.3433490 0.3982299 0.2040641 0.3341371 0.0955462 0.2590616 0.0966772 0.2193642 1.0263364 0.2053722 0.3474741 0.2001560 0.3099977 0.0970916 0.4118428 0.5451484 0.2457902 0.2556151 0.3958229 0.0970916 0.3969511 1.4316464 0.3820461 0.1341473 0.3376224 0.2017630 0.2023822 0.0958717 0.8549107 0.2049335 0.0000000 0.0965253 0.3367992 0.2692568 0.2017630 0.2124018 0.0988541 0.2718474 0.3277530 0.4279066 0.2015621 0.4749939 0.2029700 
Mcor.10738 0.4857533 0.6666253 0.2435501 0.5092842 0.2866141 0.4616853 0.5139070 0.4397334 0.4123906 0.4009815 0.8235913 0.7079188 0.9939333 0.6032172 0.2022752 0.3203622 0.3336343 0.4561395 0.5191581 0.3244331 0.4407856 0.2002823 0.2020735 0.1547196 0.3466097 1.2289402 0.3263397 0.4974261 0.3168616 0.4407573 0.2040616 0.5866576 0.4367909 0.3884330 0.3949832 0.3184693 0.2040616 0.5644493 1.1555496 0.5064624 0.2608255 0.4486781 0.2826560 0.3208241 0.2013920 1.0729755 0.2886239 0.0965253 0.0000000 0.4478671 0.2088371 0.2826560 0.2941885 0.2081246 0.3760865 0.4336569 0.4072415 0.2823639 0.3395954 0.3227575 
Mcor.1645  0.3850443 1.0224627 0.6960140 0.8780112 0.3307276 0.7852834 0.4878786 0.5094296 0.4755757 0.4286148 1.5533511 1.0783412 1.8314789 1.2237899 0.5132108 0.6288026 0.3382175 0.5292237 0.5847409 0.6457314 0.5090688 0.4693606 0.5129216 0.2150014 0.6507139 0.8050262 0.6465027 0.9278382 0.6215615 0.7561898 0.4708116 1.0897625 0.9405734 0.7807803 0.6056492 0.6932936 0.4708116 1.0321629 2.3737493 0.5867519 0.5782950 0.5207613 0.3403548 0.6321404 0.4753477 1.1255387 0.3482177 0.3367992 0.4478671 0.0000000 0.2227574 0.3403548 0.4988791 0.2105312 0.2122025 0.2120956 0.6863528 0.3400393 1.1043608 0.6521179 
Mcor.13238 0.2261866 0.9928311 0.4082556 0.8514457 0.3545197 0.7232946 0.3358294 0.5254649 0.4893156 0.7186759 0.8225809 0.7818309 1.0016427 0.6458401 0.2110769 0.5734204 0.2701610 0.5464889 0.6167993 0.5877318 0.5246851 0.4057694 0.2108579 0.2201845 0.6210114 0.7280997 0.5892500 0.8582167 0.5665641 0.6840114 0.4171050 1.0126527 0.4642710 0.7029679 0.7020505 0.3341590 0.4171050 0.9610230 1.1734347 0.6067420 0.5100386 0.5376277 0.3494719 0.5760877 0.4104903 1.1981933 0.3579061 0.2692568 0.2088371 0.2227574 0.0000000 0.3494719 0.3384299 0.1344385 0.2172514 0.2171352 0.4923979 0.3491449 0.6599853 0.5828725 
Mcor.6433  0.5414093 0.8451778 0.4702898 0.6674805 0.2058900 0.6135119 0.5795931 0.3353610 0.3168559 0.5533366 1.1698339 0.7536369 1.3951371 0.8512212 0.0938864 0.4490512 0.4701948 0.0967919 0.1896064 0.4568404 0.3375564 0.3141658 0.3364252 0.0973168 0.4840512 1.3251717 0.4588882 0.3257023 0.4441448 0.5842130 0.3210563 0.7732552 0.3412111 0.5415914 0.2382120 0.4770000 0.3210563 0.7421620 1.7201270 0.3866138 0.1861060 0.3411920 0.0000010 0.4502764 0.3166977 0.8738256 0.2066166 0.2017630 0.2826560 0.3403548 0.3494719 0.0000000 0.0929673 0.3280508 0.2745946 0.3310684 0.4150663 0.2031720 0.4144711 0.3375899 
Mcor.5387  0.5679807 0.9056808 0.3617731 0.7121555 0.3346672 0.6546212 0.6153681 0.4893436 0.4587101 0.5909017 1.0878190 0.5671115 1.2892920 0.8057956 0.0920998 0.4756357 0.4997319 0.2098338 0.3074756 0.4848014 0.4894419 0.3313550 0.3263252 0.2096930 0.5141569 0.9851555 0.4868792 0.3448432 0.4702051 0.6213653 0.3391467 0.8326618 0.3307975 0.5783547 0.2521296 0.4598892 0.3391467 0.7965703 1.5492528 0.5601003 0.1951794 0.4994881 0.0929673 0.4771409 0.3342933 1.1639082 0.3374349 0.2124018 0.2941885 0.4988791 0.3384299 0.0929673 0.0000000 0.3470108 0.4270644 0.4826879 0.4398132 0.3299333 0.4266511 0.3578711 
Mcor.6042  0.2245894 0.6304047 0.3629158 0.5234381 0.3324313 0.4272760 0.4294776 0.4861295 0.4558330 0.4124957 1.2247566 0.8054463 1.4360278 0.9869259 0.4108328 0.3285344 0.0988231 0.5039153 0.5672368 0.3328893 0.4862945 0.2051835 0.4104903 0.2082948 0.3559378 0.7529978 0.3348636 0.5117255 0.3248702 0.4072941 0.2091662 0.6048424 0.7633745 0.3998056 0.4061716 0.5679697 0.2091662 0.5814393 1.7361051 0.5564113 0.2680482 0.4961569 0.3280508 0.3290431 0.2063666 1.0571218 0.3351425 0.0988541 0.2081246 0.2105312 0.1344385 0.3280508 0.3470108 0.0000000 0.2056704 0.2055750 0.6171889 0.3277530 0.6622451 0.3311323 
Mcor.5421  0.3731945 0.6558057 0.6035366 0.8243523 0.2785366 0.4574578 0.2102121 0.4353185 0.4075093 0.6981895 0.8946880 0.9413124 1.0824659 1.0617991 0.4380347 0.5624823 0.3293465 0.4521074 0.5172195 0.5756258 0.4364806 0.4028460 0.4376881 0.1442907 0.6072973 0.9967180 0.5771921 0.8285906 0.5560251 0.4371240 0.4135849 0.9710190 0.8181031 0.6837396 0.6831879 0.6044166 0.4135849 0.9249820 1.2796363 0.5039830 0.5019300 0.4444380 0.2745946 0.5649057 0.4073057 0.6577477 0.2804596 0.2718474 0.3760865 0.2122025 0.2172514 0.2745946 0.4270644 0.2056704 0.0000000 0.2071482 0.5976177 0.2743001 0.9856238 0.5711960 
Mcor.4520  0.2234970 1.0294172 0.6670281 0.8908602 0.3355507 0.7662494 0.2085135 0.2162502 0.4610199 0.7636793 0.8533969 0.7599153 1.0365806 0.6690938 0.4957115 0.5781821 0.3290465 0.5106879 0.5754924 0.4599285 0.4658096 0.4553584 0.2164580 0.2098147 0.6652066 0.9927374 0.6345427 0.9007379 0.6111305 0.5406030 0.4677221 0.8280393 0.8922568 0.6966257 0.7458934 0.3438934 0.4677221 1.0009536 1.2169756 0.5647184 0.5582269 0.3657191 0.3310684 0.3264365 0.2050047 1.0886150 0.3383589 0.3277530 0.4336569 0.2120956 0.2171352 0.3310684 0.4826879 0.2055750 0.2071482 0.0000000 0.3392739 0.0988562 0.8443149 0.6281623 
Mcor.11113 0.6233607 1.4396794 0.6981501 1.1257282 0.4782608 1.0790793 0.2851605 0.3438064 0.6196416 0.9863103 0.8744323 0.7913630 1.0588551 0.6335898 0.4164680 0.7405872 0.8355737 0.6158012 0.4554818 0.5883189 0.6377075 0.5790110 0.2081373 0.3330917 0.8424515 2.0802349 0.8069375 1.0147847 0.7725999 0.7428591 0.5989508 1.0671762 0.4977710 0.8945495 0.8410026 0.3296250 0.5989508 1.2798476 1.2483641 0.7610269 0.4074487 0.5219729 0.4150663 0.4253672 0.2779197 1.6123583 0.4846370 0.4279066 0.4072415 0.6863528 0.4923979 0.4150663 0.4398132 0.6171889 0.5976177 0.3392739 0.0000000 0.2073015 0.7297247 0.5920733 
Mcor.6055  0.3588174 0.8460143 0.4699686 0.6675212 0.2056812 0.6134110 0.2761236 0.1000097 0.3165726 0.5531152 0.6756842 0.5503247 0.8428881 0.4706776 0.3364252 0.4061802 0.4698965 0.3467192 0.4025479 0.3154791 0.3059006 0.3138875 0.0998877 0.0972183 0.4837660 1.3337229 0.4585905 0.6616268 0.4438499 0.4272777 0.3207678 0.5981617 0.6454121 0.4942338 0.5437998 0.2101870 0.3207678 0.7424887 0.9754110 0.3862681 0.3923432 0.2237559 0.2031720 0.2010791 0.0953480 0.8749775 0.2064049 0.2015621 0.2823639 0.3400393 0.3491449 0.2031720 0.3299333 0.3277530 0.2743001 0.0988562 0.2073015 0.0000000 0.6204031 0.4539148 
Mcor.8335  0.8609952 1.1629773 0.7995775 0.9110951 0.4606937 0.6773641 0.9845295 0.8563349 0.9816836 1.0116907 1.4379205 1.0203514 1.6762331 1.0650118 0.3137785 0.4071381 0.8808806 0.6249435 0.4196679 0.3090794 0.8551666 0.6216239 0.4871161 0.6074225 0.8507981 2.6556677 0.4995651 0.3522352 0.4817573 0.6944664 0.3460519 0.3814890 0.6398047 0.8767740 0.3262301 0.6440890 0.3460519 0.8315923 2.0942684 1.2015378 0.4358835 0.5506882 0.4144711 0.3570706 0.4871882 1.5682818 0.8224595 0.4749939 0.3395954 1.1043608 0.6599853 0.4144711 0.4266511 0.6622451 0.9856238 0.8443149 0.7297247 0.6204031 0.0000000 0.6903020 
Mcor.12924 0.7250424 0.8583686 0.5058381 0.6775435 0.4606475 0.6226041 0.9549024 0.6368458 0.4562434 0.5614139 1.5029267 0.9400176 1.7219928 1.1172245 0.4252477 0.4542873 0.4761350 0.4029311 0.5589863 0.4623862 0.5504407 0.3026157 0.5573109 0.3226941 0.4902024 1.3511218 0.4644564 0.3931809 0.3272349 0.5923480 0.3239563 0.7865065 0.7066251 0.5494500 0.4203141 0.7306543 0.3239563 0.7041185 2.3049032 0.5537401 0.2535925 0.6513506 0.3375899 0.4555725 0.3194933 0.9186464 0.2018584 0.2029700 0.3227575 0.6521179 0.5828725 0.3375899 0.3578711 0.3311323 0.5711960 0.6281623 0.5920733 0.4539148 0.6903020 0.0000000 
