10
Mlig.17036 0.0000000 0.0015904 0.0047933 1.4556794 1.4598785 1.4152040 1.4215125 1.4598785 1.5763574 1.5700036 
Mlig.23156 0.0015904 0.0000000 0.0031930 1.4502064 1.4543928 1.4098547 1.4161399 1.4543928 1.5758438 1.5694914 
Mlig.31374 0.0047933 0.0031930 0.0000000 1.4492165 1.4534025 1.4147823 1.4210913 1.4534025 1.5748294 1.5684821 
Mlig.38409 1.4556794 1.4502064 1.4492165 0.0000000 0.0032086 0.3029600 0.3030650 0.0032086 0.5387187 0.5360120 
Mlig.38411 1.4598785 1.4543928 1.4534025 0.0032086 0.0000000 0.3029560 0.3030611 0.0000010 0.5408754 0.5381590 
Mlig.35633 1.4152040 1.4098547 1.4147823 0.3029600 0.3029560 0.0000000 0.0016060 0.3029560 0.5111938 0.5069889 
Mlig.35634 1.4215125 1.4161399 1.4210913 0.3030650 0.3030611 0.0016060 0.0000000 0.3030611 0.5114336 0.5072255 
Mlig.38410 1.4598785 1.4543928 1.4534025 0.0032086 0.0000010 0.3029560 0.3030611 0.0000000 0.5408754 0.5381590 
Mlig.28160 1.5763574 1.5758438 1.5748294 0.5387187 0.5408754 0.5111938 0.5114336 0.5408754 0.0000000 0.0115207 
Mlig.28162 1.5700036 1.5694914 1.5684821 0.5360120 0.5381590 0.5069889 0.5072255 0.5381590 0.0115207 0.0000000 
