24
Mlig.43875 0.0000000 1.2995408 1.2995408 0.0065958 0.0244636 0.0199768 0.0222333 0.0315186 0.0199142 1.2912558 1.2332917 1.1831626 1.1831626 1.2293991 1.2477343 1.2477343 1.2912558 1.2853642 1.2880626 1.3395040 1.3406416 1.3395040 1.3395040 1.3395040 
Mlig.16808 1.2995408 0.0000000 0.0000010 1.2940041 1.2762745 1.2934481 1.2802913 1.3208058 1.2967096 0.0022352 0.7773424 0.8287208 0.8287208 0.7828788 0.7683330 0.7683330 0.0022352 0.0067129 0.0044714 0.1582637 0.1610415 0.1582637 0.1582637 0.1582637 
Mlig.16812 1.2995408 0.0000010 0.0000000 1.2940041 1.2762745 1.2934481 1.2802913 1.3208058 1.2967096 0.0022352 0.7773424 0.8287208 0.8287208 0.7828788 0.7683330 0.7683330 0.0022352 0.0067129 0.0044714 0.1582637 0.1610415 0.1582637 0.1582637 0.1582637 
Mlig.43874 0.0065958 1.2940041 1.2940041 0.0000000 0.0177378 0.0132775 0.0155162 0.0246898 0.0132359 1.2857578 1.2355467 1.1853746 1.1853746 1.2316503 1.2500193 1.2500193 1.2857578 1.2798907 1.2825770 1.3338110 1.3349425 1.3338110 1.3338110 1.3338110 
Mlig.24860 0.0244636 1.2762745 1.2762745 0.0177378 0.0000000 0.0132473 0.0065895 0.0155686 0.0312410 1.2681346 1.2369779 1.1892194 1.1892194 1.2330822 1.2401741 1.2401741 1.2681346 1.2623336 1.2649869 1.3206434 1.3217610 1.3206434 1.3206434 1.3206434 
Mlig.24859 0.0199768 1.2934481 1.2934481 0.0132775 0.0132473 0.0000000 0.0110363 0.0201156 0.0267262 1.2852067 1.2466608 1.2075242 1.2075242 1.2427373 1.2493365 1.2493365 1.2852067 1.2793428 1.2820276 1.3382489 1.3393831 1.3382489 1.3382489 1.3382489 
Mlig.24862 0.0222333 1.2802913 1.2802913 0.0155162 0.0065895 0.0110363 0.0000000 0.0088817 0.0290013 1.2721313 1.2472010 1.2054834 1.2054834 1.2432826 1.2504793 1.2504793 1.2721313 1.2663182 1.2689777 1.3160455 1.3171575 1.3160455 1.3160455 1.3160455 
Mlig.24863 0.0315186 1.3208058 1.3208058 0.0246898 0.0155686 0.0201156 0.0088817 0.0000000 0.0384024 1.3124040 1.2863708 1.2436947 1.2436947 1.2823580 1.2899557 1.2899557 1.3124040 1.3064411 1.3091753 1.3573183 1.3584696 1.3573183 1.3573183 1.3573183 
Mlig.35166 0.0199142 1.2967096 1.2967096 0.0132359 0.0312410 0.0267262 0.0290013 0.0384024 0.0000000 1.2884291 1.2435174 1.1951442 1.1951442 1.2395964 1.2549585 1.2549585 1.2884291 1.2825392 1.2852364 1.3443211 1.3454657 1.3443211 1.3443211 1.3443211 
Mlig.26148 1.2912558 0.0022352 0.0022352 1.2857578 1.2681346 1.2852067 1.2721313 1.3124040 1.2884291 0.0000000 0.7736236 0.8247163 0.8247163 0.7791310 0.7646569 0.7646569 0.0000010 0.0044626 0.0022294 0.1551707 0.1579353 0.1551707 0.1551707 0.1551707 
Mlig.45671 1.2332917 0.7773424 0.7773424 1.2355467 1.2369779 1.2466608 1.2472010 1.2863708 1.2435174 0.7736236 0.0000000 0.2433965 0.2433965 0.0022439 0.1894492 0.1894492 0.7736236 0.7728320 0.7740089 0.7881078 0.7898090 0.7881078 0.7881078 0.7881078 
Mlig.28188 1.1831626 0.8287208 0.8287208 1.1853746 1.1892194 1.2075242 1.2054834 1.2436947 1.1951442 0.8247163 0.2433965 0.0000000 0.0000010 0.2465534 0.2698437 0.2698437 0.8247163 0.8211939 0.8224492 0.8310798 0.8325038 0.8310798 0.8310798 0.8310798 
Mlig.28189 1.1831626 0.8287208 0.8287208 1.1853746 1.1892194 1.2075242 1.2054834 1.2436947 1.1951442 0.8247163 0.2433965 0.0000010 0.0000000 0.2465534 0.2698437 0.2698437 0.8247163 0.8211939 0.8224492 0.8310798 0.8325038 0.8310798 0.8310798 0.8310798 
Mlig.17399 1.2293991 0.7828788 0.7828788 1.2316503 1.2330822 1.2427373 1.2432826 1.2823580 1.2395964 0.7791310 0.0022439 0.2465534 0.2465534 0.0000000 0.1924123 0.1924123 0.7791310 0.7783292 0.7795143 0.7936574 0.7953694 0.7936574 0.7936574 0.7936574 
Mlig.3454  1.2477343 0.7683330 0.7683330 1.2500193 1.2401741 1.2493365 1.2504793 1.2899557 1.2549585 0.7646569 0.1894492 0.2698437 0.2698437 0.1924123 0.0000000 0.0000010 0.7646569 0.7613601 0.7625215 0.7746036 0.7761790 0.7746036 0.7746036 0.7746036 
Mlig.25275 1.2477343 0.7683330 0.7683330 1.2500193 1.2401741 1.2493365 1.2504793 1.2899557 1.2549585 0.7646569 0.1894492 0.2698437 0.2698437 0.1924123 0.0000010 0.0000000 0.7646569 0.7613601 0.7625215 0.7746036 0.7761790 0.7746036 0.7746036 0.7746036 
Mlig.26149 1.2912558 0.0022352 0.0022352 1.2857578 1.2681346 1.2852067 1.2721313 1.3124040 1.2884291 0.0000010 0.7736236 0.8247163 0.8247163 0.7791310 0.7646569 0.7646569 0.0000000 0.0044626 0.0022294 0.1551707 0.1579353 0.1551707 0.1551707 0.1551707 
Mlig.22863 1.2853642 0.0067129 0.0067129 1.2798907 1.2623336 1.2793428 1.2663182 1.3064411 1.2825392 0.0044626 0.7728320 0.8211939 0.8211939 0.7783292 0.7613601 0.7613601 0.0044626 0.0000000 0.0022285 0.1569703 0.1597285 0.1569703 0.1569703 0.1569703 
Mlig.22864 1.2880626 0.0044714 0.0044714 1.2825770 1.2649869 1.2820276 1.2689777 1.3091753 1.2852364 0.0022294 0.7740089 0.8224492 0.8224492 0.7795143 0.7625215 0.7625215 0.0022294 0.0022285 0.0000000 0.1542525 0.1570044 0.1542525 0.1542525 0.1542525 
Mlig.45881 1.3395040 0.1582637 0.1582637 1.3338110 1.3206434 1.3382489 1.3160455 1.3573183 1.3443211 0.1551707 0.7881078 0.8310798 0.8310798 0.7936574 0.7746036 0.7746036 0.1551707 0.1569703 0.1542525 0.0000000 0.0022379 0.0000010 0.0000010 0.0000010 
Mlig.24654 1.3406416 0.1610415 0.1610415 1.3349425 1.3217610 1.3393831 1.3171575 1.3584696 1.3454657 0.1579353 0.7898090 0.8325038 0.8325038 0.7953694 0.7761790 0.7761790 0.1579353 0.1597285 0.1570044 0.0022379 0.0000000 0.0022379 0.0022379 0.0022379 
Mlig.154   1.3395040 0.1582637 0.1582637 1.3338110 1.3206434 1.3382489 1.3160455 1.3573183 1.3443211 0.1551707 0.7881078 0.8310798 0.8310798 0.7936574 0.7746036 0.7746036 0.1551707 0.1569703 0.1542525 0.0000010 0.0022379 0.0000000 0.0000010 0.0000010 
Mlig.45879 1.3395040 0.1582637 0.1582637 1.3338110 1.3206434 1.3382489 1.3160455 1.3573183 1.3443211 0.1551707 0.7881078 0.8310798 0.8310798 0.7936574 0.7746036 0.7746036 0.1551707 0.1569703 0.1542525 0.0000010 0.0022379 0.0000010 0.0000000 0.0000010 
Mlig.45882 1.3395040 0.1582637 0.1582637 1.3338110 1.3206434 1.3382489 1.3160455 1.3573183 1.3443211 0.1551707 0.7881078 0.8310798 0.8310798 0.7936574 0.7746036 0.7746036 0.1551707 0.1569703 0.1542525 0.0000010 0.0022379 0.0000010 0.0000010 0.0000000 
