8
Mlig.27909 0.0000000 0.6128135 0.6128135 0.6723477 0.6719639 0.6358199 0.6437509 0.6444383 
Mlig.24247 0.6128135 0.0000000 0.0000010 0.5842996 0.5839555 0.6039311 0.6067275 0.6131430 
Mlig.24246 0.6128135 0.0000010 0.0000000 0.5842996 0.5839555 0.6039311 0.6067275 0.6131430 
Mlig.31116 0.6723477 0.5842996 0.5842996 0.0000000 0.0027628 0.1086946 0.1122447 0.1138608 
Mlig.31117 0.6719639 0.5839555 0.5839555 0.0027628 0.0000000 0.1086388 0.1121867 0.1138019 
Mlig.713   0.6358199 0.6039311 0.6039311 0.1086946 0.1086388 0.0000000 0.0111320 0.0097218 
Mlig.712   0.6437509 0.6067275 0.6067275 0.1122447 0.1121867 0.0111320 0.0000000 0.0041449 
Mlig.42326 0.6444383 0.6131430 0.6131430 0.1138608 0.1138019 0.0097218 0.0041449 0.0000000 
