6
Mlig.4349  0.0000000 0.0480201 0.5779161 0.5905996 0.6952964 0.6952964 
Mlig.4350  0.0480201 0.0000000 0.5786631 0.5916532 0.6996103 0.6996103 
Mlig.24194 0.5779161 0.5786631 0.0000000 0.0092329 0.5793315 0.5793315 
Mlig.24196 0.5905996 0.5916532 0.0092329 0.0000000 0.5935996 0.5935996 
Mlig.27695 0.6952964 0.6996103 0.5793315 0.5935996 0.0000000 0.0000010 
Mlig.43647 0.6952964 0.6996103 0.5793315 0.5935996 0.0000010 0.0000000 
