8
Mlig.17667 0.0000000 0.0000010 0.0085058 0.8308069 0.8388577 0.8445906 0.9218574 0.9218574 
Mlig.17669 0.0000010 0.0000000 0.0085058 0.8308069 0.8388577 0.8445906 0.9218574 0.9218574 
Mlig.17668 0.0085058 0.0085058 0.0000000 0.8201464 0.8281452 0.8338620 0.9208338 0.9208338 
Mlig.12763 0.8308069 0.8308069 0.8201464 0.0000000 0.0028199 0.0113034 0.5358929 0.5358929 
Mlig.12765 0.8388577 0.8388577 0.8281452 0.0028199 0.0000000 0.0141823 0.5421241 0.5421241 
Mlig.12766 0.8445906 0.8445906 0.8338620 0.0113034 0.0141823 0.0000000 0.5565954 0.5565954 
Mlig.37092 0.9218574 0.9218574 0.9208338 0.5358929 0.5421241 0.5565954 0.0000000 0.0000010 
Mlig.37093 0.9218574 0.9218574 0.9208338 0.5358929 0.5421241 0.5565954 0.0000010 0.0000000 
