6
Mlig.6871  0.0000000 0.0040687 0.0040730 0.3757543 0.3749528 0.3757543 
Mlig.6872  0.0040687 0.0000000 0.0040743 0.3723650 0.3715620 0.3723650 
Mlig.6873  0.0040730 0.0040743 0.0000000 0.3763748 0.3755727 0.3763748 
Mlig.22575 0.3757543 0.3723650 0.3763748 0.0000000 0.0081619 0.0000010 
Mlig.21701 0.3749528 0.3715620 0.3755727 0.0081619 0.0000000 0.0081619 
Mlig.34045 0.3757543 0.3723650 0.3763748 0.0000010 0.0081619 0.0000000 
