6
Mlig.47967 0.0000000 0.0000010 0.0027563 0.6750284 0.6750284 0.6734252 
Mlig.47968 0.0000010 0.0000000 0.0027563 0.6750284 0.6750284 0.6734252 
Mlig.47969 0.0027563 0.0027563 0.0000000 0.6811610 0.6811610 0.6795362 
Mlig.7685  0.6750284 0.6750284 0.6811610 0.0000000 0.0000010 0.0053775 
Mlig.30643 0.6750284 0.6750284 0.6811610 0.0000010 0.0000000 0.0053775 
Mlig.30644 0.6734252 0.6734252 0.6795362 0.0053775 0.0053775 0.0000000 
