10
Mlig.1491  0.0000000 1.2782173 1.2782173 1.2782173 1.1987629 1.1987629 1.1767446 1.1341213 1.1421087 1.1331235 
Mlig.31824 1.2782173 0.0000000 0.0000010 0.0000010 1.0483128 1.0483128 1.0208469 0.9779768 0.9735765 0.9752091 
Mlig.31822 1.2782173 0.0000010 0.0000000 0.0000010 1.0483128 1.0483128 1.0208469 0.9779768 0.9735765 0.9752091 
Mlig.31823 1.2782173 0.0000010 0.0000010 0.0000000 1.0483128 1.0483128 1.0208469 0.9779768 0.9735765 0.9752091 
Mlig.20852 1.1987629 1.0483128 1.0483128 1.0483128 0.0000000 0.0000010 0.0331143 0.8926582 0.8898116 0.8807272 
Mlig.20853 1.1987629 1.0483128 1.0483128 1.0483128 0.0000010 0.0000000 0.0331143 0.8926582 0.8898116 0.8807272 
Mlig.47165 1.1767446 1.0208469 1.0208469 1.0208469 0.0331143 0.0331143 0.0000000 0.8958092 0.8929532 0.8838728 
Mlig.44526 1.1341213 0.9779768 0.9779768 0.9779768 0.8926582 0.8926582 0.8958092 0.0000000 0.0092537 0.0139034 
Mlig.44527 1.1421087 0.9735765 0.9735765 0.9735765 0.8898116 0.8898116 0.8929532 0.0092537 0.0000000 0.0046140 
Mlig.44528 1.1331235 0.9752091 0.9752091 0.9752091 0.8807272 0.8807272 0.8838728 0.0139034 0.0046140 0.0000000 
