6
Mlig.22946 0.0000000 0.0000010 0.0055844 0.7806557 0.7700831 0.7700831 
Mlig.28636 0.0000010 0.0000000 0.0055844 0.7806557 0.7700831 0.7700831 
Mlig.42731 0.0055844 0.0055844 0.0000000 0.7884760 0.7778226 0.7778226 
Mlig.13073 0.7806557 0.7806557 0.7884760 0.0000000 0.0036561 0.0036561 
Mlig.25401 0.7700831 0.7700831 0.7778226 0.0036561 0.0000000 0.0000010 
Mlig.26250 0.7700831 0.7700831 0.7778226 0.0036561 0.0000010 0.0000000 
