9
Treg.6471  0.0000000 0.5712856 0.8320190 0.7179474 0.7322655 0.7056348 0.4846625 0.5651253 0.5325131 
Treg.14233 0.5712856 0.0000000 0.4252911 0.3046532 0.2997438 0.2902009 0.1426895 0.1748517 0.1602706 
Treg.8022  0.8320190 0.4252911 0.0000000 0.2022000 0.2557392 0.2051513 0.3047146 0.3403671 0.3239115 
Treg.756   0.7179474 0.3046532 0.2022000 0.0000000 0.0988602 0.0829592 0.2307565 0.2015484 0.1843417 
Treg.113   0.7322655 0.2997438 0.2557392 0.0988602 0.0000000 0.0410132 0.2231010 0.1564481 0.1753974 
Treg.5043  0.7056348 0.2902009 0.2051513 0.0829592 0.0410132 0.0000000 0.2165361 0.1507206 0.1379734 
Treg.2814  0.4846625 0.1426895 0.3047146 0.2307565 0.2231010 0.2165361 0.0000000 0.0829967 0.0979481 
Treg.9151  0.5651253 0.1748517 0.3403671 0.2015484 0.1564481 0.1507206 0.0829967 0.0000000 0.0697364 
Treg.11258 0.5325131 0.1602706 0.3239115 0.1843417 0.1753974 0.1379734 0.0979481 0.0697364 0.0000000 
