7
Hdim.2858  0.0000000 0.3223954 0.5867546 1.4072209 0.8351185 0.9667592 0.9667592 
Hdim.7699  0.3223954 0.0000000 0.3121194 0.9826843 0.5814934 0.9490133 0.9490133 
Hdim.13112 0.5867546 0.3121194 0.0000000 0.8915240 0.4956617 0.8391507 0.8391507 
Hdim.70    1.4072209 0.9826843 0.8915240 0.0000000 1.3228833 1.0110713 1.0110713 
Hdim.5159  0.8351185 0.5814934 0.4956617 1.3228833 0.0000000 1.0074567 1.0074567 
Hdim.6943  0.9667592 0.9490133 0.8391507 1.0110713 1.0074567 0.0000000 0.0000010 
Hdim.14444 0.9667592 0.9490133 0.8391507 1.0110713 1.0074567 0.0000010 0.0000000 
