6
Mlig.38872 0.0000000 0.0018829 0.0056625 0.5924404 0.5987634 0.5920575 
Mlig.22059 0.0018829 0.0000000 0.0037743 0.5961053 0.6024458 0.5957204 
Mlig.29276 0.0056625 0.0037743 0.0000000 0.5903379 0.5966593 0.5899557 
Mlig.15103 0.5924404 0.5961053 0.5903379 0.0000000 0.0057518 0.0038332 
Mlig.37212 0.5987634 0.6024458 0.5966593 0.0057518 0.0000000 0.0057552 
Mlig.43869 0.5920575 0.5957204 0.5899557 0.0038332 0.0057552 0.0000000 
