7
Mlig.43155 0.0000000 0.9376658 0.9555226 0.9545108 0.0025959 0.7584781 0.7540251 
Mlig.29898 0.9376658 0.0000000 0.0133251 0.0133221 0.9410287 0.8796999 0.8748809 
Mlig.19636 0.9555226 0.0133251 0.0000000 0.0053152 0.9588537 0.8825637 0.8777369 
Mlig.19637 0.9545108 0.0133221 0.0053152 0.0000000 0.9578390 0.8808952 0.8760557 
Mlig.22248 0.0025959 0.9410287 0.9588537 0.9578390 0.0000000 0.7587444 0.7542887 
Mlig.32298 0.7584781 0.8796999 0.8825637 0.8808952 0.7587444 0.0000000 0.0026068 
Mlig.42863 0.7540251 0.8748809 0.8777369 0.8760557 0.7542887 0.0026068 0.0000000 
