7
Smed.19849 0.0000000 0.5026905 1.0225914 0.9721504 4.9708523 0.5707011 0.5365474 
Smed.17990 0.5026905 0.0000000 0.9093935 0.8384498 4.0351811 0.7171690 0.6835219 
Smed.22678 1.0225914 0.9093935 0.0000000 0.9081629 4.0631212 1.5355384 1.5004168 
Smed.26990 0.9721504 0.8384498 0.9081629 0.0000000 4.3712544 1.3061990 1.2637571 
Smed.14662 4.9708523 4.0351811 4.0631212 4.3712544 0.0000000 2.4704361 2.4311692 
Smed.23240 0.5707011 0.7171690 1.5355384 1.3061990 2.4704361 0.0000000 0.0224048 
Smed.24173 0.5365474 0.6835219 1.5004168 1.2637571 2.4311692 0.0224048 0.0000000 
