6
Mlig.12963 0.0000000 0.0000010 0.0000010 0.2866303 0.2345837 0.2299583 
Mlig.12964 0.0000010 0.0000000 0.0000010 0.2866303 0.2345837 0.2299583 
Mlig.12965 0.0000010 0.0000010 0.0000000 0.2866303 0.2345837 0.2299583 
Mlig.18334 0.2866303 0.2866303 0.2866303 0.0000000 0.0503846 0.0577619 
Mlig.18335 0.2345837 0.2345837 0.2345837 0.0503846 0.0000000 0.0070087 
Mlig.18336 0.2299583 0.2299583 0.2299583 0.0577619 0.0070087 0.0000000 
