18
Mlig.24861 0.0000000 1.3557839 1.3525626 1.4131455 1.3977796 1.3604670 1.3607092 1.3619552 1.4131455 1.3646692 1.3956989 1.4305471 1.3641694 1.3607092 1.3514390 1.3560704 1.3691586 1.3578474 
Mlig.3455  1.3557839 0.0000000 0.0160813 0.9349263 0.9420409 0.8760070 0.8720445 0.8716209 0.9349263 0.8996871 0.9318984 0.9558567 0.8765357 0.8720445 0.8603030 0.8590811 0.8838513 0.8741676 
Mlig.31254 1.3525626 0.0160813 0.0000000 0.9278284 0.9266098 0.8615119 0.8575897 0.8571709 0.9278284 0.8848326 0.9166278 0.9401760 0.8620346 0.8575897 0.8460331 0.8448209 0.8692302 0.8597128 
Mlig.45880 1.4131455 0.9349263 0.9278284 0.0000000 0.1950425 0.1669876 0.1671092 0.1644739 0.0000010 0.1781392 0.1893413 0.2064305 0.1721635 0.1671092 0.1668331 0.1654117 0.1675542 0.1643602 
Mlig.2771  1.3977796 0.9420409 0.9266098 0.1950425 0.0000000 0.0224710 0.0266232 0.0245358 0.1950425 0.0309245 0.0039384 0.0118854 0.0266301 0.0266232 0.0265775 0.0307253 0.0245792 0.0203934 
Mlig.13350 1.3604670 0.8760070 0.8615119 0.1669876 0.0224710 0.0000000 0.0039459 0.0019698 0.1669876 0.0079436 0.0266525 0.0308753 0.0079093 0.0039459 0.0078940 0.0118644 0.0059308 0.0019684 
Mlig.16809 1.3607092 0.8720445 0.8575897 0.1671092 0.0266232 0.0039459 0.0000000 0.0019708 0.1671092 0.0119458 0.0266665 0.0308917 0.0118941 0.0000010 0.0118710 0.0118703 0.0079300 0.0059203 
Mlig.20374 1.3619552 0.8716209 0.8571709 0.1644739 0.0245358 0.0019698 0.0019708 0.0000000 0.1644739 0.0099388 0.0245756 0.0287856 0.0098958 0.0019708 0.0098766 0.0098760 0.0059380 0.0039406 
Mlig.44936 1.4131455 0.9349263 0.9278284 0.0000010 0.1950425 0.1669876 0.1671092 0.1644739 0.0000000 0.1781392 0.1893413 0.2064305 0.1721635 0.1671092 0.1668331 0.1654117 0.1675542 0.1643602 
Mlig.16814 1.3646692 0.8996871 0.8848326 0.1781392 0.0309245 0.0079436 0.0119458 0.0099388 0.1781392 0.0000000 0.0351756 0.0394712 0.0159631 0.0119458 0.0159321 0.0199546 0.0139652 0.0099319 
Mlig.2767  1.3956989 0.9318984 0.9166278 0.1893413 0.0039384 0.0266525 0.0266665 0.0245756 0.1893413 0.0351756 0.0000000 0.0119039 0.0308383 0.0266665 0.0307774 0.0307755 0.0267319 0.0245603 
Mlig.2769  1.4305471 0.9558567 0.9401760 0.2064305 0.0118854 0.0308753 0.0308917 0.0287856 0.2064305 0.0394712 0.0119039 0.0000000 0.0350417 0.0308917 0.0392141 0.0392119 0.0351633 0.0329397 
Mlig.16816 1.3641694 0.8765357 0.8620346 0.1721635 0.0266301 0.0079093 0.0118941 0.0098958 0.1721635 0.0159631 0.0308383 0.0350417 0.0000000 0.0118941 0.0118741 0.0158634 0.0099124 0.0059218 
Mlig.44434 1.3607092 0.8720445 0.8575897 0.1671092 0.0266232 0.0039459 0.0000010 0.0019708 0.1671092 0.0119458 0.0266665 0.0308917 0.0118941 0.0000000 0.0118710 0.0118703 0.0079300 0.0059203 
Mlig.13352 1.3514390 0.8603030 0.8460331 0.1668331 0.0265775 0.0078940 0.0118710 0.0098766 0.1668331 0.0159321 0.0307774 0.0392141 0.0118741 0.0118710 0.0000000 0.0039215 0.0098931 0.0059103 
Mlig.18480 1.3560704 0.8590811 0.8448209 0.1654117 0.0307253 0.0118644 0.0118703 0.0098760 0.1654117 0.0199546 0.0307755 0.0392119 0.0158634 0.0118703 0.0039215 0.0000000 0.0118985 0.0098701 
Mlig.16807 1.3691586 0.8838513 0.8692302 0.1675542 0.0245792 0.0059308 0.0079300 0.0059380 0.1675542 0.0139652 0.0267319 0.0351633 0.0099124 0.0079300 0.0098931 0.0118985 0.0000000 0.0039470 
Mlig.16815 1.3578474 0.8741676 0.8597128 0.1643602 0.0203934 0.0019684 0.0059203 0.0039406 0.1643602 0.0099319 0.0245603 0.0329397 0.0059218 0.0059203 0.0059103 0.0098701 0.0039470 0.0000000 
