15
Mlig.43735 0.0000000 0.0042910 0.0108234 1.0693145 1.0547471 1.0198591 1.0198591 1.0163308 1.0655900 1.0416222 1.0436216 1.0547471 1.0547471 1.0909599 1.0909599 
Mlig.43730 0.0042910 0.0000000 0.0064435 1.0804891 1.0659469 1.0337595 1.0337595 1.0301738 1.0769446 1.0526700 1.0546851 1.0659469 1.0659469 1.0924829 1.0924829 
Mlig.43734 0.0108234 0.0064435 0.0000000 1.0959852 1.0845225 1.0485958 1.0485958 1.0449547 1.0818553 1.0574213 1.0594454 1.0845225 1.0845225 1.1110854 1.1110854 
Mlig.15211 1.0693145 1.0804891 1.0959852 0.0000000 0.3291478 0.4301999 0.4301999 0.4309312 0.4661683 0.4369356 0.4404617 0.3291478 0.3291478 0.3444319 0.3444319 
Mlig.7524  1.0547471 1.0659469 1.0845225 0.3291478 0.0000000 0.3399521 0.3399521 0.3405792 0.4573837 0.4305355 0.4319005 0.0000010 0.0000010 0.3123013 0.3123013 
Mlig.13900 1.0198591 1.0337595 1.0485958 0.4301999 0.3399521 0.0000000 0.0000010 0.0021171 0.4603725 0.4339385 0.4339118 0.3399521 0.3399521 0.3329385 0.3329385 
Mlig.13901 1.0198591 1.0337595 1.0485958 0.4301999 0.3399521 0.0000010 0.0000000 0.0021171 0.4603725 0.4339385 0.4339118 0.3399521 0.3399521 0.3329385 0.3329385 
Mlig.13902 1.0163308 1.0301738 1.0449547 0.4309312 0.3405792 0.0021171 0.0021171 0.0000000 0.4623678 0.4358245 0.4357984 0.3405792 0.3405792 0.3326245 0.3326245 
Mlig.7986  1.0655900 1.0769446 1.0818553 0.4661683 0.4573837 0.4603725 0.4603725 0.4623678 0.0000000 0.0150630 0.0151094 0.4573837 0.4573837 0.3535841 0.3535841 
Mlig.7988  1.0416222 1.0526700 1.0574213 0.4369356 0.4305355 0.4339385 0.4339385 0.4358245 0.0150630 0.0000000 0.0042218 0.4305355 0.4305355 0.3264423 0.3264423 
Mlig.7987  1.0436216 1.0546851 1.0594454 0.4404617 0.4319005 0.4339118 0.4339118 0.4357984 0.0151094 0.0042218 0.0000000 0.4319005 0.4319005 0.3336134 0.3336134 
Mlig.7522  1.0547471 1.0659469 1.0845225 0.3291478 0.0000010 0.3399521 0.3399521 0.3405792 0.4573837 0.4305355 0.4319005 0.0000000 0.0000010 0.3123013 0.3123013 
Mlig.7523  1.0547471 1.0659469 1.0845225 0.3291478 0.0000010 0.3399521 0.3399521 0.3405792 0.4573837 0.4305355 0.4319005 0.0000010 0.0000000 0.3123013 0.3123013 
Mlig.13699 1.0909599 1.0924829 1.1110854 0.3444319 0.3123013 0.3329385 0.3329385 0.3326245 0.3535841 0.3264423 0.3336134 0.3123013 0.3123013 0.0000000 0.0000010 
Mlig.43939 1.0909599 1.0924829 1.1110854 0.3444319 0.3123013 0.3329385 0.3329385 0.3326245 0.3535841 0.3264423 0.3336134 0.3123013 0.3123013 0.0000010 0.0000000 
