8
Mlig.7000  0.0000000 0.0033469 0.0000010 0.7412455 0.7412455 0.7463108 0.9055057 0.8954743 
Mlig.39022 0.0033469 0.0000000 0.0033469 0.7365575 0.7365575 0.7416079 0.9057620 0.8957324 
Mlig.47815 0.0000010 0.0033469 0.0000000 0.7412455 0.7412455 0.7463108 0.9055057 0.8954743 
Mlig.13038 0.7412455 0.7365575 0.7412455 0.0000000 0.0000010 0.0033133 0.7607713 0.7518915 
Mlig.25456 0.7412455 0.7365575 0.7412455 0.0000010 0.0000000 0.0033133 0.7607713 0.7518915 
Mlig.32670 0.7463108 0.7416079 0.7463108 0.0033133 0.0033133 0.0000000 0.7593502 0.7504985 
Mlig.14824 0.9055057 0.9057620 0.9055057 0.7607713 0.7607713 0.7593502 0.0000000 0.0066314 
Mlig.14826 0.8954743 0.8957324 0.8954743 0.7518915 0.7518915 0.7504985 0.0066314 0.0000000 
