10
Smed.14714 0.0000000 0.3023265 0.8249276 0.2116702 0.2561814 0.3927183 0.3072859 0.3072859 0.2547260 0.3591201 
Smed.7729  0.3023265 0.0000000 0.5930574 0.1192216 0.2015622 0.2932051 0.2050945 0.2050945 0.1593992 0.2517280 
Smed.4716  0.8249276 0.5930574 0.0000000 0.4833712 0.5964605 0.7292120 0.6119170 0.6119170 0.5343219 0.6714637 
Smed.4528  0.2116702 0.1192216 0.4833712 0.0000000 0.0790812 0.1645258 0.0803730 0.0803730 0.0391435 0.1236340 
Smed.18901 0.2561814 0.2015622 0.5964605 0.0790812 0.0000000 0.2043103 0.0798208 0.0798208 0.1189926 0.2088610 
Smed.17483 0.3927183 0.2932051 0.7292120 0.1645258 0.2043103 0.0000000 0.2548428 0.2548428 0.1211449 0.1160865 
Smed.17098 0.3072859 0.2050945 0.6119170 0.0803730 0.0798208 0.2548428 0.0000000 0.0000010 0.1209744 0.2126559 
Smed.17802 0.3072859 0.2050945 0.6119170 0.0803730 0.0798208 0.2548428 0.0000010 0.0000000 0.1209744 0.2126559 
Smed.15406 0.2547260 0.1593992 0.5343219 0.0391435 0.1189926 0.1211449 0.1209744 0.1209744 0.0000000 0.0809133 
Smed.16225 0.3591201 0.2517280 0.6714637 0.1236340 0.2088610 0.1160865 0.2126559 0.2126559 0.0809133 0.0000000 
