7
Mlig.16759 0.0000000 0.3411630 0.3411630 0.0130626 0.2562961 0.2579243 0.2579243 
Mlig.42016 0.3411630 0.0000000 0.0000010 0.3601605 0.4241476 0.4308674 0.4308674 
Mlig.42017 0.3411630 0.0000010 0.0000000 0.3601605 0.4241476 0.4308674 0.4308674 
Mlig.5465  0.0130626 0.3601605 0.3601605 0.0000000 0.2734408 0.2751706 0.2751706 
Mlig.18128 0.2562961 0.4241476 0.4241476 0.2734408 0.0000000 0.2202949 0.2202949 
Mlig.42599 0.2579243 0.4308674 0.4308674 0.2751706 0.2202949 0.0000000 0.0000010 
Mlig.42600 0.2579243 0.4308674 0.4308674 0.2751706 0.2202949 0.0000010 0.0000000 
