10
Hdim.10492 0.0000000 1.3609848 1.1630449 0.9567031 0.8022140 0.7280311 1.0166229 0.6949090 0.5809386 0.6312854 
Hdim.14961 1.3609848 0.0000000 0.9868080 1.0276927 1.0788751 1.2095581 1.1440542 1.1285015 1.0338634 0.8872825 
Hdim.3803  1.1630449 0.9868080 0.0000000 0.9020181 1.2481762 0.7743343 0.8570529 0.7568851 0.7659095 0.4742502 
Hdim.6565  0.9567031 1.0276927 0.9020181 0.0000000 0.4771481 0.4742123 0.6144160 0.5482056 0.3668330 0.2607187 
Hdim.7488  0.8022140 1.0788751 1.2481762 0.4771481 0.0000000 0.6459008 0.8185634 0.4682726 0.3178141 0.3436461 
Hdim.6723  0.7280311 1.2095581 0.7743343 0.4742123 0.6459008 0.0000000 0.5141430 0.6020226 0.3954451 0.2959800 
Hdim.10963 1.0166229 1.1440542 0.8570529 0.6144160 0.8185634 0.5141430 0.0000000 0.5737004 0.5234685 0.3842075 
Hdim.8990  0.6949090 1.1285015 0.7568851 0.5482056 0.4682726 0.6020226 0.5737004 0.0000000 0.2736649 0.2097524 
Hdim.2709  0.5809386 1.0338634 0.7659095 0.3668330 0.3178141 0.3954451 0.5234685 0.2736649 0.0000000 0.1229962 
Hdim.10167 0.6312854 0.8872825 0.4742502 0.2607187 0.3436461 0.2959800 0.3842075 0.2097524 0.1229962 0.0000000 
