6
Mlig.46093 0.0000000 0.0045946 0.0115385 0.6972759 0.6953692 0.6869393 
Mlig.47986 0.0045946 0.0000000 0.0069042 0.6926064 0.6907002 0.6823031 
Mlig.45627 0.0115385 0.0069042 0.0000000 0.6959702 0.6940591 0.6856160 
Mlig.20619 0.6972759 0.6926064 0.6959702 0.0000000 0.0186439 0.0069097 
Mlig.12996 0.6953692 0.6907002 0.6940591 0.0186439 0.0000000 0.0115785 
Mlig.27974 0.6869393 0.6823031 0.6856160 0.0069097 0.0115785 0.0000000 
