12
Smed.6337  0.0000000 0.1312922 0.2032645 0.2537312 0.1310325 0.4512050 0.0693485 0.1914733 0.1922313 0.2534080 0.2534080 0.1914733 
Smed.78    0.1312922 0.0000000 0.1672440 0.2151541 0.1040121 0.3957783 0.0512986 0.1582997 0.1588562 0.2150222 0.2150222 0.1582997 
Smed.17960 0.2032645 0.1672440 0.0000000 0.1662832 0.1669841 0.4944151 0.1097429 0.2258169 0.2267243 0.2879362 0.2879362 0.2258169 
Smed.26516 0.2537312 0.2151541 0.1662832 0.0000000 0.1591098 0.4476361 0.1587455 0.2724952 0.2736071 0.3337826 0.3337826 0.2724952 
Smed.24991 0.1310325 0.1040121 0.1669841 0.1591098 0.0000000 0.3424073 0.0511773 0.1580546 0.1586100 0.2147906 0.2147906 0.1580546 
Smed.183   0.4512050 0.3957783 0.4944151 0.4476361 0.3424073 0.0000000 0.3288105 0.1975265 0.3315961 0.1588940 0.1588940 0.1975265 
Smed.9221  0.0693485 0.0512986 0.1097429 0.1587455 0.0511773 0.3288105 0.0000000 0.1039270 0.1042679 0.1587793 0.1587793 0.1039270 
Smed.15748 0.1914733 0.1582997 0.2258169 0.2724952 0.1580546 0.1975265 0.1039270 0.0000000 0.1040772 0.0509307 0.0509307 0.0000010 
Smed.258   0.1922313 0.1588562 0.2267243 0.2736071 0.1586100 0.3315961 0.1042679 0.1040772 0.0000000 0.1592219 0.1592219 0.1040772 
Smed.8449  0.2534080 0.2150222 0.2879362 0.3337826 0.2147906 0.1588940 0.1587793 0.0509307 0.1592219 0.0000000 0.0000010 0.0509307 
Smed.5176  0.2534080 0.2150222 0.2879362 0.3337826 0.2147906 0.1588940 0.1587793 0.0509307 0.1592219 0.0000010 0.0000000 0.0509307 
Smed.17993 0.1914733 0.1582997 0.2258169 0.2724952 0.1580546 0.1975265 0.1039270 0.0000010 0.1040772 0.0509307 0.0509307 0.0000000 
