11
Mlig.43254 0.0000000 0.0252605 0.0253047 0.7826624 0.7926998 0.7861765 0.7855983 0.7782408 0.7855983 0.8761197 0.8837340 
Mlig.1108  0.0252605 0.0000000 0.0100796 0.7755854 0.7856139 0.7790665 0.7841294 0.7767494 0.7841294 0.8592411 0.8668435 
Mlig.43417 0.0253047 0.0100796 0.0000000 0.7757954 0.7858408 0.7792832 0.7905685 0.7832033 0.7905685 0.8713577 0.8789501 
Mlig.43416 0.7826624 0.7755854 0.7757954 0.0000000 0.0103857 0.0104371 0.6533422 0.6459121 0.6533422 0.8166356 0.8101381 
Mlig.1109  0.7926998 0.7856139 0.7858408 0.0103857 0.0000000 0.0104442 0.6541581 0.6467169 0.6541581 0.8245376 0.8180628 
Mlig.43418 0.7861765 0.7790665 0.7792832 0.0104371 0.0104442 0.0000000 0.6514856 0.6439971 0.6514856 0.8177743 0.8112605 
Mlig.41345 0.7855983 0.7841294 0.7905685 0.6533422 0.6541581 0.6514856 0.0000000 0.0051891 0.0000010 0.6429974 0.6341429 
Mlig.41346 0.7782408 0.7767494 0.7832033 0.6459121 0.6467169 0.6439971 0.0051891 0.0000000 0.0051891 0.6352327 0.6264079 
Mlig.41347 0.7855983 0.7841294 0.7905685 0.6533422 0.6541581 0.6514856 0.0000010 0.0051891 0.0000000 0.6429974 0.6341429 
Mlig.4988  0.8761197 0.8592411 0.8713577 0.8166356 0.8245376 0.8177743 0.6429974 0.6352327 0.6429974 0.0000000 0.0104142 
Mlig.45245 0.8837340 0.8668435 0.8789501 0.8101381 0.8180628 0.8112605 0.6341429 0.6264079 0.6341429 0.0104142 0.0000000 
