6
Mlig.48929 0.0000000 0.0088322 0.0000010 1.3144633 1.3064350 1.3213161 
Mlig.6131  0.0088322 0.0000000 0.0088322 1.3066942 1.2985658 1.3134923 
Mlig.48928 0.0000010 0.0088322 0.0000000 1.3144633 1.3064350 1.3213161 
Mlig.47484 1.3144633 1.3066942 1.3144633 0.0000000 0.0087526 0.0176018 
Mlig.6089  1.3064350 1.2985658 1.3064350 0.0087526 0.0000000 0.0175504 
Mlig.28159 1.3213161 1.3134923 1.3213161 0.0176018 0.0175504 0.0000000 
