10
Smed.13190 0.0000000 0.0051741 0.9002827 0.8596923 0.8316806 0.8312057 0.8413429 1.0449419 0.8182049 0.7936732 
Smed.26237 0.0051741 0.0000000 0.9237073 0.8373496 0.8279631 0.8275101 0.8376125 1.0715204 0.8144110 0.7899044 
Smed.29160 0.9002827 0.9237073 0.0000000 0.6727496 0.9118130 0.9068191 0.8955281 1.0206590 0.9439747 0.9253642 
Smed.23464 0.8596923 0.8373496 0.6727496 0.0000000 0.8341363 0.7991258 0.8034876 1.2375020 0.9174372 0.8990395 
Smed.13467 0.8316806 0.8279631 0.9118130 0.8341363 0.0000000 0.0422897 0.0322325 1.0394712 0.7280675 0.7085641 
Smed.6699  0.8312057 0.8275101 0.9068191 0.7991258 0.0422897 0.0000000 0.0156381 1.0552392 0.7255301 0.7063534 
Smed.7648  0.8413429 0.8376125 0.8955281 0.8034876 0.0322325 0.0156381 0.0000000 1.0434554 0.7008106 0.6819641 
Smed.6563  1.0449419 1.0715204 1.0206590 1.2375020 1.0394712 1.0552392 1.0434554 0.0000000 1.1884973 1.1986438 
Smed.12650 0.8182049 0.8144110 0.9439747 0.9174372 0.7280675 0.7255301 0.7008106 1.1884973 0.0000000 0.0491111 
Smed.18296 0.7936732 0.7899044 0.9253642 0.8990395 0.7085641 0.7063534 0.6819641 1.1986438 0.0491111 0.0000000 
