7
Mlig.19322 0.0000000 0.1498524 0.2027549 0.9580828 0.9920406 0.9604518 0.9604518 
Mlig.13932 0.1498524 0.0000000 0.0736583 0.9533078 1.0060130 0.9733303 0.9733303 
Mlig.35185 0.2027549 0.0736583 0.0000000 0.9879082 1.0280762 1.0190984 1.0190984 
Mlig.36910 0.9580828 0.9533078 0.9879082 0.0000000 0.3641817 0.3196370 0.3196370 
Mlig.6051  0.9920406 1.0060130 1.0280762 0.3641817 0.0000000 0.0352813 0.0352813 
Mlig.6049  0.9604518 0.9733303 1.0190984 0.3196370 0.0352813 0.0000000 0.0000010 
Mlig.6052  0.9604518 0.9733303 1.0190984 0.3196370 0.0352813 0.0000010 0.0000000 
