12
Smed.21691 0.0000000 0.2918966 0.3684921 0.2502995 0.0501124 0.5716060 0.2628505 0.4437907 0.2116586 0.0969370 0.0977959 0.2826919 
Smed.24370 0.2918966 0.0000000 0.0484576 0.3545113 0.2857318 0.7804165 0.2829379 0.5931283 0.2999017 0.1595292 0.2859224 0.2978929 
Smed.27185 0.3684921 0.0484576 0.0000000 0.4354737 0.3597739 0.9491540 0.3567568 0.7083350 0.3795121 0.2230645 0.3609687 0.3745728 
Smed.3354  0.2502995 0.3545113 0.4354737 0.0000000 0.3321291 0.4655684 0.2056477 0.4354119 0.2715526 0.1466923 0.2453184 0.2239798 
Smed.26042 0.0501124 0.2857318 0.3597739 0.3321291 0.0000000 0.7076720 0.3415602 0.5529231 0.2939090 0.1583278 0.1600755 0.2067389 
Smed.2221  0.5716060 0.7804165 0.9491540 0.4655684 0.7076720 0.0000000 0.6310052 0.8997400 0.6013356 0.3873387 0.4619298 0.4429902 
Smed.7277  0.2628505 0.2829379 0.3567568 0.2056477 0.3415602 0.6310052 0.0000000 0.5181418 0.2692127 0.1453109 0.2579381 0.3548686 
Smed.12456 0.4437907 0.5931283 0.7083350 0.4354119 0.5529231 0.8997400 0.5181418 0.0000000 0.1575401 0.2945807 0.4256605 0.4858424 
Smed.5262  0.2116586 0.2999017 0.3795121 0.2715526 0.2939090 0.6013356 0.2692127 0.1575401 0.0000000 0.0990763 0.2111306 0.3050067 
Smed.10884 0.0969370 0.1595292 0.2230645 0.1466923 0.1583278 0.3873387 0.1453109 0.2945807 0.0990763 0.0000000 0.0951041 0.1655744 
Smed.6771  0.0977959 0.2859224 0.3609687 0.2453184 0.1600755 0.4619298 0.2579381 0.4256605 0.2111306 0.0951041 0.0000000 0.2628727 
Smed.17316 0.2826919 0.2978929 0.3745728 0.2239798 0.2067389 0.4429902 0.3548686 0.4858424 0.3050067 0.1655744 0.2628727 0.0000000 
