9
Sman.9777  0.0000000 1.5156503 1.6962049 1.5166710 1.6496301 1.5196799 1.5789693 1.5320884 1.5350802 
Sman.9775  1.5156503 0.0000000 1.0039044 0.7645013 0.8635117 0.8307135 0.7349255 0.7722695 0.7884833 
Sman.8344  1.6962049 1.0039044 0.0000000 0.6302366 0.6377218 0.5634958 0.6705251 0.6343640 0.6385130 
Sman.9769  1.5166710 0.7645013 0.6302366 0.0000000 0.2662027 0.2276951 0.2735775 0.0061233 0.0185396 
Sman.8347  1.6496301 0.8635117 0.6377218 0.2662027 0.0000000 0.2059632 0.3039019 0.2596785 0.2693178 
Sman.9773  1.5196799 0.8307135 0.5634958 0.2276951 0.2059632 0.0000000 0.2318153 0.2217422 0.2235761 
Sman.9774  1.5789693 0.7349255 0.6705251 0.2735775 0.3039019 0.2318153 0.0000000 0.2729767 0.2825973 
Sman.9771  1.5320884 0.7722695 0.6343640 0.0061233 0.2596785 0.2217422 0.2729767 0.0000000 0.0122752 
Sman.9772  1.5350802 0.7884833 0.6385130 0.0185396 0.2693178 0.2235761 0.2825973 0.0122752 0.0000000 
