6
Mlig.12094 0.0000000 0.0291638 0.0291638 0.0145161 0.0145161 0.0298485 
Mlig.12095 0.0291638 0.0000000 0.0000010 0.0144280 0.0144280 0.0296619 
Mlig.12096 0.0291638 0.0000010 0.0000000 0.0144280 0.0144280 0.0296619 
Mlig.12098 0.0145161 0.0144280 0.0144280 0.0000000 0.0000010 0.0147634 
Mlig.12099 0.0145161 0.0144280 0.0144280 0.0000010 0.0000000 0.0147634 
Mlig.20668 0.0298485 0.0296619 0.0296619 0.0147634 0.0147634 0.0000000 
