7
Hdim.356   0.0000000 0.6708868 0.7069087 0.7018618 0.7060803 0.4241126 0.5537383 
Hdim.8124  0.6708868 0.0000000 0.7762456 0.4762692 0.5740146 0.5033429 0.4481952 
Hdim.12226 0.7069087 0.7762456 0.0000000 0.4903018 0.3972971 0.3371235 0.3388045 
Hdim.1119  0.7018618 0.4762692 0.4903018 0.0000000 0.3092851 0.2904800 0.2413469 
Hdim.7629  0.7060803 0.5740146 0.3972971 0.3092851 0.0000000 0.2927251 0.1877881 
Hdim.9581  0.4241126 0.5033429 0.3371235 0.2904800 0.2927251 0.0000000 0.1868172 
Hdim.13665 0.5537383 0.4481952 0.3388045 0.2413469 0.1877881 0.1868172 0.0000000 
