20
Mcor.5891  0.0000000 1.0948953 1.2806946 1.2150718 1.2009841 0.3229597 0.6753440 0.5608780 0.5497544 1.0160874 0.8851393 0.9506953 0.9426135 1.1372794 0.9707639 0.9630709 1.2092572 1.1256465 1.2115927 1.2853582 
Mcor.11741 1.0948953 0.0000000 0.4708537 0.4830043 0.4101521 0.9530661 1.0275164 0.8349890 0.8420159 0.9986793 0.9331932 0.6333156 0.8756598 1.1855617 0.9450207 0.9682885 1.0570910 0.9065594 1.0169084 1.0868750 
Mcor.5890  1.2806946 0.4708537 0.0000000 0.2038130 0.2432339 1.1610934 1.2001674 0.9210846 1.0451890 0.8622147 0.9934001 0.7528337 1.0685436 1.1461636 0.9944567 1.0246839 1.0093258 1.0507275 1.0215006 1.2703372 
Mcor.5882  1.2150718 0.4830043 0.2038130 0.0000000 0.0874302 1.0225807 1.1300856 0.9391907 0.9247306 0.8553363 0.9053580 0.6906653 1.0476530 1.1271877 0.9375394 0.9856693 0.9316521 0.9439400 1.0102412 1.1226174 
Mcor.5888  1.2009841 0.4101521 0.2432339 0.0874302 0.0000000 1.0001482 1.1634010 0.9423177 0.9544710 0.9311725 0.8856252 0.7199432 0.9910761 1.1349187 0.8702498 1.0083816 0.8801882 0.9345665 1.0061043 1.0644670 
Mcor.13599 0.3229597 0.9530661 1.1610934 1.0225807 1.0001482 0.0000000 0.5875698 0.6005863 0.5571984 0.9039061 0.8859213 0.9412000 0.8642358 1.0755500 0.9616487 0.8881209 1.0966249 1.0170455 1.1477274 1.1365957 
Mcor.5889  0.6753440 1.0275164 1.2001674 1.1300856 1.1634010 0.5875698 0.0000000 0.4253641 0.3857042 1.1328445 0.9434368 1.0060473 1.2154347 1.2920644 1.1335874 1.1169668 1.4846483 1.1905527 1.1784204 1.4275941 
Mcor.5885  0.5608780 0.8349890 0.9210846 0.9391907 0.9423177 0.6005863 0.4253641 0.0000000 0.1166565 0.9292537 0.8440836 0.8087107 0.8740288 1.0514264 0.9417260 0.7859903 1.0989676 0.9551249 1.0020792 1.0501055 
Mcor.5887  0.5497544 0.8420159 1.0451890 0.9247306 0.9544710 0.5571984 0.3857042 0.1166565 0.0000000 0.9992425 0.7849185 0.7813712 0.9035465 1.0995748 0.9969235 0.7935509 1.1089877 0.9038109 1.0311892 1.0181299 
Mcor.5884  1.0160874 0.9986793 0.8622147 0.8553363 0.9311725 0.9039061 1.1328445 0.9292537 0.9992425 0.0000000 0.8974480 0.7879698 1.0801525 1.1016878 0.9528341 0.9935386 0.9279472 1.0621694 1.1010603 1.1798562 
Mcor.11732 0.8851393 0.9331932 0.9934001 0.9053580 0.8856252 0.8859213 0.9434368 0.8440836 0.7849185 0.8974480 0.0000000 0.5699769 0.7900825 0.7148733 0.6120162 0.4489461 0.6825792 0.6109635 0.7335218 0.8371505 
Mcor.9671  0.9506953 0.6333156 0.7528337 0.6906653 0.7199432 0.9412000 1.0060473 0.8087107 0.7813712 0.7879698 0.5699769 0.0000000 0.7780166 0.7321033 0.6699495 0.6478792 0.7040768 0.6634103 0.6642036 0.7959265 
Mcor.13922 0.9426135 0.8756598 1.0685436 1.0476530 0.9910761 0.8642358 1.2154347 0.8740288 0.9035465 1.0801525 0.7900825 0.7780166 0.0000000 0.5143530 0.8657404 0.8521366 1.0439980 0.8599766 0.8978959 1.0704789 
Mcor.11899 1.1372794 1.1855617 1.1461636 1.1271877 1.1349187 1.0755500 1.2920644 1.0514264 1.0995748 1.1016878 0.7148733 0.7321033 0.5143530 0.0000000 0.5415803 0.6287512 0.6984173 0.6006807 0.6334291 0.8360457 
Mcor.10704 0.9707639 0.9450207 0.9944567 0.9375394 0.8702498 0.9616487 1.1335874 0.9417260 0.9969235 0.9528341 0.6120162 0.6699495 0.8657404 0.5415803 0.0000000 0.5610648 0.3664184 0.3982898 0.5415518 0.5440578 
Mcor.5881  0.9630709 0.9682885 1.0246839 0.9856693 1.0083816 0.8881209 1.1169668 0.7859903 0.7935509 0.9935386 0.4489461 0.6478792 0.8521366 0.6287512 0.5610648 0.0000000 0.6389133 0.6342350 0.5650023 0.8418221 
Mcor.12556 1.2092572 1.0570910 1.0093258 0.9316521 0.8801882 1.0966249 1.4846483 1.0989676 1.1089877 0.9279472 0.6825792 0.7040768 1.0439980 0.6984173 0.3664184 0.6389133 0.0000000 0.4225310 0.6424636 0.3885380 
Mcor.12815 1.1256465 0.9065594 1.0507275 0.9439400 0.9345665 1.0170455 1.1905527 0.9551249 0.9038109 1.0621694 0.6109635 0.6634103 0.8599766 0.6006807 0.3982898 0.6342350 0.4225310 0.0000000 0.4597671 0.3537527 
Mcor.11742 1.2115927 1.0169084 1.0215006 1.0102412 1.0061043 1.1477274 1.1784204 1.0020792 1.0311892 1.1010603 0.7335218 0.6642036 0.8978959 0.6334291 0.5415518 0.5650023 0.6424636 0.4597671 0.0000000 0.5654052 
Mcor.13277 1.2853582 1.0868750 1.2703372 1.1226174 1.0644670 1.1365957 1.4275941 1.0501055 1.0181299 1.1798562 0.8371505 0.7959265 1.0704789 0.8360457 0.5440578 0.8418221 0.3885380 0.3537527 0.5654052 0.0000000 
