6
Hdim.12502 0.0000000 0.8150737 0.5417385 0.6645416 0.6822733 0.6388710 
Hdim.1089  0.8150737 0.0000000 0.4842749 0.3689080 0.5174541 0.5421274 
Hdim.12882 0.5417385 0.4842749 0.0000000 0.3391999 0.3861572 0.3377465 
Hdim.14535 0.6645416 0.3689080 0.3391999 0.0000000 0.3735935 0.3653299 
Hdim.3434  0.6822733 0.5174541 0.3861572 0.3735935 0.0000000 0.3669663 
Hdim.8946  0.6388710 0.5421274 0.3377465 0.3653299 0.3669663 0.0000000 
