6
Mlig.10879 0.0000000 0.0029665 0.0000010 0.0029658 0.7416747 0.7365544 
Mlig.12917 0.0029665 0.0000000 0.0029665 0.0059347 0.7389403 0.7338346 
Mlig.12918 0.0000010 0.0029665 0.0000000 0.0029658 0.7416747 0.7365544 
Mlig.13370 0.0029658 0.0059347 0.0029658 0.0000000 0.7464982 0.7413688 
Mlig.42101 0.7416747 0.7389403 0.7416747 0.7464982 0.0000000 0.0028383 
Mlig.42102 0.7365544 0.7338346 0.7365544 0.7413688 0.0028383 0.0000000 
