6
Mlig.8961  0.0000000 0.0036751 0.0151191 0.5816618 0.5759867 0.5748583 
Mlig.34604 0.0036751 0.0000000 0.0171270 0.5792801 0.5736132 0.5724947 
Mlig.34885 0.0151191 0.0171270 0.0000000 0.5885683 0.5829239 0.5817770 
Mlig.24963 0.5816618 0.5792801 0.5885683 0.0000000 0.0056394 0.0037432 
Mlig.24962 0.5759867 0.5736132 0.5829239 0.0056394 0.0000000 0.0056442 
Mlig.24964 0.5748583 0.5724947 0.5817770 0.0037432 0.0056442 0.0000000 
