6
Mlig.20037 0.0000000 0.0000010 0.0000010 0.5521126 0.5591397 0.5618528 
Mlig.20038 0.0000010 0.0000000 0.0000010 0.5521126 0.5591397 0.5618528 
Mlig.20039 0.0000010 0.0000010 0.0000000 0.5521126 0.5591397 0.5618528 
Mlig.12214 0.5521126 0.5521126 0.5521126 0.0000000 0.0069603 0.0069887 
Mlig.9607  0.5591397 0.5591397 0.5591397 0.0069603 0.0000000 0.0069938 
Mlig.42818 0.5618528 0.5618528 0.5618528 0.0069887 0.0069938 0.0000000 
