7
Smed.28817 0.0000000 0.5304530 0.4678873 0.3208582 0.4113428 0.4711189 0.6848139 
Smed.28916 0.5304530 0.0000000 0.1484315 0.1374087 0.2018305 0.0332597 0.2037952 
Smed.26902 0.4678873 0.1484315 0.0000000 0.0749664 0.1614608 0.1087931 0.1124416 
Smed.28004 0.3208582 0.1374087 0.0749664 0.0000000 0.1435612 0.1009995 0.2076827 
Smed.28803 0.4113428 0.2018305 0.1614608 0.1435612 0.0000000 0.1588038 0.3165820 
Smed.25947 0.4711189 0.0332597 0.1087931 0.1009995 0.1588038 0.0000000 0.1595049 
Smed.27770 0.6848139 0.2037952 0.1124416 0.2076827 0.3165820 0.1595049 0.0000000 
