6
Mlig.2335  0.0000000 0.0000010 0.0000010 0.2336176 0.2391677 0.2331676 
Mlig.2336  0.0000010 0.0000000 0.0000010 0.2336176 0.2391677 0.2331676 
Mlig.21894 0.0000010 0.0000010 0.0000000 0.2336176 0.2391677 0.2331676 
Mlig.43016 0.2336176 0.2336176 0.2336176 0.0000000 0.0100579 0.0050254 
Mlig.16331 0.2391677 0.2391677 0.2391677 0.0100579 0.0000000 0.0049990 
Mlig.47874 0.2331676 0.2331676 0.2331676 0.0050254 0.0049990 0.0000000 
