8
Mcor.4776  0.0000000 1.6228033 1.5825403 1.6199291 1.3959419 2.4173773 2.7465948 2.0704304 
Mcor.11414 1.6228033 0.0000000 1.1974527 1.1211258 1.1800674 1.2033197 1.2520333 1.3683678 
Mcor.7513  1.5825403 1.1974527 0.0000000 0.1009988 0.3055745 0.8711403 1.1717722 1.3413422 
Mcor.7511  1.6199291 1.1211258 0.1009988 0.0000000 0.2760113 0.9296670 1.1545558 1.3305507 
Mcor.14064 1.3959419 1.1800674 0.3055745 0.2760113 0.0000000 1.1155676 1.1750973 1.4520140 
Mcor.10638 2.4173773 1.2033197 0.8711403 0.9296670 1.1155676 0.0000000 0.3533137 0.5128663 
Mcor.10981 2.7465948 1.2520333 1.1717722 1.1545558 1.1750973 0.3533137 0.0000000 0.6747190 
Mcor.10645 2.0704304 1.3683678 1.3413422 1.3305507 1.4520140 0.5128663 0.6747190 0.0000000 
