15
Mlig.1698  0.0000000 0.4528022 0.5878494 0.5878494 0.5947818 0.6243433 0.5896250 0.4352412 0.4462760 0.4462760 0.4557372 0.5180566 0.5180566 0.4442227 0.4557372 
Mlig.1694  0.4528022 0.0000000 0.2380463 0.2380463 0.1508045 0.2616708 0.2135605 0.0367782 0.0774977 0.0774977 0.0681374 0.1467587 0.1467587 0.0373450 0.0681374 
Mlig.1697  0.5878494 0.2380463 0.0000000 0.0000010 0.2364256 0.0121768 0.0844281 0.2255364 0.1404257 0.1404257 0.1400771 0.0644367 0.0644367 0.1887778 0.1400771 
Mlig.1695  0.5878494 0.2380463 0.0000010 0.0000000 0.2364256 0.0121768 0.0844281 0.2255364 0.1404257 0.1404257 0.1400771 0.0644367 0.0644367 0.1887778 0.1400771 
Mlig.1808  0.5947818 0.1508045 0.2364256 0.2364256 0.0000000 0.2603724 0.2116173 0.1416336 0.1944278 0.1944278 0.0661778 0.1444310 0.1444310 0.1095494 0.0661778 
Mlig.1696  0.6243433 0.2616708 0.0121768 0.0121768 0.2603724 0.0000000 0.1010267 0.2400337 0.1592922 0.1592922 0.1589106 0.0796489 0.0796489 0.2096948 0.1589106 
Mlig.47942 0.5896250 0.2135605 0.0844281 0.0844281 0.2116173 0.1010267 0.0000000 0.2017429 0.2610216 0.2610216 0.1174507 0.1658448 0.1658448 0.1656894 0.1174507 
Mlig.14976 0.4352412 0.0367782 0.2255364 0.2255364 0.1416336 0.2400337 0.2017429 0.0000000 0.0633944 0.0633944 0.0632378 0.1379409 0.1379409 0.0244508 0.0632378 
Mlig.1802  0.4462760 0.0774977 0.1404257 0.1404257 0.1944278 0.1592922 0.2610216 0.0633944 0.0000000 0.0000010 0.1067042 0.0646121 0.0646121 0.0644191 0.1067042 
Mlig.1803  0.4462760 0.0774977 0.1404257 0.1404257 0.1944278 0.1592922 0.2610216 0.0633944 0.0000010 0.0000000 0.1067042 0.0646121 0.0646121 0.0644191 0.1067042 
Mlig.1811  0.4557372 0.0681374 0.1400771 0.1400771 0.0661778 0.1589106 0.1174507 0.0632378 0.1067042 0.1067042 0.0000000 0.0644367 0.0644367 0.0367083 0.0000010 
Mlig.1807  0.5180566 0.1467587 0.0644367 0.0644367 0.1444310 0.0796489 0.1658448 0.1379409 0.0646121 0.0646121 0.0644367 0.0000000 0.0000010 0.1067042 0.0644367 
Mlig.1812  0.5180566 0.1467587 0.0644367 0.0644367 0.1444310 0.0796489 0.1658448 0.1379409 0.0646121 0.0646121 0.0644367 0.0000010 0.0000000 0.1067042 0.0644367 
Mlig.1817  0.4442227 0.0373450 0.1887778 0.1887778 0.1095494 0.2096948 0.1656894 0.0244508 0.0644191 0.0644191 0.0367083 0.1067042 0.1067042 0.0000000 0.0367083 
Mlig.1806  0.4557372 0.0681374 0.1400771 0.1400771 0.0661778 0.1589106 0.1174507 0.0632378 0.1067042 0.1067042 0.0000010 0.0644367 0.0644367 0.0367083 0.0000000 
