10
Mlig.23682 0.0000000 0.0044820 0.0044820 1.1116920 1.0522240 1.0522240 1.0608838 1.3685043 1.1029241 1.1029241 
Mlig.23683 0.0044820 0.0000000 0.0000010 1.1129676 1.0534332 1.0534332 1.0621026 1.3536636 1.0908579 1.0908579 
Mlig.23684 0.0044820 0.0000010 0.0000000 1.1129676 1.0534332 1.0534332 1.0621026 1.3536636 1.0908579 1.0908579 
Mlig.46703 1.1116920 1.1129676 1.1129676 0.0000000 0.4159029 0.4159029 0.4168756 0.6547988 0.4517448 0.4517448 
Mlig.15433 1.0522240 1.0534332 1.0534332 0.4159029 0.0000000 0.0000010 0.0022387 0.3833552 0.2149021 0.2149021 
Mlig.24876 1.0522240 1.0534332 1.0534332 0.4159029 0.0000010 0.0000000 0.0022387 0.3833552 0.2149021 0.2149021 
Mlig.46247 1.0608838 1.0621026 1.0621026 0.4168756 0.0022387 0.0022387 0.0000000 0.3842501 0.2153588 0.2153588 
Mlig.44186 1.3685043 1.3536636 1.3536636 0.6547988 0.3833552 0.3833552 0.3842501 0.0000000 0.1196753 0.1196753 
Mlig.43268 1.1029241 1.0908579 1.0908579 0.4517448 0.2149021 0.2149021 0.2153588 0.1196753 0.0000000 0.0000010 
Mlig.44187 1.1029241 1.0908579 1.0908579 0.4517448 0.2149021 0.2149021 0.2153588 0.1196753 0.0000010 0.0000000 
