8
Mlig.14025 0.0000000 0.0057014 0.0057508 0.4737574 0.4746444 0.5361321 0.5361321 0.5361321 
Mlig.14593 0.0057014 0.0000000 0.0115207 0.4703865 0.4712663 0.5359537 0.5359537 0.5359537 
Mlig.36696 0.0057508 0.0115207 0.0000000 0.4871144 0.4880340 0.5500799 0.5500799 0.5500799 
Mlig.5292  0.4737574 0.4703865 0.4871144 0.0000000 0.0293557 0.5543939 0.5543939 0.5543939 
Mlig.1565  0.4746444 0.4712663 0.4880340 0.0293557 0.0000000 0.5539723 0.5539723 0.5539723 
Mlig.33972 0.5361321 0.5359537 0.5500799 0.5543939 0.5539723 0.0000000 0.0000010 0.0000010 
Mlig.29626 0.5361321 0.5359537 0.5500799 0.5543939 0.5539723 0.0000010 0.0000000 0.0000010 
Mlig.33108 0.5361321 0.5359537 0.5500799 0.5543939 0.5539723 0.0000010 0.0000010 0.0000000 
