7
Mlig.33467 0.0000000 0.0223788 0.0127305 0.4539945 0.4201246 0.4296037 0.4216829 
Mlig.1246  0.0223788 0.0000000 0.0095446 0.4450916 0.4114787 0.4209040 0.4130712 
Mlig.1247  0.0127305 0.0095446 0.0000000 0.4494946 0.4157583 0.4252089 0.4173337 
Mlig.23844 0.4539945 0.4450916 0.4494946 0.0000000 0.0294156 0.0393507 0.0359970 
Mlig.12033 0.4201246 0.4114787 0.4157583 0.0294156 0.0000000 0.0160954 0.0128502 
Mlig.5944  0.4296037 0.4209040 0.4252089 0.0393507 0.0160954 0.0000000 0.0192754 
Mlig.7711  0.4216829 0.4130712 0.4173337 0.0359970 0.0128502 0.0192754 0.0000000 
