7
Mlig.1035  0.0000000 0.0595495 0.0595495 1.9906512 2.0364517 1.9906512 2.0465387 
Mlig.30595 0.0595495 0.0000000 0.0000010 2.0696181 2.1204497 2.0696181 2.1312606 
Mlig.46398 0.0595495 0.0000010 0.0000000 2.0696181 2.1204497 2.0696181 2.1312606 
Mlig.21213 1.9906512 2.0696181 2.0696181 0.0000000 0.0280172 0.0000010 0.0373565 
Mlig.5845  2.0364517 2.1204497 2.1204497 0.0280172 0.0000000 0.0280172 0.0091465 
Mlig.21208 1.9906512 2.0696181 2.0696181 0.0000010 0.0280172 0.0000000 0.0373565 
Mlig.21211 2.0465387 2.1312606 2.1312606 0.0373565 0.0091465 0.0373565 0.0000000 
