11
Emul.2433  0.0000000 0.0355251 0.2858991 0.2734364 0.0000010 0.0538607 0.1769248 0.2785469 0.2893515 0.2893515 0.3115434 
Emul.2932  0.0355251 0.0000000 0.2405981 0.2621076 0.0355251 0.0353241 0.1545846 0.2330284 0.2511478 0.2511478 0.2651606 
Emul.59    0.2858991 0.2405981 0.0000000 0.0353365 0.2858991 0.2185368 0.2492902 0.1100807 0.0087148 0.0087148 0.0176849 
Emul.2775  0.2734364 0.2621076 0.0353365 0.0000000 0.2734364 0.2397588 0.2705591 0.1491876 0.0356984 0.0356984 0.0539324 
Emul.113   0.0000010 0.0355251 0.2858991 0.2734364 0.0000000 0.0538607 0.1769248 0.2785469 0.2893515 0.2893515 0.3115434 
Emul.10516 0.0538607 0.0353241 0.2185368 0.2397588 0.0538607 0.0000000 0.1145512 0.2378160 0.2289568 0.2289568 0.2425306 
Emul.204   0.1769248 0.1545846 0.2492902 0.2705591 0.1769248 0.1145512 0.0000000 0.2482763 0.2597204 0.2597204 0.2736659 
Emul.30    0.2785469 0.2330284 0.1100807 0.1491876 0.2785469 0.2378160 0.2482763 0.0000000 0.1195553 0.1195553 0.1306606 
Emul.2782  0.2893515 0.2511478 0.0087148 0.0356984 0.2893515 0.2289568 0.2597204 0.1195553 0.0000000 0.0000010 0.0265995 
Emul.2784  0.2893515 0.2511478 0.0087148 0.0356984 0.2893515 0.2289568 0.2597204 0.1195553 0.0000010 0.0000000 0.0265995 
Emul.2777  0.3115434 0.2651606 0.0176849 0.0539324 0.3115434 0.2425306 0.2736659 0.1306606 0.0265995 0.0265995 0.0000000 
