18
Mcor.11938 0.0000000 0.8222674 0.4624080 0.0925386 0.1191016 0.5142346 0.1953527 2.3305902 0.0925386 0.3435166 0.4748204 0.0000010 0.3435166 0.4102930 0.3810058 0.3010297 0.2154770 0.3191179 
Mcor.14448 0.8222674 0.0000000 0.4736145 0.9086984 0.8543068 0.4047392 1.1606694 2.6623676 0.9086984 0.3544823 0.5992854 0.8222674 0.3544823 0.5013975 0.4872348 0.9102756 1.0632695 0.8371047 
Mcor.2117  0.4624080 0.4736145 0.0000000 0.5272774 0.4794044 0.2261583 0.7020122 1.5608888 0.5272774 0.1027792 0.3376032 0.4624080 0.1027792 0.2152086 0.2109518 0.5311285 0.6377349 0.5696397 
Mcor.14045 0.0925386 0.9086984 0.5272774 0.0000000 0.2329553 0.5888402 0.0940746 2.2528213 0.0000010 0.4018303 0.5423340 0.0925386 0.4018303 0.4803136 0.3575595 0.1937707 0.1041698 0.2050131 
Mcor.2660  0.1191016 0.8543068 0.4794044 0.2329553 0.0000000 0.5350742 0.3647148 3.0840426 0.2329553 0.3563560 0.4927860 0.1191016 0.3563560 0.3660793 0.3961012 0.4914632 0.4035581 0.5254647 
Mcor.11226 0.5142346 0.4047392 0.2261583 0.5888402 0.5350742 0.0000000 0.7915444 2.4424233 0.5888402 0.1126158 0.2496805 0.5142346 0.1126158 0.2370972 0.2318425 0.5929913 0.7169649 0.2914207 
Mcor.8762  0.1953527 1.1606694 0.7020122 0.0940746 0.3647148 0.7915444 0.0000000 1.9425271 0.0940746 0.5649395 0.7247131 0.1953527 0.5649395 0.6703944 0.5125094 0.1918199 0.2207248 0.3284528 
Mcor.10524 2.3305902 2.6623676 1.5608888 2.2528213 3.0840426 2.4424233 1.9425271 0.0000000 2.2528213 1.8661209 2.5728959 2.3305902 1.8661209 2.1171383 1.4994081 1.9061534 2.5836440 2.7422238 
Mcor.3700  0.0925386 0.9086984 0.5272774 0.0000010 0.2329553 0.5888402 0.0940746 2.2528213 0.0000000 0.4018303 0.5423340 0.0925386 0.4018303 0.4803136 0.3575595 0.1937707 0.1041698 0.2050131 
Mcor.2356  0.3435166 0.3544823 0.1027792 0.4018303 0.3563560 0.1126158 0.5649395 1.8661209 0.4018303 0.0000000 0.2239279 0.3435166 0.0000010 0.1069133 0.1050000 0.4055734 0.5028767 0.4355362 
Mcor.12685 0.4748204 0.5992854 0.3376032 0.5423340 0.4927860 0.2496805 0.7247131 2.5728959 0.5423340 0.2239279 0.0000000 0.4748204 0.2239279 0.3551239 0.3464681 0.7305656 0.6104297 0.6386766 
Mcor.4843  0.0000010 0.8222674 0.4624080 0.0925386 0.1191016 0.5142346 0.1953527 2.3305902 0.0925386 0.3435166 0.4748204 0.0000000 0.3435166 0.4102930 0.3810058 0.3010297 0.2154770 0.3191179 
Mcor.14447 0.3435166 0.3544823 0.1027792 0.4018303 0.3563560 0.1126158 0.5649395 1.8661209 0.4018303 0.0000010 0.2239279 0.3435166 0.0000000 0.1069133 0.1050000 0.4055734 0.5028767 0.4355362 
Mcor.8021  0.4102930 0.5013975 0.2152086 0.4803136 0.3660793 0.2370972 0.6703944 2.1171383 0.4803136 0.1069133 0.3551239 0.4102930 0.1069133 0.0000000 0.2203553 0.4846333 0.6001039 0.5243743 
Mcor.14256 0.3810058 0.4872348 0.2109518 0.3575595 0.3961012 0.2318425 0.5125094 1.4994081 0.3575595 0.1050000 0.3464681 0.3810058 0.1050000 0.2203553 0.0000000 0.3610204 0.4517605 0.3868976 
Mcor.9496  0.3010297 0.9102756 0.5311285 0.1937707 0.4914632 0.5929913 0.1918199 1.9061534 0.1937707 0.4055734 0.7305656 0.3010297 0.4055734 0.4846333 0.3610204 0.0000000 0.2540443 0.2071578 
Mcor.3258  0.2154770 1.0632695 0.6377349 0.1041698 0.4035581 0.7169649 0.2207248 2.5836440 0.1041698 0.5028767 0.6104297 0.2154770 0.5028767 0.6001039 0.4517605 0.2540443 0.0000000 0.2708934 
Mcor.12638 0.3191179 0.8371047 0.5696397 0.2050131 0.5254647 0.2914207 0.3284528 2.7422238 0.2050131 0.4355362 0.6386766 0.3191179 0.4355362 0.5243743 0.3868976 0.2071578 0.2708934 0.0000000 
