6
Mlig.10943 0.0000000 0.0089174 0.0059354 0.1518228 0.1451806 0.1451806 
Mlig.10679 0.0089174 0.0000000 0.0029634 0.1441756 0.1375895 0.1375895 
Mlig.10680 0.0059354 0.0029634 0.0000000 0.1448841 0.1382725 0.1382725 
Mlig.14551 0.1518228 0.1441756 0.1448841 0.0000000 0.0059133 0.0059133 
Mlig.41696 0.1451806 0.1375895 0.1382725 0.0059133 0.0000000 0.0000010 
Mlig.41697 0.1451806 0.1375895 0.1382725 0.0059133 0.0000010 0.0000000 
