8
Mlig.29461 0.0000000 1.4809075 1.4809075 1.4809075 1.7730425 1.7310008 1.7310008 1.7310008 
Mlig.19489 1.4809075 0.0000000 0.0000010 0.0000010 0.9761079 0.9279633 0.9279633 0.9279633 
Mlig.19490 1.4809075 0.0000010 0.0000000 0.0000010 0.9761079 0.9279633 0.9279633 0.9279633 
Mlig.19491 1.4809075 0.0000010 0.0000010 0.0000000 0.9761079 0.9279633 0.9279633 0.9279633 
Mlig.27038 1.7730425 0.9761079 0.9761079 0.9761079 0.0000000 0.0193804 0.0193804 0.0193804 
Mlig.27036 1.7310008 0.9279633 0.9279633 0.9279633 0.0193804 0.0000000 0.0000010 0.0000010 
Mlig.27037 1.7310008 0.9279633 0.9279633 0.9279633 0.0193804 0.0000010 0.0000000 0.0000010 
Mlig.27039 1.7310008 0.9279633 0.9279633 0.9279633 0.0193804 0.0000010 0.0000010 0.0000000 
