6
Mlig.40497 0.0000000 0.0067258 0.0022326 0.4074140 0.4042205 0.4074140 
Mlig.40498 0.0067258 0.0000000 0.0089846 0.4125719 0.4093512 0.4125719 
Mlig.40499 0.0022326 0.0089846 0.0000000 0.4078672 0.4046697 0.4078672 
Mlig.44518 0.4074140 0.4125719 0.4078672 0.0000000 0.0044010 0.0000010 
Mlig.44516 0.4042205 0.4093512 0.4046697 0.0044010 0.0000000 0.0044010 
Mlig.44519 0.4074140 0.4125719 0.4078672 0.0000010 0.0044010 0.0000000 
