6
Hdim.11238 0.0000000 0.3084229 0.2748162 0.3263643 0.3519403 0.2558269 
Hdim.4582  0.3084229 0.0000000 0.1910016 0.1836485 0.2810165 0.0890496 
Hdim.1613  0.2748162 0.1910016 0.0000000 0.1880435 0.1956822 0.1294962 
Hdim.8196  0.3263643 0.1836485 0.1880435 0.0000000 0.2701995 0.1245638 
Hdim.10143 0.3519403 0.2810165 0.1956822 0.2701995 0.0000000 0.2134215 
Hdim.15091 0.2558269 0.0890496 0.1294962 0.1245638 0.2134215 0.0000000 
