7
Mlig.3740  0.0000000 0.5731223 0.5687123 0.5687123 0.0067518 0.4867163 0.4867163 
Mlig.14244 0.5731223 0.0000000 0.0016606 0.0016606 0.5727138 0.4997828 0.4997828 
Mlig.14245 0.5687123 0.0016606 0.0000000 0.0000010 0.5683046 0.4955797 0.4955797 
Mlig.14246 0.5687123 0.0016606 0.0000010 0.0000000 0.5683046 0.4955797 0.4955797 
Mlig.3741  0.0067518 0.5727138 0.5683046 0.5683046 0.0000000 0.4838792 0.4838792 
Mlig.29467 0.4867163 0.4997828 0.4955797 0.4955797 0.4838792 0.0000000 0.0000010 
Mlig.29468 0.4867163 0.4997828 0.4955797 0.4955797 0.4838792 0.0000010 0.0000000 
