9
Scur.2012  0.0000000 0.1463761 0.1545512 0.1528522 0.1371340 0.1317446 0.1156506 0.0000010 0.0068192 
Scur.4754  0.1463761 0.0000000 0.0068290 0.1191583 0.1663505 0.0999288 0.1144622 0.1463761 0.1386708 
Scur.4755  0.1545512 0.0068290 0.0000000 0.1268340 0.1747920 0.1076632 0.1222718 0.1545512 0.1467820 
Scur.2071  0.1528522 0.1191583 0.1268340 0.0000000 0.1577217 0.1061990 0.1212529 0.1528522 0.1604376 
Scur.5265  0.1371340 0.1663505 0.1747920 0.1577217 0.0000000 0.1532349 0.1694074 0.1371340 0.1449425 
Scur.1436  0.1317446 0.0999288 0.1076632 0.1061990 0.1532349 0.0000000 0.1145961 0.1317446 0.1393713 
Scur.8806  0.1156506 0.1144622 0.1222718 0.1212529 0.1694074 0.1145961 0.0000000 0.1156506 0.1231284 
Scur.2013  0.0000010 0.1463761 0.1545512 0.1528522 0.1371340 0.1317446 0.1156506 0.0000000 0.0068192 
Scur.2014  0.0068192 0.1386708 0.1467820 0.1604376 0.1449425 0.1393713 0.1231284 0.0068192 0.0000000 
