7
Hdim.9280  0.0000000 1.9167583 1.7201550 1.6839244 1.6839244 1.6839244 1.6839244 
Hdim.12435 1.9167583 0.0000000 1.2164066 1.4625508 1.4625508 1.4625508 1.4625508 
Hdim.12441 1.7201550 1.2164066 0.0000000 1.0446543 1.0446543 1.0446543 1.0446543 
Hdim.9337  1.6839244 1.4625508 1.0446543 0.0000000 0.0000010 0.0000010 0.0000010 
Hdim.9338  1.6839244 1.4625508 1.0446543 0.0000010 0.0000000 0.0000010 0.0000010 
Hdim.12420 1.6839244 1.4625508 1.0446543 0.0000010 0.0000010 0.0000000 0.0000010 
Hdim.12498 1.6839244 1.4625508 1.0446543 0.0000010 0.0000010 0.0000010 0.0000000 
