6
Mlig.28176 0.0000000 0.0022944 0.0022921 0.8241856 0.6397656 0.6386104 
Mlig.37276 0.0022944 0.0000000 0.0045917 0.8177684 0.6345678 0.6334220 
Mlig.37277 0.0022921 0.0045917 0.0000000 0.8291599 0.6439193 0.6427562 
Mlig.16628 0.8241856 0.8177684 0.8291599 0.0000000 0.2255149 0.2097325 
Mlig.33436 0.6397656 0.6345678 0.6439193 0.2255149 0.0000000 0.0162287 
Mlig.33437 0.6386104 0.6334220 0.6427562 0.2097325 0.0162287 0.0000000 
