6
Mlig.13469 0.0000000 0.0136850 0.0136850 0.0068295 0.1536408 0.1378841 
Mlig.13470 0.0136850 0.0000000 0.0000010 0.0068163 0.1688838 0.1529516 
Mlig.13471 0.0136850 0.0000010 0.0000000 0.0068163 0.1688838 0.1529516 
Mlig.39033 0.0068295 0.0068163 0.0068163 0.0000000 0.1612528 0.1454040 
Mlig.19638 0.1536408 0.1688838 0.1688838 0.1612528 0.0000000 0.0417886 
Mlig.45912 0.1378841 0.1529516 0.1529516 0.1454040 0.0417886 0.0000000 
