8
Mlig.39782 0.0000000 0.1163935 0.1163935 0.1163935 0.0100190 0.0667908 0.0667908 0.0667908 
Mlig.30483 0.1163935 0.0000000 0.0000010 0.0000010 0.1045149 0.1205444 0.1205444 0.1205444 
Mlig.30484 0.1163935 0.0000010 0.0000000 0.0000010 0.1045149 0.1205444 0.1205444 0.1205444 
Mlig.30485 0.1163935 0.0000010 0.0000010 0.0000000 0.1045149 0.1205444 0.1205444 0.1205444 
Mlig.19951 0.0100190 0.1045149 0.1045149 0.1045149 0.0000000 0.0558366 0.0558366 0.0558366 
Mlig.30243 0.0667908 0.1205444 0.1205444 0.1205444 0.0558366 0.0000000 0.0000010 0.0000010 
Mlig.30244 0.0667908 0.1205444 0.1205444 0.1205444 0.0558366 0.0000010 0.0000000 0.0000010 
Mlig.48925 0.0667908 0.1205444 0.1205444 0.1205444 0.0558366 0.0000010 0.0000010 0.0000000 
