6
Mlig.24632 0.0000000 0.0067205 0.0089985 0.1623817 0.8999452 0.8995536 
Mlig.24633 0.0067205 0.0000000 0.0044673 0.1672575 0.9087206 0.9083337 
Mlig.24634 0.0089985 0.0044673 0.0000000 0.1649732 0.9099503 0.9095637 
Mlig.5457  0.1623817 0.1672575 0.1649732 0.0000000 0.9353389 0.9353563 
Mlig.44541 0.8999452 0.9087206 0.9099503 0.9353389 0.0000000 0.0068088 
Mlig.44542 0.8995536 0.9083337 0.9095637 0.9353563 0.0068088 0.0000000 
