6
Mlig.16503 0.0000000 0.0000010 0.0123184 2.2836636 2.2047807 2.2229878 
Mlig.16505 0.0000010 0.0000000 0.0123184 2.2836636 2.2047807 2.2229878 
Mlig.16504 0.0123184 0.0123184 0.0000000 2.2932760 2.2142775 2.2325567 
Mlig.30812 2.2836636 2.2836636 2.2932760 0.0000000 0.0330531 0.0164303 
Mlig.30810 2.2047807 2.2047807 2.2142775 0.0330531 0.0000000 0.0248382 
Mlig.30811 2.2229878 2.2229878 2.2325567 0.0164303 0.0248382 0.0000000 
