7
Hmic.9951  0.0000000 0.9204674 0.9204674 0.4335813 0.5162182 0.5258562 0.5095505 
Hmic.9955  0.9204674 0.0000000 0.0000010 0.6130959 0.3359783 0.4723540 0.4369188 
Hmic.9956  0.9204674 0.0000010 0.0000000 0.6130959 0.3359783 0.4723540 0.4369188 
Hmic.9952  0.4335813 0.6130959 0.6130959 0.0000000 0.2150069 0.1170765 0.1479726 
Hmic.9958  0.5162182 0.3359783 0.3359783 0.2150069 0.0000000 0.1102552 0.0791175 
Hmic.9953  0.5258562 0.4723540 0.4723540 0.1170765 0.1102552 0.0000000 0.0478198 
Hmic.9954  0.5095505 0.4369188 0.4369188 0.1479726 0.0791175 0.0478198 0.0000000 
