8
Hdim.6487  0.0000000 1.4529112 0.5266839 0.9156697 0.6645582 0.8507211 0.6252655 0.9299492 
Hdim.6348  1.4529112 0.0000000 1.8642080 1.3317502 1.2131720 0.8140473 0.6456500 1.0991877 
Hdim.11528 0.5266839 1.8642080 0.0000000 1.0111725 0.4734822 0.8720418 0.7318024 0.7207866 
Hdim.9125  0.9156697 1.3317502 1.0111725 0.0000000 0.5967916 0.6343400 0.5201690 0.5467523 
Hdim.12299 0.6645582 1.2131720 0.4734822 0.5967916 0.0000000 0.2750697 0.2995952 0.3173442 
Hdim.2603  0.8507211 0.8140473 0.8720418 0.6343400 0.2750697 0.0000000 0.1575111 0.4115445 
Hdim.3174  0.6252655 0.6456500 0.7318024 0.5201690 0.2995952 0.1575111 0.0000000 0.3157124 
Hdim.7819  0.9299492 1.0991877 0.7207866 0.5467523 0.3173442 0.4115445 0.3157124 0.0000000 
