6
Mlig.30517 0.0000000 0.3050136 0.3050136 0.3050136 0.0056117 0.0037347 
Mlig.17042 0.3050136 0.0000000 0.0000010 0.0000010 0.3066446 0.3020790 
Mlig.17043 0.3050136 0.0000010 0.0000000 0.0000010 0.3066446 0.3020790 
Mlig.17044 0.3050136 0.0000010 0.0000010 0.0000000 0.3066446 0.3020790 
Mlig.25337 0.0056117 0.3066446 0.3066446 0.3066446 0.0000000 0.0093585 
Mlig.30516 0.0037347 0.3020790 0.3020790 0.3020790 0.0093585 0.0000000 
