6
Mlig.858   0.0000000 0.3068113 0.3027040 0.3058510 0.0028312 0.0028312 
Mlig.41392 0.3068113 0.0000000 0.0114093 0.0114068 0.3079659 0.3079659 
Mlig.22447 0.3027040 0.0114093 0.0000000 0.0085392 0.3038437 0.3038437 
Mlig.41390 0.3058510 0.0114068 0.0085392 0.0000000 0.3070002 0.3070002 
Mlig.44312 0.0028312 0.3079659 0.3038437 0.3070002 0.0000000 0.0000010 
Mlig.44313 0.0028312 0.3079659 0.3038437 0.3070002 0.0000010 0.0000000 
