6
Mlig.25498 0.0000000 0.0000010 0.1745791 0.1745791 0.1741894 0.6959541 
Mlig.25499 0.0000010 0.0000000 0.1745791 0.1745791 0.1741894 0.6959541 
Mlig.1623  0.1745791 0.1745791 0.0000000 0.0000010 0.0061207 0.7214690 
Mlig.27485 0.1745791 0.1745791 0.0000010 0.0000000 0.0061207 0.7214690 
Mlig.1624  0.1741894 0.1741894 0.0061207 0.0061207 0.0000000 0.7170779 
Mlig.33480 0.6959541 0.6959541 0.7214690 0.7214690 0.7170779 0.0000000 
