7
Mlig.26858 0.0000000 1.2063451 1.1762740 1.1762740 1.1762740 1.1762740 1.1760125 
Mlig.7827  1.2063451 0.0000000 0.0827378 0.0827378 0.0827378 0.0827378 0.0862563 
Mlig.7822  1.1762740 0.0827378 0.0000000 0.0000010 0.0000010 0.0000010 0.0031792 
Mlig.7824  1.1762740 0.0827378 0.0000010 0.0000000 0.0000010 0.0000010 0.0031792 
Mlig.7829  1.1762740 0.0827378 0.0000010 0.0000010 0.0000000 0.0000010 0.0031792 
Mlig.35556 1.1762740 0.0827378 0.0000010 0.0000010 0.0000010 0.0000000 0.0031792 
Mlig.7823  1.1760125 0.0862563 0.0031792 0.0031792 0.0031792 0.0031792 0.0000000 
