9
Mlig.47791 0.0000000 1.0340354 1.0344808 1.0344389 0.7239679 0.7239679 0.0000010 0.0000010 0.0026352 
Mlig.16709 1.0340354 0.0000000 0.0134594 0.0134890 0.8908881 0.8908881 1.0340354 1.0340354 1.0249502 
Mlig.48556 1.0344808 0.0134594 0.0000000 0.0107498 0.8747733 0.8747733 1.0344808 1.0344808 1.0254101 
Mlig.48557 1.0344389 0.0134890 0.0107498 0.0000000 0.8754837 0.8754837 1.0344389 1.0344389 1.0253568 
Mlig.32493 0.7239679 0.8908881 0.8747733 0.8754837 0.0000000 0.0000010 0.7239679 0.7239679 0.7172183 
Mlig.32495 0.7239679 0.8908881 0.8747733 0.8754837 0.0000010 0.0000000 0.7239679 0.7239679 0.7172183 
Mlig.47788 0.0000010 1.0340354 1.0344808 1.0344389 0.7239679 0.7239679 0.0000000 0.0000010 0.0026352 
Mlig.47789 0.0000010 1.0340354 1.0344808 1.0344389 0.7239679 0.7239679 0.0000010 0.0000000 0.0026352 
Mlig.47790 0.0026352 1.0249502 1.0254101 1.0253568 0.7172183 0.7172183 0.0026352 0.0026352 0.0000000 
