14
Mlig.26812 0.0000000 0.0000010 0.0106176 1.1026723 1.0951648 1.0871846 0.7547397 0.7668752 0.7668752 0.8656365 0.8656365 0.8656365 0.8414335 0.8347542 
Mlig.26813 0.0000010 0.0000000 0.0106176 1.1026723 1.0951648 1.0871846 0.7547397 0.7668752 0.7668752 0.8656365 0.8656365 0.8656365 0.8414335 0.8347542 
Mlig.35936 0.0106176 0.0106176 0.0000000 1.1185352 1.1128486 1.1047597 0.7731765 0.7854697 0.7854697 0.8858954 0.8858954 0.8858954 0.8604546 0.8536250 
Mlig.39804 1.1026723 1.1026723 1.1185352 0.0000000 0.0106225 0.0079481 0.9518255 0.9854840 0.9854840 1.1044006 1.1044006 1.1044006 0.9398361 0.9431992 
Mlig.39803 1.0951648 1.0951648 1.1128486 0.0106225 0.0000000 0.0026371 0.9448136 0.9783710 0.9783710 1.0994933 1.0994933 1.0994933 0.9436538 0.9470360 
Mlig.39805 1.0871846 1.0871846 1.1047597 0.0079481 0.0026371 0.0000000 0.9394709 0.9728832 0.9728832 1.0939720 1.0939720 1.0939720 0.9383200 0.9416658 
Mlig.32252 0.7547397 0.7547397 0.7731765 0.9518255 0.9448136 0.9394709 0.0000000 0.0189975 0.0189975 0.5014881 0.5014881 0.5014881 0.2679591 0.2673996 
Mlig.32253 0.7668752 0.7668752 0.7854697 0.9854840 0.9783710 0.9728832 0.0189975 0.0000000 0.0000010 0.5036108 0.5036108 0.5036108 0.2830254 0.2824403 
Mlig.32254 0.7668752 0.7668752 0.7854697 0.9854840 0.9783710 0.9728832 0.0189975 0.0000010 0.0000000 0.5036108 0.5036108 0.5036108 0.2830254 0.2824403 
Mlig.11544 0.8656365 0.8656365 0.8858954 1.1044006 1.0994933 1.0939720 0.5014881 0.5036108 0.5036108 0.0000000 0.0000010 0.0000010 0.5608004 0.5536168 
Mlig.11546 0.8656365 0.8656365 0.8858954 1.1044006 1.0994933 1.0939720 0.5014881 0.5036108 0.5036108 0.0000010 0.0000000 0.0000010 0.5608004 0.5536168 
Mlig.11545 0.8656365 0.8656365 0.8858954 1.1044006 1.0994933 1.0939720 0.5014881 0.5036108 0.5036108 0.0000010 0.0000010 0.0000000 0.5608004 0.5536168 
Mlig.11970 0.8414335 0.8414335 0.8604546 0.9398361 0.9436538 0.9383200 0.2679591 0.2830254 0.2830254 0.5608004 0.5608004 0.5608004 0.0000000 0.0052976 
Mlig.11971 0.8347542 0.8347542 0.8536250 0.9431992 0.9470360 0.9416658 0.2673996 0.2824403 0.2824403 0.5536168 0.5536168 0.5536168 0.0052976 0.0000000 
