11
Mlig.11226 0.0000000 0.9979878 0.9979878 0.9979878 1.2185127 1.2283237 1.0635768 1.0635768 1.0635768 1.0635768 1.0635768 
Mlig.3640  0.9979878 0.0000000 0.0000010 0.0000010 1.0526632 1.0630483 0.9926815 0.9926815 0.9926815 0.9926815 0.9926815 
Mlig.12007 0.9979878 0.0000010 0.0000000 0.0000010 1.0526632 1.0630483 0.9926815 0.9926815 0.9926815 0.9926815 0.9926815 
Mlig.40890 0.9979878 0.0000010 0.0000010 0.0000000 1.0526632 1.0630483 0.9926815 0.9926815 0.9926815 0.9926815 0.9926815 
Mlig.9161  1.2185127 1.0526632 1.0526632 1.0526632 0.0000000 0.0038926 1.2227830 1.2227830 1.2227830 1.2227830 1.2227830 
Mlig.9162  1.2283237 1.0630483 1.0630483 1.0630483 0.0038926 0.0000000 1.2348038 1.2348038 1.2348038 1.2348038 1.2348038 
Mlig.30834 1.0635768 0.9926815 0.9926815 0.9926815 1.2227830 1.2348038 0.0000000 0.0000010 0.0000010 0.0000010 0.0000010 
Mlig.48840 1.0635768 0.9926815 0.9926815 0.9926815 1.2227830 1.2348038 0.0000010 0.0000000 0.0000010 0.0000010 0.0000010 
Mlig.26972 1.0635768 0.9926815 0.9926815 0.9926815 1.2227830 1.2348038 0.0000010 0.0000010 0.0000000 0.0000010 0.0000010 
Mlig.48253 1.0635768 0.9926815 0.9926815 0.9926815 1.2227830 1.2348038 0.0000010 0.0000010 0.0000010 0.0000000 0.0000010 
Mlig.48841 1.0635768 0.9926815 0.9926815 0.9926815 1.2227830 1.2348038 0.0000010 0.0000010 0.0000010 0.0000010 0.0000000 
