15
Smed.20958 0.0000000 1.4785625 0.2806529 1.2038057 0.4658535 0.4118664 0.3337159 1.0704866 1.0325915 1.4447300 1.3680796 1.4128794 0.2945475 0.2962377 0.1764214 
Smed.28608 1.4785625 0.0000000 1.3983765 0.9320377 1.5246414 1.5169324 1.4705028 1.0661007 1.6044073 0.0869282 0.0573559 0.1300155 1.4823500 1.4532459 1.3769584 
Smed.8409  0.2806529 1.3983765 0.0000000 1.2564515 0.5288438 0.2739532 0.3652492 1.1605758 1.1433765 1.3620672 1.2894840 1.4592164 0.3661211 0.3735285 0.2534564 
Smed.22365 1.2038057 0.9320377 1.2564515 0.0000000 1.6193823 1.4168675 1.2037589 0.5956409 0.6090946 0.9277693 0.8757877 0.8885925 1.2989657 1.2647080 1.0070383 
Smed.18101 0.4658535 1.5246414 0.5288438 1.6193823 0.0000000 0.6691749 0.5699468 1.2468454 1.4219590 1.7058681 1.6088825 1.8033370 0.5107196 0.2897310 0.4015895 
Smed.5639  0.4118664 1.5169324 0.2739532 1.4168675 0.6691749 0.0000000 0.3864863 1.2462824 1.1233583 1.5135632 1.4359979 1.6112419 0.3748505 0.4449482 0.3365596 
Smed.5815  0.3337159 1.4705028 0.3652492 1.2037589 0.5699468 0.3864863 0.0000000 0.9858301 1.0038490 1.2628455 1.2809939 1.4439941 0.3776874 0.3440888 0.2652268 
Smed.15927 1.0704866 1.0661007 1.1605758 0.5956409 1.2468454 1.2462824 0.9858301 0.0000000 0.6911170 1.1661713 1.1045554 1.2419629 1.1081166 1.2380914 0.9674855 
Smed.16358 1.0325915 1.6044073 1.1433765 0.6090946 1.4219590 1.1233583 1.0038490 0.6911170 0.0000000 1.5439194 1.4682221 1.5785674 1.2037232 1.1433083 0.8453704 
Smed.8652  1.4447300 0.0869282 1.3620672 0.9277693 1.7058681 1.5135632 1.2628455 1.1661713 1.5439194 0.0000000 0.0278946 0.0953520 1.4494047 1.4195887 1.3440935 
Smed.11226 1.3680796 0.0573559 1.2894840 0.8757877 1.6088825 1.4359979 1.2809939 1.1045554 1.4682221 0.0278946 0.0000000 0.0634666 1.3743925 1.3448993 1.2756350 
Smed.13633 1.4128794 0.1300155 1.4592164 0.8885925 1.8033370 1.6112419 1.4439941 1.2419629 1.5785674 0.0953520 0.0634666 0.0000000 1.5467096 1.5175420 1.3869005 
Smed.16290 0.2945475 1.4823500 0.3661211 1.2989657 0.5107196 0.3748505 0.3776874 1.1081166 1.2037232 1.4494047 1.3743925 1.5467096 0.0000000 0.3194638 0.2277255 
Smed.24268 0.2962377 1.4532459 0.3735285 1.2647080 0.2897310 0.4449482 0.3440888 1.2380914 1.1433083 1.4195887 1.3448993 1.5175420 0.3194638 0.0000000 0.2288180 
Smed.25517 0.1764214 1.3769584 0.2534564 1.0070383 0.4015895 0.3365596 0.2652268 0.9674855 0.8453704 1.3440935 1.2756350 1.3869005 0.2277255 0.2288180 0.0000000 
