6
Mcor.4195  0.0000000 0.7731340 0.6265813 0.7711157 0.8933385 0.9814556 
Mcor.12698 0.7731340 0.0000000 0.3929877 0.6267648 0.5713068 0.7103705 
Mcor.11260 0.6265813 0.3929877 0.0000000 0.5129259 0.5996014 0.6344188 
Mcor.4196  0.7711157 0.6267648 0.5129259 0.0000000 0.5250066 0.5482292 
Mcor.11261 0.8933385 0.5713068 0.5996014 0.5250066 0.0000000 0.6214694 
Mcor.13636 0.9814556 0.7103705 0.6344188 0.5482292 0.6214694 0.0000000 
