20
Mlig.23704 0.0000000 0.0150337 0.0059806 0.0059992 0.0029806 0.0000010 0.0000010 0.3537418 0.3537418 0.3537418 0.3537418 1.1298296 1.2112235 1.2112235 1.2112235 1.2112235 1.2112235 1.2112235 1.2339609 1.2217949 
Mlig.23709 0.0150337 0.0000000 0.0211419 0.0212083 0.0180626 0.0150337 0.0150337 0.3655262 0.3655262 0.3655262 0.3655262 1.1255871 1.1921498 1.1921498 1.1921498 1.1921498 1.1921498 1.1921498 1.2145340 1.2025734 
Mlig.44738 0.0059806 0.0211419 0.0000000 0.0120524 0.0089818 0.0059806 0.0059806 0.3635637 0.3635637 0.3635637 0.3635637 1.1509886 1.2341899 1.2341899 1.2341899 1.2341899 1.2341899 1.2341899 1.2573999 1.2449608 
Mlig.23703 0.0059992 0.0212083 0.0120524 0.0000000 0.0090098 0.0059992 0.0059992 0.3583742 0.3583742 0.3583742 0.3583742 1.1391366 1.2252294 1.2252294 1.2252294 1.2252294 1.2252294 1.2252294 1.2483016 1.2359443 
Mlig.23706 0.0029806 0.0180626 0.0089818 0.0090098 0.0000000 0.0029806 0.0029806 0.3482556 0.3482556 0.3482556 0.3482556 1.1265242 1.1986217 1.1986217 1.1986217 1.1986217 1.1986217 1.1986217 1.2211323 1.2090986 
Mlig.23705 0.0000010 0.0150337 0.0059806 0.0059992 0.0029806 0.0000000 0.0000010 0.3537418 0.3537418 0.3537418 0.3537418 1.1298296 1.2112235 1.2112235 1.2112235 1.2112235 1.2112235 1.2112235 1.2339609 1.2217949 
Mlig.23707 0.0000010 0.0150337 0.0059806 0.0059992 0.0029806 0.0000010 0.0000000 0.3537418 0.3537418 0.3537418 0.3537418 1.1298296 1.2112235 1.2112235 1.2112235 1.2112235 1.2112235 1.2112235 1.2339609 1.2217949 
Mlig.16446 0.3537418 0.3655262 0.3635637 0.3583742 0.3482556 0.3537418 0.3537418 0.0000000 0.0000010 0.0000010 0.0000010 1.1929383 1.1712168 1.1712168 1.1712168 1.1712168 1.1712168 1.1712168 1.1827279 1.1814425 
Mlig.16447 0.3537418 0.3655262 0.3635637 0.3583742 0.3482556 0.3537418 0.3537418 0.0000010 0.0000000 0.0000010 0.0000010 1.1929383 1.1712168 1.1712168 1.1712168 1.1712168 1.1712168 1.1712168 1.1827279 1.1814425 
Mlig.16450 0.3537418 0.3655262 0.3635637 0.3583742 0.3482556 0.3537418 0.3537418 0.0000010 0.0000010 0.0000000 0.0000010 1.1929383 1.1712168 1.1712168 1.1712168 1.1712168 1.1712168 1.1712168 1.1827279 1.1814425 
Mlig.16451 0.3537418 0.3655262 0.3635637 0.3583742 0.3482556 0.3537418 0.3537418 0.0000010 0.0000010 0.0000010 0.0000000 1.1929383 1.1712168 1.1712168 1.1712168 1.1712168 1.1712168 1.1712168 1.1827279 1.1814425 
Mlig.17800 1.1298296 1.1255871 1.1509886 1.1391366 1.1265242 1.1298296 1.1298296 1.1929383 1.1929383 1.1929383 1.1929383 0.0000000 0.5654934 0.5654934 0.5654934 0.5654934 0.5654934 0.5654934 0.5878028 0.5714678 
Mlig.18854 1.2112235 1.1921498 1.2341899 1.2252294 1.1986217 1.2112235 1.2112235 1.1712168 1.1712168 1.1712168 1.1712168 0.5654934 0.0000000 0.0000010 0.0000010 0.0000010 0.0000010 0.0000010 0.0150489 0.0029621 
Mlig.18857 1.2112235 1.1921498 1.2341899 1.2252294 1.1986217 1.2112235 1.2112235 1.1712168 1.1712168 1.1712168 1.1712168 0.5654934 0.0000010 0.0000000 0.0000010 0.0000010 0.0000010 0.0000010 0.0150489 0.0029621 
Mlig.18860 1.2112235 1.1921498 1.2341899 1.2252294 1.1986217 1.2112235 1.2112235 1.1712168 1.1712168 1.1712168 1.1712168 0.5654934 0.0000010 0.0000010 0.0000000 0.0000010 0.0000010 0.0000010 0.0150489 0.0029621 
Mlig.18861 1.2112235 1.1921498 1.2341899 1.2252294 1.1986217 1.2112235 1.2112235 1.1712168 1.1712168 1.1712168 1.1712168 0.5654934 0.0000010 0.0000010 0.0000010 0.0000000 0.0000010 0.0000010 0.0150489 0.0029621 
Mlig.18863 1.2112235 1.1921498 1.2341899 1.2252294 1.1986217 1.2112235 1.2112235 1.1712168 1.1712168 1.1712168 1.1712168 0.5654934 0.0000010 0.0000010 0.0000010 0.0000010 0.0000000 0.0000010 0.0150489 0.0029621 
Mlig.29893 1.2112235 1.1921498 1.2341899 1.2252294 1.1986217 1.2112235 1.2112235 1.1712168 1.1712168 1.1712168 1.1712168 0.5654934 0.0000010 0.0000010 0.0000010 0.0000010 0.0000010 0.0000000 0.0150489 0.0029621 
Mlig.9620  1.2339609 1.2145340 1.2573999 1.2483016 1.2211323 1.2339609 1.2339609 1.1827279 1.1827279 1.1827279 1.1827279 0.5878028 0.0150489 0.0150489 0.0150489 0.0150489 0.0150489 0.0150489 0.0000000 0.0180968 
Mlig.18859 1.2217949 1.2025734 1.2449608 1.2359443 1.2090986 1.2217949 1.2217949 1.1814425 1.1814425 1.1814425 1.1814425 0.5714678 0.0029621 0.0029621 0.0029621 0.0029621 0.0029621 0.0029621 0.0180968 0.0000000 
