51
Mlig.6857  0.0000000 0.0000010 0.7501201 0.7501201 0.7730538 0.9109008 0.8954796 0.8954796 0.8954796 0.8301333 0.8301333 0.8301333 0.8888914 0.8888914 0.8888914 0.8229431 0.8435138 0.8470594 0.8888222 0.8735373 0.8735373 0.8735373 0.8735373 0.7730538 0.7730538 0.8042469 0.8449691 0.7281719 0.7281719 0.7281719 0.7946773 1.1850724 0.8229431 0.8648886 0.7946773 1.1850724 0.8563086 1.2207031 1.2207031 1.2207031 1.2207031 1.1801110 1.1801110 0.8947025 0.9340586 0.9340586 0.8282908 0.8620562 0.9681824 0.9681824 0.9681824 
Mlig.26622 0.0000010 0.0000000 0.7501201 0.7501201 0.7730538 0.9109008 0.8954796 0.8954796 0.8954796 0.8301333 0.8301333 0.8301333 0.8888914 0.8888914 0.8888914 0.8229431 0.8435138 0.8470594 0.8888222 0.8735373 0.8735373 0.8735373 0.8735373 0.7730538 0.7730538 0.8042469 0.8449691 0.7281719 0.7281719 0.7281719 0.7946773 1.1850724 0.8229431 0.8648886 0.7946773 1.1850724 0.8563086 1.2207031 1.2207031 1.2207031 1.2207031 1.1801110 1.1801110 0.8947025 0.9340586 0.9340586 0.8282908 0.8620562 0.9681824 0.9681824 0.9681824 
Mlig.4294  0.7501201 0.7501201 0.0000000 0.0000010 0.5901805 0.8434531 0.8225616 0.8225616 0.8225616 0.7046502 0.7046502 0.7046502 0.9960785 0.9960785 0.9960785 0.8698980 0.8532266 0.8885929 0.8076137 0.6277045 0.6277045 0.6277045 0.6277045 0.5901805 0.5901805 0.8245722 0.7832675 0.7671207 0.7671207 0.7671207 0.5822217 0.7715204 0.8698980 0.8608036 0.5822217 0.7715204 0.9583894 1.0436392 1.0436392 1.0436392 1.0436392 0.9269086 0.9269086 0.7674682 0.7830478 0.7830478 0.6448104 0.6658521 0.7511603 0.7511603 0.7511603 
Mlig.46416 0.7501201 0.7501201 0.0000010 0.0000000 0.5901805 0.8434531 0.8225616 0.8225616 0.8225616 0.7046502 0.7046502 0.7046502 0.9960785 0.9960785 0.9960785 0.8698980 0.8532266 0.8885929 0.8076137 0.6277045 0.6277045 0.6277045 0.6277045 0.5901805 0.5901805 0.8245722 0.7832675 0.7671207 0.7671207 0.7671207 0.5822217 0.7715204 0.8698980 0.8608036 0.5822217 0.7715204 0.9583894 1.0436392 1.0436392 1.0436392 1.0436392 0.9269086 0.9269086 0.7674682 0.7830478 0.7830478 0.6448104 0.6658521 0.7511603 0.7511603 0.7511603 
Mlig.38332 0.7730538 0.7730538 0.5901805 0.5901805 0.0000000 0.6562979 0.4992967 0.4992967 0.4992967 0.4029022 0.4029022 0.4029022 0.6393473 0.6393473 0.6393473 0.7461809 0.6657435 0.6692076 0.6572601 0.4118239 0.4118239 0.4118239 0.4118239 0.0000010 0.0000010 0.5331001 0.5652643 0.4997024 0.4997024 0.4997024 0.3562318 0.5966959 0.7461809 0.7676935 0.3562318 0.5966959 0.7671084 0.6830422 0.6830422 0.6830422 0.6830422 0.5450526 0.5450526 0.4918725 0.4842995 0.4842995 0.3704438 0.4035837 0.3462165 0.3462165 0.3462165 
Mlig.4293  0.9109008 0.9109008 0.8434531 0.8434531 0.6562979 0.0000000 1.0109683 1.0109683 1.0109683 0.7578775 0.7578775 0.7578775 0.9555591 0.9555591 0.9555591 0.9120416 0.7556649 0.8211113 0.0161704 0.7469267 0.7469267 0.7469267 0.7469267 0.6562979 0.6562979 0.6923711 0.7308012 0.7463721 0.7463721 0.7463721 0.7291753 0.8126783 0.9120416 0.9380885 0.7291753 0.8126783 0.9121467 0.9585774 0.9585774 0.9585774 0.9585774 0.9092112 0.9092112 0.8013751 0.7633154 0.7633154 0.7680815 0.8162688 0.7443184 0.7443184 0.7443184 
Mlig.47971 0.8954796 0.8954796 0.8225616 0.8225616 0.4992967 1.0109683 0.0000000 0.0000010 0.0000010 0.4654822 0.4654822 0.4654822 0.8582168 0.8582168 0.8582168 1.0271618 0.9714370 0.9417876 0.9850027 0.5496593 0.5496593 0.5496593 0.5496593 0.4992967 0.4992967 0.6316517 0.5979612 0.7847556 0.7847556 0.7847556 0.6528875 0.7293231 1.0271618 1.0796581 0.6528875 0.7293231 1.1327588 0.8793302 0.8793302 0.8793302 0.8793302 0.7104393 0.7104393 0.5506737 0.5699664 0.5699664 0.7808778 0.7773097 0.7279311 0.7279311 0.7279311 
Mlig.47972 0.8954796 0.8954796 0.8225616 0.8225616 0.4992967 1.0109683 0.0000010 0.0000000 0.0000010 0.4654822 0.4654822 0.4654822 0.8582168 0.8582168 0.8582168 1.0271618 0.9714370 0.9417876 0.9850027 0.5496593 0.5496593 0.5496593 0.5496593 0.4992967 0.4992967 0.6316517 0.5979612 0.7847556 0.7847556 0.7847556 0.6528875 0.7293231 1.0271618 1.0796581 0.6528875 0.7293231 1.1327588 0.8793302 0.8793302 0.8793302 0.8793302 0.7104393 0.7104393 0.5506737 0.5699664 0.5699664 0.7808778 0.7773097 0.7279311 0.7279311 0.7279311 
Mlig.47973 0.8954796 0.8954796 0.8225616 0.8225616 0.4992967 1.0109683 0.0000010 0.0000010 0.0000000 0.4654822 0.4654822 0.4654822 0.8582168 0.8582168 0.8582168 1.0271618 0.9714370 0.9417876 0.9850027 0.5496593 0.5496593 0.5496593 0.5496593 0.4992967 0.4992967 0.6316517 0.5979612 0.7847556 0.7847556 0.7847556 0.6528875 0.7293231 1.0271618 1.0796581 0.6528875 0.7293231 1.1327588 0.8793302 0.8793302 0.8793302 0.8793302 0.7104393 0.7104393 0.5506737 0.5699664 0.5699664 0.7808778 0.7773097 0.7279311 0.7279311 0.7279311 
Mlig.11234 0.8301333 0.8301333 0.7046502 0.7046502 0.4029022 0.7578775 0.4654822 0.4654822 0.4654822 0.0000000 0.0000010 0.0000010 0.6776695 0.6776695 0.6776695 0.9338072 0.7714348 0.7573285 0.7390710 0.4988779 0.4988779 0.4988779 0.4988779 0.4029022 0.4029022 0.7324914 0.7713080 0.6225979 0.6225979 0.6225979 0.5055363 0.4662226 0.9338072 0.9812173 0.5055363 0.4662226 0.9503502 0.8446039 0.8446039 0.8446039 0.8446039 0.6542549 0.6542549 0.5939308 0.6155323 0.6155323 0.6068146 0.6283732 0.6059095 0.6059095 0.6059095 
Mlig.11236 0.8301333 0.8301333 0.7046502 0.7046502 0.4029022 0.7578775 0.4654822 0.4654822 0.4654822 0.0000010 0.0000000 0.0000010 0.6776695 0.6776695 0.6776695 0.9338072 0.7714348 0.7573285 0.7390710 0.4988779 0.4988779 0.4988779 0.4988779 0.4029022 0.4029022 0.7324914 0.7713080 0.6225979 0.6225979 0.6225979 0.5055363 0.4662226 0.9338072 0.9812173 0.5055363 0.4662226 0.9503502 0.8446039 0.8446039 0.8446039 0.8446039 0.6542549 0.6542549 0.5939308 0.6155323 0.6155323 0.6068146 0.6283732 0.6059095 0.6059095 0.6059095 
Mlig.11235 0.8301333 0.8301333 0.7046502 0.7046502 0.4029022 0.7578775 0.4654822 0.4654822 0.4654822 0.0000010 0.0000010 0.0000000 0.6776695 0.6776695 0.6776695 0.9338072 0.7714348 0.7573285 0.7390710 0.4988779 0.4988779 0.4988779 0.4988779 0.4029022 0.4029022 0.7324914 0.7713080 0.6225979 0.6225979 0.6225979 0.5055363 0.4662226 0.9338072 0.9812173 0.5055363 0.4662226 0.9503502 0.8446039 0.8446039 0.8446039 0.8446039 0.6542549 0.6542549 0.5939308 0.6155323 0.6155323 0.6068146 0.6283732 0.6059095 0.6059095 0.6059095 
Mlig.23614 0.8888914 0.8888914 0.9960785 0.9960785 0.6393473 0.9555591 0.8582168 0.8582168 0.8582168 0.6776695 0.6776695 0.6776695 0.0000000 0.0000010 0.0000010 0.9862731 0.9252380 0.9069069 0.9393439 0.9604211 0.9604211 0.9604211 0.9604211 0.6393473 0.6393473 0.6522318 0.6871313 0.7220044 0.7220044 0.7220044 0.9011038 0.8285745 0.9862731 1.0355661 0.9011038 0.8285745 0.7215649 1.2086110 1.2086110 1.2086110 1.2086110 0.8178284 0.8178284 0.7264001 0.7516257 0.7516257 0.6689072 0.6976654 0.7910313 0.7910313 0.7910313 
Mlig.36017 0.8888914 0.8888914 0.9960785 0.9960785 0.6393473 0.9555591 0.8582168 0.8582168 0.8582168 0.6776695 0.6776695 0.6776695 0.0000010 0.0000000 0.0000010 0.9862731 0.9252380 0.9069069 0.9393439 0.9604211 0.9604211 0.9604211 0.9604211 0.6393473 0.6393473 0.6522318 0.6871313 0.7220044 0.7220044 0.7220044 0.9011038 0.8285745 0.9862731 1.0355661 0.9011038 0.8285745 0.7215649 1.2086110 1.2086110 1.2086110 1.2086110 0.8178284 0.8178284 0.7264001 0.7516257 0.7516257 0.6689072 0.6976654 0.7910313 0.7910313 0.7910313 
Mlig.23613 0.8888914 0.8888914 0.9960785 0.9960785 0.6393473 0.9555591 0.8582168 0.8582168 0.8582168 0.6776695 0.6776695 0.6776695 0.0000010 0.0000010 0.0000000 0.9862731 0.9252380 0.9069069 0.9393439 0.9604211 0.9604211 0.9604211 0.9604211 0.6393473 0.6393473 0.6522318 0.6871313 0.7220044 0.7220044 0.7220044 0.9011038 0.8285745 0.9862731 1.0355661 0.9011038 0.8285745 0.7215649 1.2086110 1.2086110 1.2086110 1.2086110 0.8178284 0.8178284 0.7264001 0.7516257 0.7516257 0.6689072 0.6976654 0.7910313 0.7910313 0.7910313 
Mlig.16247 0.8229431 0.8229431 0.8698980 0.8698980 0.7461809 0.9120416 1.0271618 1.0271618 1.0271618 0.9338072 0.9338072 0.9338072 0.9862731 0.9862731 0.9862731 0.0000000 1.0331080 0.9540148 0.8897417 0.7917730 0.7917730 0.7917730 0.7917730 0.7461809 0.7461809 0.8100960 0.8504871 0.7725897 0.7725897 0.7725897 0.8543994 1.0244975 0.0000010 0.0152436 0.8543994 1.0244975 0.9464842 0.7617677 0.7617677 0.7617677 0.7617677 1.3045748 1.3045748 0.9675382 0.9833092 0.9833092 0.7366993 0.7583897 0.6811096 0.6811096 0.6811096 
Mlig.6419  0.8435138 0.8435138 0.8532266 0.8532266 0.6657435 0.7556649 0.9714370 0.9714370 0.9714370 0.7714348 0.7714348 0.7714348 0.9252380 0.9252380 0.9252380 1.0331080 0.0000000 0.0491467 0.7186896 0.7013674 0.7013674 0.7013674 0.7013674 0.6657435 0.6657435 0.8698854 0.9096745 0.6734389 0.6734389 0.6734389 0.6584979 0.8485788 1.0331080 0.9796676 0.6584979 0.8485788 0.8168592 0.9751177 0.9751177 0.9751177 0.9751177 0.7260730 0.7260730 0.6482213 0.6149123 0.6149123 0.4234053 0.4510297 0.8370982 0.8370982 0.8370982 
Mlig.7589  0.8470594 0.8470594 0.8885929 0.8885929 0.6692076 0.8211113 0.9417876 0.9417876 0.9417876 0.7573285 0.7573285 0.7573285 0.9069069 0.9069069 0.9069069 0.9540148 0.0491467 0.0000000 0.7822354 0.6885573 0.6885573 0.6885573 0.6885573 0.6692076 0.6692076 0.8982004 0.9384490 0.6608951 0.6608951 0.6608951 0.6825856 0.8757889 0.9540148 1.0003680 0.6825856 0.8757889 0.8405789 0.9762295 0.9762295 0.9762295 0.9762295 0.7289055 0.7289055 0.6737426 0.6402171 0.6402171 0.4622545 0.4922413 0.8389105 0.8389105 0.8389105 
Mlig.46415 0.8888222 0.8888222 0.8076137 0.8076137 0.6572601 0.0161704 0.9850027 0.9850027 0.9850027 0.7390710 0.7390710 0.7390710 0.9393439 0.9393439 0.9393439 0.8897417 0.7186896 0.7822354 0.0000000 0.7272882 0.7272882 0.7272882 0.7272882 0.6572601 0.6572601 0.6811519 0.7188273 0.7283410 0.7283410 0.7283410 0.6964618 0.7720190 0.8897417 0.9149684 0.6964618 0.7720190 0.8884538 0.9345242 0.9345242 0.9345242 0.9345242 0.8713590 0.8713590 0.7792856 0.7418057 0.7418057 0.7339923 0.7805846 0.7268855 0.7268855 0.7268855 
Mlig.13638 0.8735373 0.8735373 0.6277045 0.6277045 0.4118239 0.7469267 0.5496593 0.5496593 0.5496593 0.4988779 0.4988779 0.4988779 0.9604211 0.9604211 0.9604211 0.7917730 0.7013674 0.6885573 0.7272882 0.0000000 0.0000010 0.0000010 0.0000010 0.4118239 0.4118239 0.7472117 0.7092509 0.5705171 0.5705171 0.5705171 0.4240503 0.7068375 0.7917730 0.8327545 0.4240503 0.7068375 0.8826997 0.7831763 0.7831763 0.7831763 0.7831763 0.7849816 0.7849816 0.7052781 0.7200312 0.7200312 0.5199271 0.5397661 0.4696823 0.4696823 0.4696823 
Mlig.13639 0.8735373 0.8735373 0.6277045 0.6277045 0.4118239 0.7469267 0.5496593 0.5496593 0.5496593 0.4988779 0.4988779 0.4988779 0.9604211 0.9604211 0.9604211 0.7917730 0.7013674 0.6885573 0.7272882 0.0000010 0.0000000 0.0000010 0.0000010 0.4118239 0.4118239 0.7472117 0.7092509 0.5705171 0.5705171 0.5705171 0.4240503 0.7068375 0.7917730 0.8327545 0.4240503 0.7068375 0.8826997 0.7831763 0.7831763 0.7831763 0.7831763 0.7849816 0.7849816 0.7052781 0.7200312 0.7200312 0.5199271 0.5397661 0.4696823 0.4696823 0.4696823 
Mlig.13643 0.8735373 0.8735373 0.6277045 0.6277045 0.4118239 0.7469267 0.5496593 0.5496593 0.5496593 0.4988779 0.4988779 0.4988779 0.9604211 0.9604211 0.9604211 0.7917730 0.7013674 0.6885573 0.7272882 0.0000010 0.0000010 0.0000000 0.0000010 0.4118239 0.4118239 0.7472117 0.7092509 0.5705171 0.5705171 0.5705171 0.4240503 0.7068375 0.7917730 0.8327545 0.4240503 0.7068375 0.8826997 0.7831763 0.7831763 0.7831763 0.7831763 0.7849816 0.7849816 0.7052781 0.7200312 0.7200312 0.5199271 0.5397661 0.4696823 0.4696823 0.4696823 
Mlig.21912 0.8735373 0.8735373 0.6277045 0.6277045 0.4118239 0.7469267 0.5496593 0.5496593 0.5496593 0.4988779 0.4988779 0.4988779 0.9604211 0.9604211 0.9604211 0.7917730 0.7013674 0.6885573 0.7272882 0.0000010 0.0000010 0.0000010 0.0000000 0.4118239 0.4118239 0.7472117 0.7092509 0.5705171 0.5705171 0.5705171 0.4240503 0.7068375 0.7917730 0.8327545 0.4240503 0.7068375 0.8826997 0.7831763 0.7831763 0.7831763 0.7831763 0.7849816 0.7849816 0.7052781 0.7200312 0.7200312 0.5199271 0.5397661 0.4696823 0.4696823 0.4696823 
Mlig.38330 0.7730538 0.7730538 0.5901805 0.5901805 0.0000010 0.6562979 0.4992967 0.4992967 0.4992967 0.4029022 0.4029022 0.4029022 0.6393473 0.6393473 0.6393473 0.7461809 0.6657435 0.6692076 0.6572601 0.4118239 0.4118239 0.4118239 0.4118239 0.0000000 0.0000010 0.5331001 0.5652643 0.4997024 0.4997024 0.4997024 0.3562318 0.5966959 0.7461809 0.7676935 0.3562318 0.5966959 0.7671084 0.6830422 0.6830422 0.6830422 0.6830422 0.5450526 0.5450526 0.4918725 0.4842995 0.4842995 0.3704438 0.4035837 0.3462165 0.3462165 0.3462165 
Mlig.38331 0.7730538 0.7730538 0.5901805 0.5901805 0.0000010 0.6562979 0.4992967 0.4992967 0.4992967 0.4029022 0.4029022 0.4029022 0.6393473 0.6393473 0.6393473 0.7461809 0.6657435 0.6692076 0.6572601 0.4118239 0.4118239 0.4118239 0.4118239 0.0000010 0.0000000 0.5331001 0.5652643 0.4997024 0.4997024 0.4997024 0.3562318 0.5966959 0.7461809 0.7676935 0.3562318 0.5966959 0.7671084 0.6830422 0.6830422 0.6830422 0.6830422 0.5450526 0.5450526 0.4918725 0.4842995 0.4842995 0.3704438 0.4035837 0.3462165 0.3462165 0.3462165 
Mlig.29736 0.8042469 0.8042469 0.8245722 0.8245722 0.5331001 0.6923711 0.6316517 0.6316517 0.6316517 0.7324914 0.7324914 0.7324914 0.6522318 0.6522318 0.6522318 0.8100960 0.8698854 0.8982004 0.6811519 0.7472117 0.7472117 0.7472117 0.7472117 0.5331001 0.5331001 0.0000000 0.0154403 0.5470663 0.5470663 0.5470663 0.6517119 0.4013213 0.8100960 0.8090391 0.6517119 0.4013213 0.5587339 1.1603929 1.1603929 1.1603929 1.1603929 0.9520876 0.9520876 0.7511389 0.7765673 0.7765673 0.5616728 0.5525161 0.7194108 0.7194108 0.7194108 
Mlig.31377 0.8449691 0.8449691 0.7832675 0.7832675 0.5652643 0.7308012 0.5979612 0.5979612 0.5979612 0.7713080 0.7713080 0.7713080 0.6871313 0.6871313 0.6871313 0.8504871 0.9096745 0.9384490 0.7188273 0.7092509 0.7092509 0.7092509 0.7092509 0.5652643 0.5652643 0.0154403 0.0000000 0.5788656 0.5788656 0.5788656 0.6891767 0.4310397 0.8504871 0.8493666 0.6891767 0.4310397 0.5921970 1.1061289 1.1061289 1.1061289 1.1061289 0.9045992 0.9045992 0.7121684 0.7369142 0.7369142 0.5940463 0.5843403 0.6836032 0.6836032 0.6836032 
Mlig.21842 0.7281719 0.7281719 0.7671207 0.7671207 0.4997024 0.7463721 0.7847556 0.7847556 0.7847556 0.6225979 0.6225979 0.6225979 0.7220044 0.7220044 0.7220044 0.7725897 0.6734389 0.6608951 0.7283410 0.5705171 0.5705171 0.5705171 0.5705171 0.4997024 0.4997024 0.5470663 0.5788656 0.0000000 0.0000010 0.0000010 0.6691564 0.7702071 0.7725897 0.8118832 0.6691564 0.7702071 0.6451202 0.8930375 0.8930375 0.8930375 0.8930375 0.6358851 0.6358851 0.7302685 0.7452815 0.7452815 0.5116743 0.5305647 0.5393428 0.5393428 0.5393428 
Mlig.36697 0.7281719 0.7281719 0.7671207 0.7671207 0.4997024 0.7463721 0.7847556 0.7847556 0.7847556 0.6225979 0.6225979 0.6225979 0.7220044 0.7220044 0.7220044 0.7725897 0.6734389 0.6608951 0.7283410 0.5705171 0.5705171 0.5705171 0.5705171 0.4997024 0.4997024 0.5470663 0.5788656 0.0000010 0.0000000 0.0000010 0.6691564 0.7702071 0.7725897 0.8118832 0.6691564 0.7702071 0.6451202 0.8930375 0.8930375 0.8930375 0.8930375 0.6358851 0.6358851 0.7302685 0.7452815 0.7452815 0.5116743 0.5305647 0.5393428 0.5393428 0.5393428 
Mlig.36699 0.7281719 0.7281719 0.7671207 0.7671207 0.4997024 0.7463721 0.7847556 0.7847556 0.7847556 0.6225979 0.6225979 0.6225979 0.7220044 0.7220044 0.7220044 0.7725897 0.6734389 0.6608951 0.7283410 0.5705171 0.5705171 0.5705171 0.5705171 0.4997024 0.4997024 0.5470663 0.5788656 0.0000010 0.0000010 0.0000000 0.6691564 0.7702071 0.7725897 0.8118832 0.6691564 0.7702071 0.6451202 0.8930375 0.8930375 0.8930375 0.8930375 0.6358851 0.6358851 0.7302685 0.7452815 0.7452815 0.5116743 0.5305647 0.5393428 0.5393428 0.5393428 
Mlig.16048 0.7946773 0.7946773 0.5822217 0.5822217 0.3562318 0.7291753 0.6528875 0.6528875 0.6528875 0.5055363 0.5055363 0.5055363 0.9011038 0.9011038 0.9011038 0.8543994 0.6584979 0.6825856 0.6964618 0.4240503 0.4240503 0.4240503 0.4240503 0.3562318 0.3562318 0.6517119 0.6891767 0.6691564 0.6691564 0.6691564 0.0000000 0.4892363 0.8543994 0.8534840 0.0000010 0.4892363 0.8651628 0.8102875 0.8102875 0.8102875 0.8102875 0.7687757 0.7687757 0.6926647 0.6805009 0.6805009 0.5072787 0.5305249 0.6439317 0.6439317 0.6439317 
Mlig.37509 1.1850724 1.1850724 0.7715204 0.7715204 0.5966959 0.8126783 0.7293231 0.7293231 0.7293231 0.4662226 0.4662226 0.4662226 0.8285745 0.8285745 0.8285745 1.0244975 0.8485788 0.8757889 0.7720190 0.7068375 0.7068375 0.7068375 0.7068375 0.5966959 0.5966959 0.4013213 0.4310397 0.7702071 0.7702071 0.7702071 0.4892363 0.0000000 1.0244975 1.0227318 0.4892363 0.0000010 0.7674654 0.8939004 0.8939004 0.8939004 0.8939004 0.8686855 0.8686855 0.8232954 0.8500902 0.8500902 0.6448668 0.6345824 0.6605048 0.6605048 0.6605048 
Mlig.16244 0.8229431 0.8229431 0.8698980 0.8698980 0.7461809 0.9120416 1.0271618 1.0271618 1.0271618 0.9338072 0.9338072 0.9338072 0.9862731 0.9862731 0.9862731 0.0000010 1.0331080 0.9540148 0.8897417 0.7917730 0.7917730 0.7917730 0.7917730 0.7461809 0.7461809 0.8100960 0.8504871 0.7725897 0.7725897 0.7725897 0.8543994 1.0244975 0.0000000 0.0152436 0.8543994 1.0244975 0.9464842 0.7617677 0.7617677 0.7617677 0.7617677 1.3045748 1.3045748 0.9675382 0.9833092 0.9833092 0.7366993 0.7583897 0.6811096 0.6811096 0.6811096 
Mlig.36700 0.8648886 0.8648886 0.8608036 0.8608036 0.7676935 0.9380885 1.0796581 1.0796581 1.0796581 0.9812173 0.9812173 0.9812173 1.0355661 1.0355661 1.0355661 0.0152436 0.9796676 1.0003680 0.9149684 0.8327545 0.8327545 0.8327545 0.8327545 0.7676935 0.7676935 0.8090391 0.8493666 0.8118832 0.8118832 0.8118832 0.8534840 1.0227318 0.0152436 0.0000000 0.8534840 1.0227318 0.9501265 0.7830084 0.7830084 0.7830084 0.7830084 1.3400787 1.3400787 0.9660655 0.9817623 0.9817623 0.7078008 0.7285792 0.7011317 0.7011317 0.7011317 
Mlig.21407 0.7946773 0.7946773 0.5822217 0.5822217 0.3562318 0.7291753 0.6528875 0.6528875 0.6528875 0.5055363 0.5055363 0.5055363 0.9011038 0.9011038 0.9011038 0.8543994 0.6584979 0.6825856 0.6964618 0.4240503 0.4240503 0.4240503 0.4240503 0.3562318 0.3562318 0.6517119 0.6891767 0.6691564 0.6691564 0.6691564 0.0000010 0.4892363 0.8543994 0.8534840 0.0000000 0.4892363 0.8651628 0.8102875 0.8102875 0.8102875 0.8102875 0.7687757 0.7687757 0.6926647 0.6805009 0.6805009 0.5072787 0.5305249 0.6439317 0.6439317 0.6439317 
Mlig.37511 1.1850724 1.1850724 0.7715204 0.7715204 0.5966959 0.8126783 0.7293231 0.7293231 0.7293231 0.4662226 0.4662226 0.4662226 0.8285745 0.8285745 0.8285745 1.0244975 0.8485788 0.8757889 0.7720190 0.7068375 0.7068375 0.7068375 0.7068375 0.5966959 0.5966959 0.4013213 0.4310397 0.7702071 0.7702071 0.7702071 0.4892363 0.0000010 1.0244975 1.0227318 0.4892363 0.0000000 0.7674654 0.8939004 0.8939004 0.8939004 0.8939004 0.8686855 0.8686855 0.8232954 0.8500902 0.8500902 0.6448668 0.6345824 0.6605048 0.6605048 0.6605048 
Mlig.45994 0.8563086 0.8563086 0.9583894 0.9583894 0.7671084 0.9121467 1.1327588 1.1327588 1.1327588 0.9503502 0.9503502 0.9503502 0.7215649 0.7215649 0.7215649 0.9464842 0.8168592 0.8405789 0.8884538 0.8826997 0.8826997 0.8826997 0.8826997 0.7671084 0.7671084 0.5587339 0.5921970 0.6451202 0.6451202 0.6451202 0.8651628 0.7674654 0.9464842 0.9501265 0.8651628 0.7674654 0.0000000 1.1489823 1.1489823 1.1489823 1.1489823 1.1949949 1.1949949 0.8693736 0.9083029 0.9083029 0.6454262 0.6731744 0.9128993 0.9128993 0.9128993 
Mlig.27260 1.2207031 1.2207031 1.0436392 1.0436392 0.6830422 0.9585774 0.8793302 0.8793302 0.8793302 0.8446039 0.8446039 0.8446039 1.2086110 1.2086110 1.2086110 0.7617677 0.9751177 0.9762295 0.9345242 0.7831763 0.7831763 0.7831763 0.7831763 0.6830422 0.6830422 1.1603929 1.1061289 0.8930375 0.8930375 0.8930375 0.8102875 0.8939004 0.7617677 0.7830084 0.8102875 0.8939004 1.1489823 0.0000000 0.0000010 0.0000010 0.0000010 1.0734428 1.0734428 0.9220782 0.8934844 0.8934844 0.7962573 0.8338691 0.4995068 0.4995068 0.4995068 
Mlig.29737 1.2207031 1.2207031 1.0436392 1.0436392 0.6830422 0.9585774 0.8793302 0.8793302 0.8793302 0.8446039 0.8446039 0.8446039 1.2086110 1.2086110 1.2086110 0.7617677 0.9751177 0.9762295 0.9345242 0.7831763 0.7831763 0.7831763 0.7831763 0.6830422 0.6830422 1.1603929 1.1061289 0.8930375 0.8930375 0.8930375 0.8102875 0.8939004 0.7617677 0.7830084 0.8102875 0.8939004 1.1489823 0.0000010 0.0000000 0.0000010 0.0000010 1.0734428 1.0734428 0.9220782 0.8934844 0.8934844 0.7962573 0.8338691 0.4995068 0.4995068 0.4995068 
Mlig.31378 1.2207031 1.2207031 1.0436392 1.0436392 0.6830422 0.9585774 0.8793302 0.8793302 0.8793302 0.8446039 0.8446039 0.8446039 1.2086110 1.2086110 1.2086110 0.7617677 0.9751177 0.9762295 0.9345242 0.7831763 0.7831763 0.7831763 0.7831763 0.6830422 0.6830422 1.1603929 1.1061289 0.8930375 0.8930375 0.8930375 0.8102875 0.8939004 0.7617677 0.7830084 0.8102875 0.8939004 1.1489823 0.0000010 0.0000010 0.0000000 0.0000010 1.0734428 1.0734428 0.9220782 0.8934844 0.8934844 0.7962573 0.8338691 0.4995068 0.4995068 0.4995068 
Mlig.43249 1.2207031 1.2207031 1.0436392 1.0436392 0.6830422 0.9585774 0.8793302 0.8793302 0.8793302 0.8446039 0.8446039 0.8446039 1.2086110 1.2086110 1.2086110 0.7617677 0.9751177 0.9762295 0.9345242 0.7831763 0.7831763 0.7831763 0.7831763 0.6830422 0.6830422 1.1603929 1.1061289 0.8930375 0.8930375 0.8930375 0.8102875 0.8939004 0.7617677 0.7830084 0.8102875 0.8939004 1.1489823 0.0000010 0.0000010 0.0000010 0.0000000 1.0734428 1.0734428 0.9220782 0.8934844 0.8934844 0.7962573 0.8338691 0.4995068 0.4995068 0.4995068 
Mlig.39470 1.1801110 1.1801110 0.9269086 0.9269086 0.5450526 0.9092112 0.7104393 0.7104393 0.7104393 0.6542549 0.6542549 0.6542549 0.8178284 0.8178284 0.8178284 1.3045748 0.7260730 0.7289055 0.8713590 0.7849816 0.7849816 0.7849816 0.7849816 0.5450526 0.5450526 0.9520876 0.9045992 0.6358851 0.6358851 0.6358851 0.7687757 0.8686855 1.3045748 1.3400787 0.7687757 0.8686855 1.1949949 1.0734428 1.0734428 1.0734428 1.0734428 0.0000000 0.0000010 0.5092182 0.5298875 0.5298875 0.5474334 0.5714013 0.7098835 0.7098835 0.7098835 
Mlig.39471 1.1801110 1.1801110 0.9269086 0.9269086 0.5450526 0.9092112 0.7104393 0.7104393 0.7104393 0.6542549 0.6542549 0.6542549 0.8178284 0.8178284 0.8178284 1.3045748 0.7260730 0.7289055 0.8713590 0.7849816 0.7849816 0.7849816 0.7849816 0.5450526 0.5450526 0.9520876 0.9045992 0.6358851 0.6358851 0.6358851 0.7687757 0.8686855 1.3045748 1.3400787 0.7687757 0.8686855 1.1949949 1.0734428 1.0734428 1.0734428 1.0734428 0.0000010 0.0000000 0.5092182 0.5298875 0.5298875 0.5474334 0.5714013 0.7098835 0.7098835 0.7098835 
Mlig.41662 0.8947025 0.8947025 0.7674682 0.7674682 0.4918725 0.8013751 0.5506737 0.5506737 0.5506737 0.5939308 0.5939308 0.5939308 0.7264001 0.7264001 0.7264001 0.9675382 0.6482213 0.6737426 0.7792856 0.7052781 0.7052781 0.7052781 0.7052781 0.4918725 0.4918725 0.7511389 0.7121684 0.7302685 0.7302685 0.7302685 0.6926647 0.8232954 0.9675382 0.9660655 0.6926647 0.8232954 0.8693736 0.9220782 0.9220782 0.9220782 0.9220782 0.5092182 0.5092182 0.0000000 0.0157086 0.0157086 0.5119193 0.5348422 0.6476269 0.6476269 0.6476269 
Mlig.41661 0.9340586 0.9340586 0.7830478 0.7830478 0.4842995 0.7633154 0.5699664 0.5699664 0.5699664 0.6155323 0.6155323 0.6155323 0.7516257 0.7516257 0.7516257 0.9833092 0.6149123 0.6402171 0.7418057 0.7200312 0.7200312 0.7200312 0.7200312 0.4842995 0.4842995 0.7765673 0.7369142 0.7452815 0.7452815 0.7452815 0.6805009 0.8500902 0.9833092 0.9817623 0.6805009 0.8500902 0.9083029 0.8934844 0.8934844 0.8934844 0.8934844 0.5298875 0.5298875 0.0157086 0.0000000 0.0000010 0.5158001 0.5508548 0.6387164 0.6387164 0.6387164 
Mlig.41663 0.9340586 0.9340586 0.7830478 0.7830478 0.4842995 0.7633154 0.5699664 0.5699664 0.5699664 0.6155323 0.6155323 0.6155323 0.7516257 0.7516257 0.7516257 0.9833092 0.6149123 0.6402171 0.7418057 0.7200312 0.7200312 0.7200312 0.7200312 0.4842995 0.4842995 0.7765673 0.7369142 0.7452815 0.7452815 0.7452815 0.6805009 0.8500902 0.9833092 0.9817623 0.6805009 0.8500902 0.9083029 0.8934844 0.8934844 0.8934844 0.8934844 0.5298875 0.5298875 0.0157086 0.0000010 0.0000000 0.5158001 0.5508548 0.6387164 0.6387164 0.6387164 
Mlig.13690 0.8282908 0.8282908 0.6448104 0.6448104 0.3704438 0.7680815 0.7808778 0.7808778 0.7808778 0.6068146 0.6068146 0.6068146 0.6689072 0.6689072 0.6689072 0.7366993 0.4234053 0.4622545 0.7339923 0.5199271 0.5199271 0.5199271 0.5199271 0.3704438 0.3704438 0.5616728 0.5940463 0.5116743 0.5116743 0.5116743 0.5072787 0.6448668 0.7366993 0.7078008 0.5072787 0.6448668 0.6454262 0.7962573 0.7962573 0.7962573 0.7962573 0.5474334 0.5474334 0.5119193 0.5158001 0.5158001 0.0000000 0.0163047 0.5940257 0.5940257 0.5940257 
Mlig.38110 0.8620562 0.8620562 0.6658521 0.6658521 0.4035837 0.8162688 0.7773097 0.7773097 0.7773097 0.6283732 0.6283732 0.6283732 0.6976654 0.6976654 0.6976654 0.7583897 0.4510297 0.4922413 0.7805846 0.5397661 0.5397661 0.5397661 0.5397661 0.4035837 0.4035837 0.5525161 0.5843403 0.5305647 0.5305647 0.5305647 0.5305249 0.6345824 0.7583897 0.7285792 0.5305249 0.6345824 0.6731744 0.8338691 0.8338691 0.8338691 0.8338691 0.5714013 0.5714013 0.5348422 0.5508548 0.5508548 0.0163047 0.0000000 0.6385011 0.6385011 0.6385011 
Mlig.48112 0.9681824 0.9681824 0.7511603 0.7511603 0.3462165 0.7443184 0.7279311 0.7279311 0.7279311 0.6059095 0.6059095 0.6059095 0.7910313 0.7910313 0.7910313 0.6811096 0.8370982 0.8389105 0.7268855 0.4696823 0.4696823 0.4696823 0.4696823 0.3462165 0.3462165 0.7194108 0.6836032 0.5393428 0.5393428 0.5393428 0.6439317 0.6605048 0.6811096 0.7011317 0.6439317 0.6605048 0.9128993 0.4995068 0.4995068 0.4995068 0.4995068 0.7098835 0.7098835 0.6476269 0.6387164 0.6387164 0.5940257 0.6385011 0.0000000 0.0000010 0.0000010 
Mlig.5389  0.9681824 0.9681824 0.7511603 0.7511603 0.3462165 0.7443184 0.7279311 0.7279311 0.7279311 0.6059095 0.6059095 0.6059095 0.7910313 0.7910313 0.7910313 0.6811096 0.8370982 0.8389105 0.7268855 0.4696823 0.4696823 0.4696823 0.4696823 0.3462165 0.3462165 0.7194108 0.6836032 0.5393428 0.5393428 0.5393428 0.6439317 0.6605048 0.6811096 0.7011317 0.6439317 0.6605048 0.9128993 0.4995068 0.4995068 0.4995068 0.4995068 0.7098835 0.7098835 0.6476269 0.6387164 0.6387164 0.5940257 0.6385011 0.0000010 0.0000000 0.0000010 
Mlig.48111 0.9681824 0.9681824 0.7511603 0.7511603 0.3462165 0.7443184 0.7279311 0.7279311 0.7279311 0.6059095 0.6059095 0.6059095 0.7910313 0.7910313 0.7910313 0.6811096 0.8370982 0.8389105 0.7268855 0.4696823 0.4696823 0.4696823 0.4696823 0.3462165 0.3462165 0.7194108 0.6836032 0.5393428 0.5393428 0.5393428 0.6439317 0.6605048 0.6811096 0.7011317 0.6439317 0.6605048 0.9128993 0.4995068 0.4995068 0.4995068 0.4995068 0.7098835 0.7098835 0.6476269 0.6387164 0.6387164 0.5940257 0.6385011 0.0000010 0.0000010 0.0000000 
