7
Smed.16165 0.0000000 1.1065917 1.6766329 1.4613586 1.4024726 1.5089466 1.7851602 
Smed.5972  1.1065917 0.0000000 1.8310231 1.6108117 1.7756777 1.9134176 2.2284088 
Smed.11051 1.6766329 1.8310231 0.0000000 0.5003587 0.7542635 0.8843438 1.3049403 
Smed.19877 1.4613586 1.6108117 0.5003587 0.0000000 0.7925191 0.8134507 1.0279261 
Smed.3121  1.4024726 1.7756777 0.7542635 0.7925191 0.0000000 0.8148057 1.1844640 
Smed.2413  1.5089466 1.9134176 0.8843438 0.8134507 0.8148057 0.0000000 0.3711286 
Smed.13892 1.7851602 2.2284088 1.3049403 1.0279261 1.1844640 0.3711286 0.0000000 
