7
Mlig.10022 0.0000000 0.0062443 0.0062446 0.5756991 0.5756991 0.6543220 0.6662105 
Mlig.10023 0.0062443 0.0000000 0.0031072 0.5647970 0.5647970 0.6424079 0.6541800 
Mlig.10024 0.0062446 0.0031072 0.0000000 0.5725913 0.5725913 0.6508777 0.6627233 
Mlig.24270 0.5756991 0.5647970 0.5725913 0.0000000 0.0000010 0.1787025 0.1877400 
Mlig.24271 0.5756991 0.5647970 0.5725913 0.0000010 0.0000000 0.1787025 0.1877400 
Mlig.2460  0.6543220 0.6424079 0.6508777 0.1787025 0.1787025 0.0000000 0.0288808 
Mlig.2461  0.6662105 0.6541800 0.6627233 0.1877400 0.1877400 0.0288808 0.0000000 
