16
Smed.18646 0.0000000 0.0200169 0.0410029 0.0406032 0.0402987 0.0410029 0.0200169 0.0405090 0.0621300 0.0826239 0.0400536 0.0626552 0.0405118 0.0000010 0.0611031 0.0614720 
Smed.15837 0.0200169 0.0000000 0.0201740 0.0199796 0.0198350 0.0201740 0.0000010 0.0199359 0.0407479 0.0609517 0.0197161 0.0410859 0.0199377 0.0200169 0.0400910 0.0403238 
Smed.21791 0.0410029 0.0201740 0.0000000 0.0409288 0.0406194 0.0000010 0.0201740 0.0408331 0.0417346 0.0832992 0.0403703 0.0631730 0.0408359 0.0410029 0.0615952 0.0619702 
Smed.7377  0.0406032 0.0199796 0.0409288 0.0000000 0.0402270 0.0409288 0.0199796 0.0255607 0.0620232 0.0824909 0.0399827 0.0625468 0.0404394 0.0406032 0.0609996 0.0613673 
Smed.2694  0.0402987 0.0198350 0.0406194 0.0402270 0.0000000 0.0406194 0.0198350 0.0401346 0.0615397 0.0818365 0.0197502 0.0620548 0.0401374 0.0402987 0.0605325 0.0199807 
Smed.12959 0.0410029 0.0201740 0.0000010 0.0409288 0.0406194 0.0000000 0.0201740 0.0408331 0.0417346 0.0832992 0.0403703 0.0631730 0.0408359 0.0410029 0.0615952 0.0619702 
Smed.14926 0.0200169 0.0000010 0.0201740 0.0199796 0.0198350 0.0201740 0.0000000 0.0199359 0.0407479 0.0609517 0.0197161 0.0410859 0.0199377 0.0200169 0.0400910 0.0403238 
Smed.10615 0.0405090 0.0199359 0.0408331 0.0255607 0.0401346 0.0408331 0.0199359 0.0000000 0.0618701 0.0822793 0.0398915 0.0623909 0.0403460 0.0405090 0.0608519 0.0612176 
Smed.227   0.0621300 0.0407479 0.0417346 0.0620232 0.0615397 0.0417346 0.0407479 0.0618701 0.0000000 0.1052368 0.0611590 0.0851243 0.0618730 0.0621300 0.0636753 0.0834835 
Smed.3124  0.0826239 0.0609517 0.0832992 0.0824909 0.0818365 0.0832992 0.0609517 0.0822793 0.1052368 0.0000000 0.0813319 0.0830967 0.0822813 0.0826239 0.1034386 0.1041026 
Smed.15926 0.0400536 0.0197161 0.0403703 0.0399827 0.0197502 0.0403703 0.0197161 0.0398915 0.0611590 0.0813319 0.0000000 0.0616678 0.0398942 0.0400536 0.0601642 0.0401501 
Smed.1830  0.0626552 0.0410859 0.0631730 0.0625468 0.0620548 0.0631730 0.0410859 0.0623909 0.0851243 0.0830967 0.0616678 0.0000000 0.0623938 0.0626552 0.0836656 0.0841972 
Smed.28037 0.0405118 0.0199377 0.0408359 0.0404394 0.0401374 0.0408359 0.0199377 0.0403460 0.0618730 0.0822813 0.0398942 0.0623938 0.0000000 0.0405118 0.0608547 0.0612204 
Smed.20192 0.0000010 0.0200169 0.0410029 0.0406032 0.0402987 0.0410029 0.0200169 0.0405090 0.0621300 0.0826239 0.0400536 0.0626552 0.0405118 0.0000000 0.0611031 0.0614720 
Smed.20222 0.0611031 0.0400910 0.0615952 0.0609996 0.0605325 0.0615952 0.0400910 0.0608519 0.0636753 0.1034386 0.0601642 0.0836656 0.0608547 0.0611031 0.0000000 0.0820821 
Smed.26085 0.0614720 0.0403238 0.0619702 0.0613673 0.0199807 0.0619702 0.0403238 0.0612176 0.0834835 0.1041026 0.0401501 0.0841972 0.0612204 0.0614720 0.0820821 0.0000000 
