13
Mlig.19517 0.0000000 0.0217955 0.6893951 0.6897524 0.6910630 0.4306363 0.4306363 0.4306363 1.0306467 1.0306467 1.0381420 1.1465147 1.1464939 
Mlig.37841 0.0217955 0.0000000 0.6608280 0.6611903 0.6624593 0.3947896 0.3947896 0.3947896 1.0198701 1.0198701 1.0273069 1.1154165 1.1153826 
Mlig.9221  0.6893951 0.6608280 0.0000000 0.0018744 0.0037641 0.5096345 0.5096345 0.5096345 1.1145476 1.1145476 1.1176134 1.2214111 1.2262902 
Mlig.9218  0.6897524 0.6611903 0.0018744 0.0000000 0.0018774 0.5095845 0.5095845 0.5095845 1.1180372 1.1180372 1.1211098 1.2196603 1.2245383 
Mlig.9220  0.6910630 0.6624593 0.0037641 0.0018774 0.0000000 0.5140459 0.5140459 0.5140459 1.1250870 1.1250870 1.1281751 1.2271970 1.2320931 
Mlig.35379 0.4306363 0.3947896 0.5096345 0.5095845 0.5140459 0.0000000 0.0000010 0.0000010 1.0330666 1.0330666 1.0377578 1.1451618 1.1502036 
Mlig.35378 0.4306363 0.3947896 0.5096345 0.5095845 0.5140459 0.0000010 0.0000000 0.0000010 1.0330666 1.0330666 1.0377578 1.1451618 1.1502036 
Mlig.35380 0.4306363 0.3947896 0.5096345 0.5095845 0.5140459 0.0000010 0.0000010 0.0000000 1.0330666 1.0330666 1.0377578 1.1451618 1.1502036 
Mlig.32095 1.0306467 1.0198701 1.1145476 1.1180372 1.1250870 1.0330666 1.0330666 1.0330666 0.0000000 0.0000010 0.0038070 0.3192713 0.3163811 
Mlig.32096 1.0306467 1.0198701 1.1145476 1.1180372 1.1250870 1.0330666 1.0330666 1.0330666 0.0000010 0.0000000 0.0038070 0.3192713 0.3163811 
Mlig.32097 1.0381420 1.0273069 1.1176134 1.1211098 1.1281751 1.0377578 1.0377578 1.0377578 0.0038070 0.0038070 0.0000000 0.3198389 0.3169454 
Mlig.46537 1.1465147 1.1154165 1.2214111 1.2196603 1.2271970 1.1451618 1.1451618 1.1451618 0.3192713 0.3192713 0.3198389 0.0000000 0.0018989 
Mlig.46538 1.1464939 1.1153826 1.2262902 1.2245383 1.2320931 1.1502036 1.1502036 1.1502036 0.3163811 0.3163811 0.3169454 0.0018989 0.0000000 
