7
Mlig.13615 0.0000000 0.0025068 0.0025068 0.0125956 0.6328748 0.6328748 0.6328748 
Mlig.13616 0.0025068 0.0000000 0.0000010 0.0100751 0.6293066 0.6293066 0.6293066 
Mlig.13617 0.0025068 0.0000010 0.0000000 0.0100751 0.6293066 0.6293066 0.6293066 
Mlig.13618 0.0125956 0.0100751 0.0100751 0.0000000 0.6300891 0.6300891 0.6300891 
Mlig.18518 0.6328748 0.6293066 0.6293066 0.6300891 0.0000000 0.0000010 0.0000010 
Mlig.17540 0.6328748 0.6293066 0.6293066 0.6300891 0.0000010 0.0000000 0.0000010 
Mlig.17542 0.6328748 0.6293066 0.6293066 0.6300891 0.0000010 0.0000010 0.0000000 
