7
Mlig.17289 0.0000000 0.0126347 0.0000010 1.0388949 1.1174059 1.2268545 1.2165977 
Mlig.17288 0.0126347 0.0000000 0.0126347 1.0554460 1.1304035 1.2281215 1.2178285 
Mlig.17290 0.0000010 0.0126347 0.0000000 1.0388949 1.1174059 1.2268545 1.2165977 
Mlig.35682 1.0388949 1.0554460 1.0388949 0.0000000 1.2411140 1.4303078 1.4185704 
Mlig.96    1.1174059 1.1304035 1.1174059 1.2411140 0.0000000 0.8744654 0.8665537 
Mlig.7440  1.2268545 1.2281215 1.2268545 1.4303078 0.8744654 0.0000000 0.0031262 
Mlig.7441  1.2165977 1.2178285 1.2165977 1.4185704 0.8665537 0.0031262 0.0000000 
