7
Mlig.4952  0.0000000 0.0000010 0.0193646 0.0193646 0.0494337 0.0494337 0.0595100 
Mlig.33320 0.0000010 0.0000000 0.0193646 0.0193646 0.0494337 0.0494337 0.0595100 
Mlig.4951  0.0193646 0.0193646 0.0000000 0.0000010 0.0291820 0.0291820 0.0390328 
Mlig.17069 0.0193646 0.0193646 0.0000010 0.0000000 0.0291820 0.0291820 0.0390328 
Mlig.1852  0.0494337 0.0494337 0.0291820 0.0291820 0.0000000 0.0000010 0.0095878 
Mlig.1855  0.0494337 0.0494337 0.0291820 0.0291820 0.0000010 0.0000000 0.0095878 
Mlig.1854  0.0595100 0.0595100 0.0390328 0.0390328 0.0095878 0.0095878 0.0000000 
