10
Hdim.6254  0.0000000 0.4153443 0.7732840 0.7004248 0.9182084 0.5201879 0.8573660 0.7101808 0.6379987 0.5583331 
Hdim.14536 0.4153443 0.0000000 0.6616115 0.5081314 0.7235024 0.4246147 0.7401904 0.5533940 0.4419914 0.4488840 
Hdim.12798 0.7732840 0.6616115 0.0000000 0.8238452 0.9083328 0.8259474 1.1373732 0.6060532 0.7018591 0.7691543 
Hdim.13690 0.7004248 0.5081314 0.8238452 0.0000000 0.7699086 0.6343883 1.1574774 0.6844564 0.6338088 0.7006542 
Hdim.1946  0.9182084 0.7235024 0.9083328 0.7699086 0.0000000 0.6691385 1.6172196 0.7778034 0.7768640 0.7107057 
Hdim.6111  0.5201879 0.4246147 0.8259474 0.6343883 0.6691385 0.0000000 0.9557615 0.6808375 0.6320009 0.6629256 
Hdim.2090  0.8573660 0.7401904 1.1373732 1.1574774 1.6172196 0.9557615 0.0000000 1.1090491 0.9770581 0.7484036 
Hdim.10439 0.7101808 0.5533940 0.6060532 0.6844564 0.7778034 0.6808375 1.1090491 0.0000000 0.6611862 0.5334149 
Hdim.8481  0.6379987 0.4419914 0.7018591 0.6338088 0.7768640 0.6320009 0.9770581 0.6611862 0.0000000 0.4318035 
Hdim.14183 0.5583331 0.4488840 0.7691543 0.7006542 0.7107057 0.6629256 0.7484036 0.5334149 0.4318035 0.0000000 
