6
Mlig.45955 0.0000000 0.0114499 0.0160518 0.4843751 0.4834536 0.4843751 
Mlig.16556 0.0114499 0.0000000 0.0114105 0.4695852 0.4686893 0.4695852 
Mlig.45954 0.0160518 0.0114105 0.0000000 0.4727536 0.4718527 0.4727536 
Mlig.48983 0.4843751 0.4695852 0.4727536 0.0000000 0.0022173 0.0000010 
Mlig.48984 0.4834536 0.4686893 0.4718527 0.0022173 0.0000000 0.0022173 
Mlig.48985 0.4843751 0.4695852 0.4727536 0.0000010 0.0022173 0.0000000 
