7
Mlig.2219  0.0000000 0.0053181 0.8359258 0.8359258 0.8179366 0.8185875 0.8160677 
Mlig.2220  0.0053181 0.0000000 0.8327398 0.8327398 0.8147136 0.8153625 0.8128509 
Mlig.23939 0.8359258 0.8327398 0.0000000 0.0000010 0.6433452 0.6401718 0.6440171 
Mlig.43076 0.8359258 0.8327398 0.0000010 0.0000000 0.6433452 0.6401718 0.6440171 
Mlig.46934 0.8179366 0.8147136 0.6433452 0.6433452 0.0000000 0.0022418 0.0007466 
Mlig.2984  0.8185875 0.8153625 0.6401718 0.6401718 0.0022418 0.0000000 0.0029902 
Mlig.40736 0.8160677 0.8128509 0.6440171 0.6440171 0.0007466 0.0029902 0.0000000 
