34
Smed.26396 0.0000000 0.1490573 0.1260233 0.0704173 0.0803270 0.1696947 0.1601597 0.0801654 0.1641689 0.1610687 0.0914904 0.1406703 0.1286842 0.1467712 0.1273840 0.1639119 0.1950760 0.1623370 0.1607881 0.1285860 0.1365124 0.1365124 0.1363979 0.1248842 0.1136699 0.1359706 0.1390341 0.0804647 0.1263281 0.2782906 0.2876057 0.3205895 0.0784775 0.0927531 
Smed.26009 0.1490573 0.0000000 0.0604065 0.1447025 0.1486689 0.1402023 0.1365549 0.1018109 0.1181697 0.0946292 0.0702695 0.1171543 0.1055919 0.0804508 0.1044676 0.1396489 0.1049470 0.0830881 0.0924001 0.1054800 0.1138262 0.1138262 0.1137067 0.0193527 0.0708570 0.0095726 0.0297790 0.0597049 0.1036614 0.2254083 0.2346799 0.2686090 0.1427107 0.1150050 
Smed.18975 0.1260233 0.0604065 0.0000000 0.1451097 0.1000845 0.1166287 0.0916087 0.0805475 0.0955342 0.0510047 0.0291720 0.0947708 0.0835400 0.0597293 0.0826008 0.1166843 0.0825848 0.0613140 0.0292545 0.0834263 0.0703809 0.0703809 0.0920579 0.0394944 0.0500783 0.0495421 0.0506476 0.0393991 0.0820037 0.1712389 0.1805051 0.2402430 0.1189649 0.0929781 
Smed.23403 0.0704173 0.1447025 0.1451097 0.0000000 0.0589059 0.1689776 0.1556733 0.1203100 0.1893214 0.1855395 0.1089752 0.1358305 0.1482167 0.1663384 0.1467722 0.1848490 0.2175524 0.1830622 0.1811828 0.1481393 0.1557485 0.1557485 0.1556442 0.1437926 0.1320867 0.1315057 0.1588645 0.0974083 0.0978548 0.3042011 0.3135543 0.3522794 0.1124882 0.1346665 
Smed.17977 0.0803270 0.1486689 0.1000845 0.0589059 0.0000000 0.1783204 0.1605799 0.1242911 0.1681157 0.1389732 0.1124779 0.1663739 0.1534258 0.1462976 0.1519066 0.1913815 0.1691141 0.1368320 0.1355774 0.1533547 0.1358357 0.1358357 0.1609633 0.1234178 0.1365446 0.1350268 0.1382102 0.1003774 0.1253657 0.2853719 0.2947657 0.3325475 0.1080257 0.1393244 
Smed.4818  0.1696947 0.1402023 0.1166287 0.1689776 0.1783204 0.0000000 0.1496111 0.1470733 0.1429940 0.1074446 0.1140221 0.1403378 0.1284643 0.1616843 0.1373454 0.1736522 0.1905844 0.1381946 0.1512750 0.1524411 0.1359245 0.1359245 0.1596776 0.1393326 0.1046531 0.1272209 0.1541529 0.1027582 0.1261339 0.2568083 0.2659319 0.2589177 0.1932626 0.1619670 
Smed.12663 0.1601597 0.1365549 0.0916087 0.1556733 0.1605799 0.1496111 0.0000000 0.1124102 0.1534484 0.1273943 0.0806781 0.1050008 0.1165571 0.1345622 0.1153575 0.1471142 0.1552928 0.1030094 0.1204091 0.1164511 0.1018867 0.1018867 0.1013115 0.1131489 0.1022512 0.1239475 0.1267039 0.0699936 0.0920021 0.2613449 0.2705246 0.3060702 0.1313043 0.1259077 
Smed.7189  0.0801654 0.1018109 0.0805475 0.1203100 0.1242911 0.1470733 0.1124102 0.0000000 0.1173960 0.1030997 0.0489110 0.0813635 0.0705917 0.1004944 0.0813077 0.1148420 0.1426771 0.1137499 0.1128455 0.0821093 0.0792354 0.0792354 0.0791278 0.0798188 0.0694576 0.0901450 0.0921319 0.0388011 0.0807302 0.2091176 0.2184009 0.2514126 0.0593343 0.0290873 
Smed.19505 0.1641689 0.1181697 0.0955342 0.1893214 0.1681157 0.1429940 0.1534484 0.1173960 0.0000000 0.0860920 0.0841565 0.1097812 0.0979298 0.1046394 0.1206269 0.1579906 0.1624455 0.1310217 0.1298660 0.1218123 0.1301279 0.1301279 0.1287537 0.0946386 0.0796360 0.1055923 0.1080243 0.0729673 0.0960743 0.2475437 0.2570310 0.2495624 0.1618204 0.1316896 
Smed.3845  0.1610687 0.0946292 0.0510047 0.1855395 0.1389732 0.1074446 0.1273943 0.1030997 0.0860920 0.0000000 0.0829403 0.0603001 0.0498275 0.0933964 0.1186259 0.1550712 0.1185356 0.0960367 0.0831377 0.1197713 0.0802468 0.0802468 0.1020943 0.0721351 0.0616545 0.0827402 0.0846281 0.0719579 0.0946183 0.2439442 0.2532361 0.2458545 0.1587096 0.1294458 
Smed.10240 0.0914904 0.0702695 0.0291720 0.1089752 0.1124779 0.1140221 0.0806781 0.0489110 0.0841565 0.0829403 0.0000000 0.0613689 0.0507115 0.0694567 0.0501007 0.0823613 0.1084869 0.0815718 0.0594609 0.0506195 0.0597984 0.0597984 0.0597042 0.0492126 0.0391659 0.0592720 0.0605843 0.0095666 0.0497768 0.1527690 0.1622144 0.2211046 0.0834582 0.0601681 
Smed.2877  0.1406703 0.1171543 0.0947708 0.1358305 0.1663739 0.1403378 0.1050008 0.0813635 0.1097812 0.0603001 0.0613689 0.0000000 0.0096006 0.1155072 0.0957309 0.1311280 0.1608119 0.1298439 0.1287155 0.0966891 0.0807328 0.0807328 0.0806224 0.0938894 0.0611835 0.1047281 0.1071152 0.0507066 0.0298354 0.2406793 0.2501050 0.2245611 0.1339477 0.1064055 
Smed.23465 0.1286842 0.1055919 0.0835400 0.1482167 0.1534258 0.1284643 0.1165571 0.0705917 0.0979298 0.0498275 0.0507115 0.0096006 0.0000000 0.1041647 0.0843616 0.1191734 0.1481596 0.1180048 0.1170219 0.0852184 0.0700759 0.0700759 0.0699727 0.0827602 0.0505669 0.0934606 0.0955885 0.0402253 0.0401760 0.2264882 0.2359476 0.2105291 0.1215815 0.0949455 
Smed.13538 0.1467712 0.0804508 0.0597293 0.1663384 0.1462976 0.1616843 0.1345622 0.1004944 0.1046394 0.0933964 0.0694567 0.1155072 0.1041647 0.0000000 0.0928081 0.1270645 0.1045106 0.1040181 0.0912294 0.0937138 0.1122892 0.1122892 0.1121717 0.0591848 0.0603050 0.0692893 0.0708143 0.0590444 0.1022908 0.1970949 0.2062957 0.2382926 0.1404780 0.1134196 
Smed.19937 0.1273840 0.1044676 0.0826008 0.1467722 0.1519066 0.1373454 0.1153575 0.0813077 0.1206269 0.1186259 0.0501007 0.0957309 0.0843616 0.0928081 0.0000000 0.0290047 0.1095456 0.0925954 0.1158151 0.0613234 0.0930751 0.0930751 0.0929573 0.0818357 0.0711918 0.0924452 0.0945352 0.0397308 0.0827937 0.1960577 0.2055511 0.2385163 0.1202795 0.0939023 
Smed.20664 0.1639119 0.1396489 0.1166843 0.1848490 0.1913815 0.1736522 0.1471142 0.1148420 0.1579906 0.1550712 0.0823613 0.1311280 0.1191734 0.1270645 0.0290047 0.0000000 0.1461019 0.1268711 0.1281669 0.0945112 0.1179141 0.1179141 0.1271487 0.1156148 0.1044459 0.1266833 0.1295645 0.0714292 0.1169673 0.2384026 0.2478398 0.2831051 0.1541607 0.1287355 
Smed.20204 0.1950760 0.1049470 0.0825848 0.2175524 0.1691141 0.1905844 0.1552928 0.1426771 0.1624455 0.1185356 0.1084869 0.1608119 0.1481596 0.1045106 0.1095456 0.1461019 0.0000000 0.0602334 0.1157336 0.1369227 0.1311860 0.1311860 0.1556874 0.0822566 0.1164986 0.0928943 0.0949985 0.0968395 0.1453776 0.2418820 0.2512232 0.2863126 0.1901163 0.1579625 
Smed.28269 0.1623370 0.0830881 0.0613140 0.1830622 0.1368320 0.1381946 0.1030094 0.1137499 0.1310217 0.0960367 0.0815718 0.1298439 0.1180048 0.1040181 0.0925954 0.1268711 0.0602334 0.0000000 0.0937480 0.1178982 0.1030678 0.1030678 0.1259397 0.0610783 0.0943419 0.0715182 0.0731433 0.0707461 0.1158375 0.2251221 0.2343553 0.2681055 0.1563801 0.1274890 
Smed.271   0.1607881 0.0924001 0.0292545 0.1811828 0.1355774 0.1512750 0.1204091 0.1128455 0.1298660 0.0831377 0.0594609 0.1287155 0.1170219 0.0912294 0.1158151 0.1281669 0.1157336 0.0937480 0.0000000 0.1169158 0.1022824 0.1022824 0.1248917 0.0704414 0.0816787 0.0808055 0.0826100 0.0702723 0.1148947 0.2024616 0.2118122 0.2751381 0.1510901 0.1264028 
Smed.26826 0.1285860 0.1054800 0.0834263 0.1481393 0.1533547 0.1524411 0.1164511 0.0821093 0.1218123 0.1197713 0.0506195 0.0966891 0.0852184 0.0937138 0.0613234 0.0945112 0.1369227 0.1178982 0.1169158 0.0000000 0.0939825 0.0939825 0.0938637 0.0826477 0.0719085 0.0933475 0.0954738 0.0401462 0.0836228 0.2022938 0.2039204 0.2200793 0.1214732 0.0948306 
Smed.11188 0.1365124 0.1138262 0.0703809 0.1557485 0.1358357 0.1359245 0.1018867 0.0792354 0.1301279 0.0802468 0.0597984 0.0807328 0.0700759 0.1122892 0.0930751 0.1179141 0.1311860 0.1030678 0.1022824 0.0939825 0.0000000 0.0000010 0.0389514 0.0913404 0.0807766 0.1018383 0.1040915 0.0494385 0.0923872 0.2323698 0.2415138 0.2752736 0.1298703 0.1034187 
Smed.23971 0.1365124 0.1138262 0.0703809 0.1557485 0.1358357 0.1359245 0.1018867 0.0792354 0.1301279 0.0802468 0.0597984 0.0807328 0.0700759 0.1122892 0.0930751 0.1179141 0.1311860 0.1030678 0.1022824 0.0939825 0.0000010 0.0000000 0.0389514 0.0913404 0.0807766 0.1018383 0.1040915 0.0494385 0.0923872 0.2323698 0.2415138 0.2752736 0.1298703 0.1034187 
Smed.26137 0.1363979 0.1137067 0.0920579 0.1556442 0.1609633 0.1596776 0.1013115 0.0791278 0.1287537 0.1020943 0.0597042 0.0806224 0.0699727 0.1121717 0.0929573 0.1271487 0.1556874 0.1259397 0.1248917 0.0938637 0.0389514 0.0389514 0.0000000 0.0912254 0.0806664 0.1017207 0.1039713 0.0493556 0.0922706 0.2323685 0.2415303 0.2753651 0.1297486 0.1032992 
Smed.8930  0.1248842 0.0193527 0.0394944 0.1437926 0.1234178 0.1393326 0.1131489 0.0798188 0.0946386 0.0721351 0.0492126 0.0938894 0.0827602 0.0591848 0.0818357 0.1156148 0.0822566 0.0610783 0.0704414 0.0826477 0.0913404 0.0913404 0.0912254 0.0000000 0.0496152 0.0095289 0.0097378 0.0390373 0.0812499 0.1969255 0.2061403 0.2381936 0.1178427 0.0921252 
Smed.15351 0.1136699 0.0708570 0.0500783 0.1320867 0.1365446 0.1046531 0.1022512 0.0694576 0.0796360 0.0616545 0.0391659 0.0611835 0.0505669 0.0603050 0.0711918 0.1044459 0.1164986 0.0943419 0.0816787 0.0719085 0.0807766 0.0807766 0.0806664 0.0496152 0.0000000 0.0597592 0.0610929 0.0291309 0.0496380 0.2079018 0.2172539 0.2218445 0.1062974 0.0814059 
Smed.12174 0.1359706 0.0095726 0.0495421 0.1315057 0.1350268 0.1272209 0.1239475 0.0901450 0.1055923 0.0827402 0.0592720 0.1047281 0.0934606 0.0692893 0.0924452 0.1266833 0.0928943 0.0715182 0.0808055 0.0933475 0.1018383 0.1018383 0.1017207 0.0095289 0.0597592 0.0000000 0.0195421 0.0489708 0.0917631 0.2095900 0.2187851 0.2515121 0.1292778 0.1027918 
Smed.21712 0.1390341 0.0297790 0.0506476 0.1588645 0.1382102 0.1541529 0.1267039 0.0921319 0.1080243 0.0846281 0.0605843 0.1071152 0.0955885 0.0708143 0.0945352 0.1295645 0.0949985 0.0731433 0.0826100 0.0954738 0.1040915 0.1040915 0.1039713 0.0097378 0.0610929 0.0195421 0.0000000 0.0500509 0.0938195 0.2145297 0.2238741 0.2574235 0.1323090 0.1051032 
Smed.26021 0.0804647 0.0597049 0.0393991 0.0974083 0.1003774 0.1027582 0.0699936 0.0388011 0.0729673 0.0719579 0.0095666 0.0507066 0.0402253 0.0590444 0.0397308 0.0714292 0.0968395 0.0707461 0.0702723 0.0401462 0.0494385 0.0494385 0.0493556 0.0390373 0.0291309 0.0489708 0.0500509 0.0000000 0.0394827 0.1666954 0.1761334 0.2071229 0.0721315 0.0497046 
Smed.26733 0.1263281 0.1036614 0.0820037 0.0978548 0.1253657 0.1261339 0.0920021 0.0807302 0.0960743 0.0946183 0.0497768 0.0298354 0.0401760 0.1022908 0.0827937 0.1169673 0.1453776 0.1158375 0.1148947 0.0836228 0.0923872 0.0923872 0.0922706 0.0812499 0.0496380 0.0917631 0.0938195 0.0394827 0.0000000 0.2221963 0.2315416 0.2065021 0.1192629 0.0931964 
Smed.40    0.2782906 0.2254083 0.1712389 0.3042011 0.2853719 0.2568083 0.2613449 0.2091176 0.2475437 0.2439442 0.1527690 0.2406793 0.2264882 0.1970949 0.1960577 0.2384026 0.2418820 0.2251221 0.2024616 0.2022938 0.2323698 0.2323698 0.2323685 0.1969255 0.2079018 0.2095900 0.2145297 0.1666954 0.2221963 0.0000000 0.0192223 0.0609329 0.2637770 0.2277743 
Smed.6486  0.2876057 0.2346799 0.1805051 0.3135543 0.2947657 0.2659319 0.2705246 0.2184009 0.2570310 0.2532361 0.1622144 0.2501050 0.2359476 0.2062957 0.2055511 0.2478398 0.2512232 0.2343553 0.2118122 0.2039204 0.2415138 0.2415138 0.2415303 0.2061403 0.2172539 0.2187851 0.2238741 0.1761334 0.2315416 0.0192223 0.0000000 0.0611225 0.2738747 0.2372363 
Smed.27907 0.3205895 0.2686090 0.2402430 0.3522794 0.3325475 0.2589177 0.3060702 0.2514126 0.2495624 0.2458545 0.2211046 0.2245611 0.2105291 0.2382926 0.2385163 0.2831051 0.2863126 0.2681055 0.2751381 0.2200793 0.2752736 0.2752736 0.2753651 0.2381936 0.2218445 0.2515121 0.2574235 0.2071229 0.2065021 0.0609329 0.0611225 0.0000000 0.3132234 0.2720242 
Smed.13750 0.0784775 0.1427107 0.1189649 0.1124882 0.1080257 0.1932626 0.1313043 0.0593343 0.1618204 0.1587096 0.0834582 0.1339477 0.1215815 0.1404780 0.1202795 0.1541607 0.1901163 0.1563801 0.1510901 0.1214732 0.1298703 0.1298703 0.1297486 0.1178427 0.1062974 0.1292778 0.1323090 0.0721315 0.1192629 0.2637770 0.2738747 0.3132234 0.0000000 0.0714058 
Smed.21763 0.0927531 0.1150050 0.0929781 0.1346665 0.1393244 0.1619670 0.1259077 0.0290873 0.1316896 0.1294458 0.0601681 0.1064055 0.0949455 0.1134196 0.0939023 0.1287355 0.1579625 0.1274890 0.1264028 0.0948306 0.1034187 0.1034187 0.1032992 0.0921252 0.0814059 0.1027918 0.1051032 0.0497046 0.0931964 0.2277743 0.2372363 0.2720242 0.0714058 0.0000000 
