18
Mcor.2980  0.0000000 0.9008623 0.9401922 0.7500304 0.9350670 1.0571251 0.8987755 0.6636247 1.2455849 0.7515960 0.8293520 1.0125749 0.8703173 0.9330696 0.8607657 3.8941389 0.6380516 1.2853368 
Mcor.13718 0.9008623 0.0000000 0.3807871 0.5321346 0.3263736 0.4264548 0.4174060 0.3418396 0.5086339 0.5861877 0.3380869 0.4701906 0.3215223 0.2520241 0.2690005 2.4873556 0.2928079 0.7504004 
Mcor.12926 0.9401922 0.3807871 0.0000000 0.4726692 0.3621961 0.3349126 0.3214045 0.2584315 0.3538723 0.6217999 0.2811753 0.3063642 0.2444021 0.2506890 0.2134693 2.0326488 0.2522024 0.6779357 
Mcor.12133 0.7500304 0.5321346 0.4726692 0.0000000 0.4154239 0.3563195 0.4199013 0.4208412 0.5932755 0.6403725 0.3813140 0.4165295 0.3946359 0.3824067 0.3450518 2.8963079 0.2918027 0.6591871 
Mcor.2724  0.9350670 0.3263736 0.3621961 0.4154239 0.0000000 0.3511409 0.3277685 0.2570591 0.4801489 0.7055765 0.2230890 0.3743293 0.2220779 0.2789572 0.2395849 2.1485427 0.1495797 0.4387705 
Mcor.4150  1.0571251 0.4264548 0.3349126 0.3563195 0.3511409 0.0000000 0.2880819 0.3013579 0.3738269 0.5515496 0.2981234 0.4181931 0.2035057 0.1862334 0.1980745 2.2098421 0.2551692 0.6806760 
Mcor.9876  0.8987755 0.4174060 0.3214045 0.4199013 0.3277685 0.2880819 0.0000000 0.1187102 0.3453294 0.4435862 0.2161571 0.3282977 0.2350126 0.2268309 0.2622439 2.2631963 0.1455877 0.5056559 
Mcor.6548  0.6636247 0.3418396 0.2584315 0.4208412 0.2570591 0.3013579 0.1187102 0.0000000 0.3233174 0.4404119 0.1515873 0.2609549 0.1691328 0.2498319 0.1945194 1.9664402 0.0858617 0.4443450 
Mcor.11471 1.2455849 0.5086339 0.3538723 0.5932755 0.4801489 0.3738269 0.3453294 0.3233174 0.0000000 0.5474832 0.3640389 0.5427696 0.3133893 0.3826171 0.2368672 2.1922671 0.2736977 0.6161056 
Mcor.8632  0.7515960 0.5861877 0.6217999 0.6403725 0.7055765 0.5515496 0.4435862 0.4404119 0.5474832 0.0000000 0.5635478 0.7647128 0.4587946 0.6267449 0.4891791 3.1539618 0.4520945 0.8628455 
Mcor.10590 0.8293520 0.3380869 0.2811753 0.3813140 0.2230890 0.2981234 0.2161571 0.1515873 0.3640389 0.5635478 0.0000000 0.2982323 0.1778616 0.2473114 0.1925385 2.0359598 0.0872984 0.4521747 
Mcor.12918 1.0125749 0.4701906 0.3063642 0.4165295 0.3743293 0.4181931 0.3282977 0.2609549 0.5427696 0.7647128 0.2982323 0.0000000 0.2466257 0.3575644 0.2653095 2.2339889 0.2545939 0.7449029 
Mcor.12024 0.8703173 0.3215223 0.2444021 0.3946359 0.2220779 0.2035057 0.2350126 0.1691328 0.3133893 0.4587946 0.1778616 0.2466257 0.0000000 0.2361994 0.1203620 1.9114940 0.1430479 0.4589503 
Mcor.9925  0.9330696 0.2520241 0.2506890 0.3824067 0.2789572 0.1862334 0.2268309 0.2498319 0.3826171 0.6267449 0.2473114 0.3575644 0.2361994 0.0000000 0.1862060 2.2845220 0.2085949 0.5831709 
Mcor.13946 0.8607657 0.2690005 0.2134693 0.3450518 0.2395849 0.1980745 0.2622439 0.1945194 0.2368672 0.4891791 0.1925385 0.2653095 0.1203620 0.1862060 0.0000000 1.7700743 0.1552989 0.5312230 
Mcor.7554  3.8941389 2.4873556 2.0326488 2.8963079 2.1485427 2.2098421 2.2631963 1.9664402 2.1922671 3.1539618 2.0359598 2.2339889 1.9114940 2.2845220 1.7700743 0.0000000 1.8842428 2.6651475 
Mcor.8272  0.6380516 0.2928079 0.2522024 0.2918027 0.1495797 0.2551692 0.1455877 0.0858617 0.2736977 0.4520945 0.0872984 0.2545939 0.1430479 0.2085949 0.1552989 1.8842428 0.0000000 0.3061056 
Mcor.12764 1.2853368 0.7504004 0.6779357 0.6591871 0.4387705 0.6806760 0.5056559 0.4443450 0.6161056 0.8628455 0.4521747 0.7449029 0.4589503 0.5831709 0.5312230 2.6651475 0.3061056 0.0000000 
