6
Mcor.10068 0.0000000 0.3264828 0.4257282 0.3455693 0.3215365 0.9144029 
Mcor.11690 0.3264828 0.0000000 0.3351088 0.2623830 0.3310620 0.8657080 
Mcor.11061 0.4257282 0.3351088 0.0000000 0.2768474 0.3452321 0.8438871 
Mcor.13329 0.3455693 0.2623830 0.2768474 0.0000000 0.2964852 0.7922859 
Mcor.5321  0.3215365 0.3310620 0.3452321 0.2964852 0.0000000 0.8717678 
Mcor.8417  0.9144029 0.8657080 0.8438871 0.7922859 0.8717678 0.0000000 
