8
Mlig.3385  0.0000000 0.5741002 0.5741002 0.5741002 0.0114365 0.0022695 0.3836012 0.3795855 
Mlig.41848 0.5741002 0.0000000 0.0000010 0.0000010 0.5929485 0.5786427 0.3377996 0.3341227 
Mlig.41849 0.5741002 0.0000010 0.0000000 0.0000010 0.5929485 0.5786427 0.3377996 0.3341227 
Mlig.41850 0.5741002 0.0000010 0.0000010 0.0000000 0.5929485 0.5786427 0.3377996 0.3341227 
Mlig.21773 0.0114365 0.5929485 0.5929485 0.5929485 0.0000000 0.0091412 0.4037664 0.3996700 
Mlig.31229 0.0022695 0.5786427 0.5786427 0.5786427 0.0091412 0.0000000 0.3873681 0.3833385 
Mlig.3386  0.3836012 0.3377996 0.3377996 0.3377996 0.4037664 0.3873681 0.0000000 0.0022651 
Mlig.21774 0.3795855 0.3341227 0.3341227 0.3341227 0.3996700 0.3833385 0.0022651 0.0000000 
