6
Mlig.12552 0.0000000 0.0024684 0.0049406 0.3268216 0.3268216 0.3268216 
Mlig.15879 0.0024684 0.0000000 0.0024688 0.3301222 0.3301222 0.3301222 
Mlig.19482 0.0049406 0.0024688 0.0000000 0.3333372 0.3333372 0.3333372 
Mlig.23404 0.3268216 0.3301222 0.3333372 0.0000000 0.0000010 0.0000010 
Mlig.23815 0.3268216 0.3301222 0.3333372 0.0000010 0.0000000 0.0000010 
Mlig.23816 0.3268216 0.3301222 0.3333372 0.0000010 0.0000010 0.0000000 
