18
Mlig.4698  0.0000000 0.0418512 0.0418512 1.3935982 1.3935982 1.5472141 1.5230405 1.5230405 1.5230405 1.5230405 1.5322040 1.5322040 1.4933256 1.4819840 1.4912768 1.4665204 1.4948093 1.4720126 
Mlig.4697  0.0418512 0.0000000 0.0000010 1.3738293 1.3738293 1.6119555 1.5861434 1.5861434 1.5861434 1.5861434 1.5948092 1.5948092 1.5554864 1.5435063 1.5528391 1.5271016 1.5571282 1.5331369 
Mlig.4699  0.0418512 0.0000010 0.0000000 1.3738293 1.3738293 1.6119555 1.5861434 1.5861434 1.5861434 1.5861434 1.5948092 1.5948092 1.5554864 1.5435063 1.5528391 1.5271016 1.5571282 1.5331369 
Mlig.40294 1.3935982 1.3738293 1.3738293 0.0000000 0.0000010 1.5449726 1.4966561 1.4966561 1.4966561 1.4966561 1.6095952 1.6095952 1.4906106 1.6744383 1.4988502 1.4499389 1.5512423 1.4930175 
Mlig.40295 1.3935982 1.3738293 1.3738293 0.0000010 0.0000000 1.5449726 1.4966561 1.4966561 1.4966561 1.4966561 1.6095952 1.6095952 1.4906106 1.6744383 1.4988502 1.4499389 1.5512423 1.4930175 
Mlig.24167 1.5472141 1.6119555 1.6119555 1.5449726 1.5449726 0.0000000 0.0876961 0.0876961 0.0876961 0.0876961 0.3005836 0.3005836 0.0135647 0.1225905 0.0490736 0.0560989 0.0416864 0.0204575 
Mlig.39521 1.5230405 1.5861434 1.5861434 1.4966561 1.4966561 0.0876961 0.0000000 0.0000010 0.0000010 0.0000010 0.2383956 0.2383956 0.0912612 0.1449961 0.0737748 0.0864197 0.0912434 0.0835372 
Mlig.39522 1.5230405 1.5861434 1.5861434 1.4966561 1.4966561 0.0876961 0.0000010 0.0000000 0.0000010 0.0000010 0.2383956 0.2383956 0.0912612 0.1449961 0.0737748 0.0864197 0.0912434 0.0835372 
Mlig.39523 1.5230405 1.5861434 1.5861434 1.4966561 1.4966561 0.0876961 0.0000010 0.0000010 0.0000000 0.0000010 0.2383956 0.2383956 0.0912612 0.1449961 0.0737748 0.0864197 0.0912434 0.0835372 
Mlig.39524 1.5230405 1.5861434 1.5861434 1.4966561 1.4966561 0.0876961 0.0000010 0.0000010 0.0000010 0.0000000 0.2383956 0.2383956 0.0912612 0.1449961 0.0737748 0.0864197 0.0912434 0.0835372 
Mlig.13887 1.5322040 1.5948092 1.5948092 1.6095952 1.6095952 0.3005836 0.2383956 0.2383956 0.2383956 0.2383956 0.0000000 0.0000010 0.2967954 0.3536639 0.2838418 0.2833650 0.2865556 0.2871737 
Mlig.13888 1.5322040 1.5948092 1.5948092 1.6095952 1.6095952 0.3005836 0.2383956 0.2383956 0.2383956 0.2383956 0.0000010 0.0000000 0.2967954 0.3536639 0.2838418 0.2833650 0.2865556 0.2871737 
Mlig.24166 1.4933256 1.5554864 1.5554864 1.4906106 1.4906106 0.0135647 0.0912612 0.0912612 0.0912612 0.0912612 0.2967954 0.2967954 0.0000000 0.1271962 0.0346361 0.0558925 0.0274615 0.0067399 
Mlig.23246 1.4819840 1.5435063 1.5435063 1.6744383 1.6744383 0.1225905 0.1449961 0.1449961 0.1449961 0.1449961 0.3536639 0.3536639 0.1271962 0.0000000 0.1371617 0.1317001 0.1258959 0.1190838 
Mlig.10994 1.4912768 1.5528391 1.5528391 1.4988502 1.4988502 0.0490736 0.0737748 0.0737748 0.0737748 0.0737748 0.2838418 0.2838418 0.0346361 0.1371617 0.0000000 0.0483088 0.0346290 0.0276311 
Mlig.21284 1.4665204 1.5271016 1.5271016 1.4499389 1.4499389 0.0560989 0.0864197 0.0864197 0.0864197 0.0864197 0.2833650 0.2833650 0.0558925 0.1317001 0.0483088 0.0000000 0.0710239 0.0487710 
Mlig.24164 1.4948093 1.5571282 1.5571282 1.5512423 1.5512423 0.0416864 0.0912434 0.0912434 0.0912434 0.0912434 0.2865556 0.2865556 0.0274615 0.1258959 0.0346290 0.0710239 0.0000000 0.0205380 
Mlig.24165 1.4720126 1.5331369 1.5331369 1.4930175 1.4930175 0.0204575 0.0835372 0.0835372 0.0835372 0.0835372 0.2871737 0.2871737 0.0067399 0.1190838 0.0276311 0.0487710 0.0205380 0.0000000 
