6
Mlig.21486 0.0000000 0.0000010 0.8393266 0.8250306 0.8160313 0.8218136 
Mlig.21487 0.0000010 0.0000000 0.8393266 0.8250306 0.8160313 0.8218136 
Mlig.31725 0.8393266 0.8393266 0.0000000 0.0187053 0.0082826 0.0061906 
Mlig.31727 0.8250306 0.8250306 0.0187053 0.0000000 0.0144032 0.0123029 
Mlig.31724 0.8160313 0.8160313 0.0082826 0.0144032 0.0000000 0.0020422 
Mlig.31726 0.8218136 0.8218136 0.0061906 0.0123029 0.0020422 0.0000000 
