10
Mlig.45877 0.0000000 1.2689637 0.0165929 0.0000010 1.3280258 1.3043633 1.3043633 1.2689637 1.2689637 1.2689637 
Mlig.27131 1.2689637 0.0000000 1.3125354 1.2689637 0.4499117 0.4489232 0.4489232 0.0000010 0.0000010 0.0000010 
Mlig.45876 0.0165929 1.3125354 0.0000000 0.0165929 1.3686080 1.3456400 1.3456400 1.3125354 1.3125354 1.3125354 
Mlig.45878 0.0000010 1.2689637 0.0165929 0.0000000 1.3280258 1.3043633 1.3043633 1.2689637 1.2689637 1.2689637 
Mlig.47795 1.3280258 0.4499117 1.3686080 1.3280258 0.0000000 0.0162861 0.0162861 0.4499117 0.4499117 0.4499117 
Mlig.47794 1.3043633 0.4489232 1.3456400 1.3043633 0.0162861 0.0000000 0.0000010 0.4489232 0.4489232 0.4489232 
Mlig.47796 1.3043633 0.4489232 1.3456400 1.3043633 0.0162861 0.0000010 0.0000000 0.4489232 0.4489232 0.4489232 
Mlig.23488 1.2689637 0.0000010 1.3125354 1.2689637 0.4499117 0.4489232 0.4489232 0.0000000 0.0000010 0.0000010 
Mlig.23489 1.2689637 0.0000010 1.3125354 1.2689637 0.4499117 0.4489232 0.4489232 0.0000010 0.0000000 0.0000010 
Mlig.27130 1.2689637 0.0000010 1.3125354 1.2689637 0.4499117 0.4489232 0.4489232 0.0000010 0.0000010 0.0000000 
