6
Mlig.3592  0.0000000 0.0000010 0.0053511 0.2024185 0.2024185 0.2101705 
Mlig.3594  0.0000010 0.0000000 0.0053511 0.2024185 0.2024185 0.2101705 
Mlig.3593  0.0053511 0.0053511 0.0000000 0.2022451 0.2022451 0.2099895 
Mlig.9821  0.2024185 0.2024185 0.2022451 0.0000000 0.0000010 0.0053163 
Mlig.9822  0.2024185 0.2024185 0.2022451 0.0000010 0.0000000 0.0053163 
Mlig.46340 0.2101705 0.2101705 0.2099895 0.0053163 0.0053163 0.0000000 
