7
Mlig.34673 0.0000000 0.2886538 0.2875702 0.8301615 0.2875702 0.0034845 0.0009939 
Mlig.19403 0.2886538 0.0000000 0.0014815 0.7463620 0.0014815 0.2893939 0.2872299 
Mlig.19404 0.2875702 0.0014815 0.0000000 0.7481012 0.0000010 0.2883100 0.2861471 
Mlig.6527  0.8301615 0.7463620 0.7481012 0.0000000 0.7481012 0.8296936 0.8292579 
Mlig.19409 0.2875702 0.0014815 0.0000010 0.7481012 0.0000000 0.2883100 0.2861471 
Mlig.30284 0.0034845 0.2893939 0.2883100 0.8296936 0.2883100 0.0000000 0.0024869 
Mlig.34672 0.0009939 0.2872299 0.2861471 0.8292579 0.2861471 0.0024869 0.0000000 
