12
Treg.8573  0.0000000 0.4581636 0.3576835 0.4135483 0.3088110 0.3899072 0.3987944 0.4635602 0.4402771 0.3662210 0.3787061 0.4092608 
Treg.2456  0.4581636 0.0000000 0.3785667 0.2508347 0.3517365 0.1851945 0.2540381 0.2702834 0.2498894 0.2100785 0.2240513 0.2728746 
Treg.3429  0.3576835 0.3785667 0.0000000 0.3548977 0.2865276 0.3868084 0.4112833 0.4564578 0.4323711 0.4053580 0.3899941 0.4845577 
Treg.13110 0.4135483 0.2508347 0.3548977 0.0000000 0.3512073 0.0898488 0.1296513 0.1282313 0.1093947 0.0714183 0.1281547 0.1475108 
Treg.11159 0.3088110 0.3517365 0.2865276 0.3512073 0.0000000 0.3533750 0.3613740 0.4104826 0.3875943 0.3302560 0.3686498 0.4304029 
Treg.2089  0.3899072 0.1851945 0.3868084 0.0898488 0.3533750 0.0000000 0.0729951 0.0900697 0.0717240 0.0534847 0.0721283 0.0907351 
Treg.521   0.3987944 0.2540381 0.4112833 0.1296513 0.3613740 0.0729951 0.0000000 0.0917120 0.0730398 0.0918498 0.0734585 0.0924027 
Treg.4720  0.4635602 0.2702834 0.4564578 0.1282313 0.4104826 0.0900697 0.0917120 0.0000000 0.0350664 0.0910188 0.0906335 0.1094702 
Treg.4101  0.4402771 0.2498894 0.4323711 0.1093947 0.3875943 0.0717240 0.0730398 0.0350664 0.0000000 0.0712439 0.0721718 0.0907952 
Treg.13021 0.3662210 0.2100785 0.4053580 0.0714183 0.3302560 0.0534847 0.0918498 0.0910188 0.0712439 0.0000000 0.0907676 0.1096463 
Treg.11192 0.3787061 0.2240513 0.3899941 0.1281547 0.3686498 0.0721283 0.0734585 0.0906335 0.0721718 0.0907676 0.0000000 0.0913077 
Treg.11580 0.4092608 0.2728746 0.4845577 0.1475108 0.4304029 0.0907351 0.0924027 0.1094702 0.0907952 0.1096463 0.0913077 0.0000000 
