6
Hdim.5273  0.0000000 0.3200017 0.5815499 0.6472593 0.4645551 0.3603752 
Hdim.5886  0.3200017 0.0000000 0.6360079 0.8114289 0.5757887 0.2049777 
Hdim.9654  0.5815499 0.6360079 0.0000000 0.6082978 0.4803979 0.7085454 
Hdim.12381 0.6472593 0.8114289 0.6082978 0.0000000 0.5070072 0.8984628 
Hdim.4322  0.4645551 0.5757887 0.4803979 0.5070072 0.0000000 0.6933099 
Hdim.5969  0.3603752 0.2049777 0.7085454 0.8984628 0.6933099 0.0000000 
