6
Mlig.5934  0.0000000 0.0000010 0.0095352 0.4675583 0.4655111 0.4680115 
Mlig.15201 0.0000010 0.0000000 0.0095352 0.4675583 0.4655111 0.4680115 
Mlig.34111 0.0095352 0.0095352 0.0000000 0.4703889 0.4683293 0.4708448 
Mlig.28437 0.4675583 0.4675583 0.4703889 0.0000000 0.0064304 0.0048288 
Mlig.19359 0.4655111 0.4655111 0.4683293 0.0064304 0.0000000 0.0048244 
Mlig.29026 0.4680115 0.4680115 0.4708448 0.0048288 0.0048244 0.0000000 
