9
Mlig.20050 0.0000000 0.4028026 0.4006676 0.3982579 0.0198338 0.1901479 0.1901479 0.1580082 0.1580082 
Mlig.24149 0.4028026 0.0000000 0.0015952 0.0064115 0.3871282 0.3590525 0.3590525 0.3838267 0.3838267 
Mlig.24150 0.4006676 0.0015952 0.0000000 0.0047948 0.3850986 0.3557105 0.3557105 0.3803630 0.3803630 
Mlig.24151 0.3982579 0.0064115 0.0047948 0.0000000 0.3827694 0.3579370 0.3579370 0.3826146 0.3826146 
Mlig.14755 0.0198338 0.3871282 0.3850986 0.3827694 0.0000000 0.1792114 0.1792114 0.1467483 0.1467483 
Mlig.8831  0.1901479 0.3590525 0.3557105 0.3579370 0.1792114 0.0000000 0.0000010 0.1356734 0.1356734 
Mlig.8832  0.1901479 0.3590525 0.3557105 0.3579370 0.1792114 0.0000010 0.0000000 0.1356734 0.1356734 
Mlig.4571  0.1580082 0.3838267 0.3803630 0.3826146 0.1467483 0.1356734 0.1356734 0.0000000 0.0000010 
Mlig.15372 0.1580082 0.3838267 0.3803630 0.3826146 0.1467483 0.1356734 0.1356734 0.0000010 0.0000000 
