8
Mlig.2010  0.0000000 0.0000010 0.8187813 0.8187813 0.8042627 1.0063300 1.0063300 0.9991555 
Mlig.10921 0.0000010 0.0000000 0.8187813 0.8187813 0.8042627 1.0063300 1.0063300 0.9991555 
Mlig.29998 0.8187813 0.8187813 0.0000000 0.0000010 0.0056660 0.7341095 0.7341095 0.7378047 
Mlig.29999 0.8187813 0.8187813 0.0000010 0.0000000 0.0056660 0.7341095 0.7341095 0.7378047 
Mlig.29997 0.8042627 0.8042627 0.0056660 0.0056660 0.0000000 0.7404766 0.7404766 0.7442318 
Mlig.14601 1.0063300 1.0063300 0.7341095 0.7341095 0.7404766 0.0000000 0.0000010 0.0336328 
Mlig.14602 1.0063300 1.0063300 0.7341095 0.7341095 0.7404766 0.0000010 0.0000000 0.0336328 
Mlig.14603 0.9991555 0.9991555 0.7378047 0.7378047 0.7442318 0.0336328 0.0336328 0.0000000 
