17
Treg.13587 0.0000000 0.0999721 0.0686586 0.0415288 0.0510159 0.0561227 0.0517664 0.0248111 0.0122142 0.0345992 0.0681772 0.0481089 0.0447915 0.0581833 0.0652412 0.0581851 0.0412944 
Treg.7507  0.0999721 0.0000000 0.1533719 0.1260941 0.1345053 0.1242461 0.1090165 0.0971304 0.1067364 0.1059082 0.1676300 0.1339050 0.1299689 0.1471531 0.1463314 0.1414351 0.1306125 
Treg.3593  0.0686586 0.1533719 0.0000000 0.0793016 0.0682255 0.0962762 0.0948112 0.0807797 0.0682299 0.0574351 0.1155078 0.0862211 0.0827259 0.0756582 0.0748931 0.0754822 0.0859969 
Treg.2519  0.0415288 0.1260941 0.0793016 0.0000000 0.0215767 0.0897680 0.0789284 0.0527389 0.0550978 0.0381223 0.1068023 0.0060434 0.0030141 0.0281283 0.0347067 0.0346546 0.0185548 
Treg.5352  0.0510159 0.1345053 0.0682255 0.0215767 0.0000000 0.0856277 0.0816149 0.0624350 0.0578527 0.0343500 0.1014963 0.0215982 0.0184658 0.0311963 0.0247413 0.0312461 0.0215562 
Treg.3873  0.0561227 0.1242461 0.0962762 0.0897680 0.0856277 0.0000000 0.0475178 0.0561515 0.0521496 0.0661314 0.1205187 0.0970432 0.0933701 0.0950213 0.0970293 0.0827546 0.0892011 
Treg.324   0.0517664 0.1090165 0.0948112 0.0789284 0.0816149 0.0475178 0.0000000 0.0517906 0.0447870 0.0529137 0.1128233 0.0860845 0.0824694 0.0896427 0.0818672 0.0743661 0.0784390 
Treg.8934  0.0248111 0.0971304 0.0807797 0.0527389 0.0624350 0.0561515 0.0517906 0.0000000 0.0250360 0.0389781 0.0831328 0.0595321 0.0561047 0.0699264 0.0706241 0.0704762 0.0593902 
Treg.9253  0.0122142 0.1067364 0.0682299 0.0550978 0.0578527 0.0521496 0.0447870 0.0250360 0.0000000 0.0281370 0.0613252 0.0618137 0.0584238 0.0720944 0.0583837 0.0514282 0.0547787 
Treg.3955  0.0345992 0.1059082 0.0574351 0.0381223 0.0343500 0.0661314 0.0529137 0.0389781 0.0281370 0.0000000 0.0691800 0.0446481 0.0413595 0.0546344 0.0346534 0.0412657 0.0445502 
Treg.905   0.0681772 0.1676300 0.1155078 0.1068023 0.1014963 0.1205187 0.1128233 0.0831328 0.0613252 0.0691800 0.0000000 0.1141044 0.1104182 0.1252156 0.1024802 0.1100327 0.1137716 
Treg.11284 0.0481089 0.1339050 0.0862211 0.0060434 0.0215982 0.0970432 0.0860845 0.0595321 0.0618137 0.0446481 0.1141044 0.0000000 0.0030172 0.0345168 0.0347405 0.0411127 0.0185735 
Treg.14387 0.0447915 0.1299689 0.0827259 0.0030141 0.0184658 0.0933701 0.0824694 0.0561047 0.0584238 0.0413595 0.1104182 0.0030172 0.0000000 0.0313008 0.0315045 0.0378594 0.0154371 
Treg.13805 0.0581833 0.1471531 0.0756582 0.0281283 0.0311963 0.0950213 0.0896427 0.0699264 0.0720944 0.0546344 0.1252156 0.0345168 0.0313008 0.0000000 0.0312052 0.0249199 0.0215418 
Treg.1916  0.0652412 0.1463314 0.0748931 0.0347067 0.0247413 0.0970293 0.0818672 0.0706241 0.0583837 0.0346534 0.1024802 0.0347405 0.0315045 0.0312052 0.0000000 0.0122232 0.0216825 
Treg.1108  0.0581851 0.1414351 0.0754822 0.0346546 0.0312461 0.0827546 0.0743661 0.0704762 0.0514282 0.0412657 0.1100327 0.0411127 0.0378594 0.0249199 0.0122232 0.0000000 0.0215589 
Treg.1186  0.0412944 0.1306125 0.0859969 0.0185548 0.0215562 0.0892011 0.0784390 0.0593902 0.0547787 0.0445502 0.1137716 0.0185735 0.0154371 0.0215418 0.0216825 0.0215589 0.0000000 
