8
Hdim.5734  0.0000000 2.0526049 1.6075411 1.5805370 1.9803455 1.1706513 1.3205008 1.6335854 
Hdim.7197  2.0526049 0.0000000 1.0257043 1.7443953 0.2723805 1.3400437 1.7463224 1.6803343 
Hdim.5842  1.6075411 1.0257043 0.0000000 1.2878093 1.3523327 0.6921336 0.9889131 1.0350241 
Hdim.10166 1.5805370 1.7443953 1.2878093 0.0000000 1.7473201 1.4726125 1.2152183 1.9376384 
Hdim.5841  1.9803455 0.2723805 1.3523327 1.7473201 0.0000000 1.6667931 2.1469301 2.0443885 
Hdim.4284  1.1706513 1.3400437 0.6921336 1.4726125 1.6667931 0.0000000 0.8548220 1.0183723 
Hdim.4285  1.3205008 1.7463224 0.9889131 1.2152183 2.1469301 0.8548220 0.0000000 0.8577321 
Hdim.5839  1.6335854 1.6803343 1.0350241 1.9376384 2.0443885 1.0183723 0.8577321 0.0000000 
