12
Smed.11800 0.0000000 0.0000010 0.0068646 0.0068549 0.0068740 0.0208302 0.0138429 0.0068533 0.0068649 0.0138926 0.0349092 0.0068678 
Smed.5458  0.0000010 0.0000000 0.0068646 0.0068549 0.0068740 0.0208302 0.0138429 0.0068533 0.0068649 0.0138926 0.0349092 0.0068678 
Smed.12522 0.0068646 0.0068646 0.0000000 0.0137650 0.0138036 0.0278887 0.0208504 0.0137618 0.0137853 0.0209249 0.0420656 0.0137912 
Smed.21900 0.0068549 0.0068549 0.0137650 0.0000000 0.0137839 0.0278485 0.0208204 0.0137422 0.0137657 0.0208948 0.0420043 0.0137716 
Smed.20262 0.0068740 0.0068740 0.0138036 0.0137839 0.0000000 0.0279277 0.0208793 0.0137807 0.0138043 0.0209541 0.0421249 0.0138102 
Smed.3886  0.0208302 0.0208302 0.0278887 0.0278485 0.0279277 0.0000000 0.0351579 0.0278418 0.0278902 0.0352834 0.0567573 0.0279025 
Smed.8662  0.0138429 0.0138429 0.0208504 0.0208204 0.0208793 0.0351579 0.0000000 0.0208154 0.0208514 0.0281362 0.0494990 0.0208604 
Smed.26442 0.0068533 0.0068533 0.0137618 0.0137422 0.0137807 0.0278418 0.0208154 0.0000000 0.0137624 0.0208897 0.0419943 0.0137683 
Smed.1372  0.0068649 0.0068649 0.0137853 0.0137657 0.0138043 0.0278902 0.0208514 0.0137624 0.0000000 0.0209260 0.0420681 0.0137919 
Smed.23891 0.0138926 0.0138926 0.0209249 0.0208948 0.0209541 0.0352834 0.0281362 0.0208897 0.0209260 0.0000000 0.0496742 0.0209351 
Smed.17996 0.0349092 0.0349092 0.0420656 0.0420043 0.0421249 0.0567573 0.0494990 0.0419943 0.0420681 0.0496742 0.0000000 0.0420871 
Smed.22262 0.0068678 0.0068678 0.0137912 0.0137716 0.0138102 0.0279025 0.0208604 0.0137683 0.0137919 0.0209351 0.0420871 0.0000000 
