6
Mlig.48158 0.0000000 0.0080787 0.0080787 0.8809529 0.8809529 0.8964168 
Mlig.48159 0.0080787 0.0000000 0.0000010 0.8712879 0.8712879 0.8866380 
Mlig.48160 0.0080787 0.0000010 0.0000000 0.8712879 0.8712879 0.8866380 
Mlig.48157 0.8809529 0.8712879 0.8712879 0.0000000 0.0000010 0.0161321 
Mlig.35783 0.8809529 0.8712879 0.8712879 0.0000010 0.0000000 0.0161321 
Mlig.35784 0.8964168 0.8866380 0.8866380 0.0161321 0.0161321 0.0000000 
