6
Mlig.47612 0.0000000 0.0108995 0.0108960 1.0615514 0.6200271 0.6434914 
Mlig.47610 0.0108995 0.0000000 0.0043473 1.0721044 0.6235204 0.6454313 
Mlig.47611 0.0108960 0.0043473 0.0000000 1.0731655 0.6236676 0.6456036 
Mlig.28833 1.0615514 1.0721044 1.0731655 0.0000000 0.8431826 0.9635855 
Mlig.20029 0.6200271 0.6235204 0.6236676 0.8431826 0.0000000 0.2927329 
Mlig.20030 0.6434914 0.6454313 0.6456036 0.9635855 0.2927329 0.0000000 
