10
Mlig.20715 0.0000000 0.0169469 0.0190982 0.9483683 0.9434971 0.9483683 1.3181884 0.9580113 0.7004453 0.6994804 
Mlig.4819  0.0169469 0.0000000 0.0020871 0.9419594 0.9371022 0.9419594 1.3116519 0.9553897 0.6930286 0.6920518 
Mlig.18838 0.0190982 0.0020871 0.0000000 0.9420810 0.9372227 0.9420810 1.3118653 0.9555152 0.6877068 0.6867234 
Mlig.10112 0.9483683 0.9419594 0.9420810 0.0000000 0.0021217 0.0000010 0.9708721 0.1382309 1.0883874 1.0914384 
Mlig.30879 0.9434971 0.9371022 0.9372227 0.0021217 0.0000000 0.0021217 0.9689694 0.1407791 1.0863397 1.0893903 
Mlig.30880 0.9483683 0.9419594 0.9420810 0.0000010 0.0021217 0.0000000 0.9708721 0.1382309 1.0883874 1.0914384 
Mlig.7734  1.3181884 1.3116519 1.3118653 0.9708721 0.9689694 0.9708721 0.0000000 1.0080680 1.3699940 1.3909330 
Mlig.33642 0.9580113 0.9553897 0.9555152 0.1382309 0.1407791 0.1382309 1.0080680 0.0000000 1.0715478 1.0736840 
Mlig.3481  0.7004453 0.6930286 0.6877068 1.0883874 1.0863397 1.0883874 1.3699940 1.0715478 0.0000000 0.0108297 
Mlig.3482  0.6994804 0.6920518 0.6867234 1.0914384 1.0893903 1.0914384 1.3909330 1.0736840 0.0108297 0.0000000 
