7
Mcor.452   0.0000000 0.1976171 1.0910718 1.6800729 1.4166994 1.4403580 1.6991964 
Mcor.12462 0.1976171 0.0000000 0.9252302 1.5322897 1.2763999 1.2747626 1.5413542 
Mcor.11006 1.0910718 0.9252302 0.0000000 0.9765978 0.6550865 0.6615781 0.9657727 
Mcor.6204  1.6800729 1.5322897 0.9765978 0.0000000 1.0970623 1.0876069 0.1738681 
Mcor.11008 1.4166994 1.2763999 0.6550865 1.0970623 0.0000000 0.3327975 0.9535666 
Mcor.6205  1.4403580 1.2747626 0.6615781 1.0876069 0.3327975 0.0000000 1.0230423 
Mcor.11007 1.6991964 1.5413542 0.9657727 0.1738681 0.9535666 1.0230423 0.0000000 
