15
Mlig.24370 0.0000000 0.3987475 0.0115175 1.6504368 1.6504368 1.6504368 1.5132582 1.5198294 1.5198294 1.6561005 1.4724701 1.4751557 1.3454821 1.2796620 1.2872701 
Mlig.48103 0.3987475 0.0000000 0.4105653 1.6459508 1.6459508 1.6459508 1.5860584 1.5928774 1.5928774 1.6516015 1.5600497 1.5652145 1.3995872 1.3540323 1.3656708 
Mlig.24369 0.0115175 0.4105653 0.0000000 1.6661659 1.6661659 1.6661659 1.5037307 1.5102806 1.5102806 1.6718742 1.4630803 1.4657339 1.3465277 1.2740132 1.2816117 
Mlig.30288 1.6504368 1.6459508 1.6661659 0.0000000 0.0000010 0.0000010 1.0105928 1.0153414 1.0153414 0.0078557 1.0011390 1.0589478 0.8513155 0.8497959 0.8431783 
Mlig.32376 1.6504368 1.6459508 1.6661659 0.0000010 0.0000000 0.0000010 1.0105928 1.0153414 1.0153414 0.0078557 1.0011390 1.0589478 0.8513155 0.8497959 0.8431783 
Mlig.32377 1.6504368 1.6459508 1.6661659 0.0000010 0.0000010 0.0000000 1.0105928 1.0153414 1.0153414 0.0078557 1.0011390 1.0589478 0.8513155 0.8497959 0.8431783 
Mlig.5135  1.5132582 1.5860584 1.5037307 1.0105928 1.0105928 1.0105928 0.0000000 0.0039197 0.0039197 1.0067734 0.0280990 0.0540983 0.4709876 0.3038853 0.3302233 
Mlig.5136  1.5198294 1.5928774 1.5102806 1.0153414 1.0153414 1.0153414 0.0039197 0.0000000 0.0000010 1.0115176 0.0239969 0.0497492 0.4737823 0.3057954 0.3322964 
Mlig.5137  1.5198294 1.5928774 1.5102806 1.0153414 1.0153414 1.0153414 0.0039197 0.0000010 0.0000000 1.0115176 0.0239969 0.0497492 0.4737823 0.3057954 0.3322964 
Mlig.13436 1.6561005 1.6516015 1.6718742 0.0078557 0.0078557 0.0078557 1.0067734 1.0115176 1.0115176 0.0000000 0.9973626 1.0550866 0.8584867 0.8462466 0.8396174 
Mlig.41969 1.4724701 1.5600497 1.4630803 1.0011390 1.0011390 1.0011390 0.0280990 0.0239969 0.0239969 0.9973626 0.0000000 0.0326865 0.4565825 0.2964280 0.3222078 
Mlig.43622 1.4751557 1.5652145 1.4657339 1.0589478 1.0589478 1.0589478 0.0540983 0.0497492 0.0497492 1.0550866 0.0326865 0.0000000 0.4609893 0.3027797 0.3437254 
Mlig.44626 1.3454821 1.3995872 1.3465277 0.8513155 0.8513155 0.8513155 0.4709876 0.4737823 0.4737823 0.8584867 0.4565825 0.4609893 0.0000000 0.3134650 0.3369515 
Mlig.33603 1.2796620 1.3540323 1.2740132 0.8497959 0.8497959 0.8497959 0.3038853 0.3057954 0.3057954 0.8462466 0.2964280 0.3027797 0.3134650 0.0000000 0.0362278 
Mlig.33604 1.2872701 1.3656708 1.2816117 0.8431783 0.8431783 0.8431783 0.3302233 0.3322964 0.3322964 0.8396174 0.3222078 0.3437254 0.3369515 0.0362278 0.0000000 
