7
Mlig.25245 0.0000000 0.0092676 0.0092676 0.9852263 1.0202865 0.8572717 0.8572717 
Mlig.28092 0.0092676 0.0000000 0.0000010 0.9866577 1.0218442 0.8486182 0.8486182 
Mlig.31091 0.0092676 0.0000010 0.0000000 0.9866577 1.0218442 0.8486182 0.8486182 
Mlig.14040 0.9852263 0.9866577 0.9866577 0.0000000 0.0245537 0.9915078 0.9915078 
Mlig.30374 1.0202865 1.0218442 1.0218442 0.0245537 0.0000000 1.0179189 1.0179189 
Mlig.19991 0.8572717 0.8486182 0.8486182 0.9915078 1.0179189 0.0000000 0.0000010 
Mlig.19992 0.8572717 0.8486182 0.8486182 0.9915078 1.0179189 0.0000010 0.0000000 
