12
Mlig.32218 0.0000000 0.0043024 1.2594551 1.2582607 1.2392959 1.3680744 1.3680744 1.3566789 1.3850549 1.3850549 1.3850549 1.3850549 
Mlig.38726 0.0043024 0.0000000 1.2726272 1.2714670 1.2523401 1.3820356 1.3820356 1.3705501 1.3991727 1.3991727 1.3991727 1.3991727 
Mlig.4299  1.2594551 1.2726272 0.0000000 0.0225704 0.0179889 1.0641932 1.0641932 1.0546371 0.4494104 0.4494104 0.4494104 0.4494104 
Mlig.33183 1.2582607 1.2714670 0.0225704 0.0000000 0.0044371 1.0808321 1.0808321 1.0711447 0.4445687 0.4445687 0.4445687 0.4445687 
Mlig.33184 1.2392959 1.2523401 0.0179889 0.0044371 0.0000000 1.0641758 1.0641758 1.0546055 0.4361238 0.4361238 0.4361238 0.4361238 
Mlig.5061  1.3680744 1.3820356 1.0641932 1.0808321 1.0641758 0.0000000 0.0000010 0.0043113 1.1435576 1.1435576 1.1435576 1.1435576 
Mlig.5062  1.3680744 1.3820356 1.0641932 1.0808321 1.0641758 0.0000010 0.0000000 0.0043113 1.1435576 1.1435576 1.1435576 1.1435576 
Mlig.5063  1.3566789 1.3705501 1.0546371 1.0711447 1.0546055 0.0043113 0.0043113 0.0000000 1.1335976 1.1335976 1.1335976 1.1335976 
Mlig.5366  1.3850549 1.3991727 0.4494104 0.4445687 0.4361238 1.1435576 1.1435576 1.1335976 0.0000000 0.0000010 0.0000010 0.0000010 
Mlig.5367  1.3850549 1.3991727 0.4494104 0.4445687 0.4361238 1.1435576 1.1435576 1.1335976 0.0000010 0.0000000 0.0000010 0.0000010 
Mlig.5365  1.3850549 1.3991727 0.4494104 0.4445687 0.4361238 1.1435576 1.1435576 1.1335976 0.0000010 0.0000010 0.0000000 0.0000010 
Mlig.5368  1.3850549 1.3991727 0.4494104 0.4445687 0.4361238 1.1435576 1.1435576 1.1335976 0.0000010 0.0000010 0.0000010 0.0000000 
