7
Mlig.39370 0.0000000 0.9768213 0.9768213 0.9718472 0.9718472 0.0119466 0.0300223 
Mlig.33033 0.9768213 0.0000000 0.0000010 0.0058228 0.0058228 1.0001819 1.0111837 
Mlig.33036 0.9768213 0.0000010 0.0000000 0.0058228 0.0058228 1.0001819 1.0111837 
Mlig.33034 0.9718472 0.0058228 0.0058228 0.0000000 0.0000010 0.9951796 1.0061151 
Mlig.33035 0.9718472 0.0058228 0.0058228 0.0000010 0.0000000 0.9951796 1.0061151 
Mlig.39371 0.0119466 1.0001819 1.0001819 0.9951796 0.9951796 0.0000000 0.0299749 
Mlig.39372 0.0300223 1.0111837 1.0111837 1.0061151 1.0061151 0.0299749 0.0000000 
