7
Smed.13391 0.0000000 0.4514545 0.1157160 0.1039228 0.3886942 0.3250547 0.1356397 
Smed.12322 0.4514545 0.0000000 0.4260733 0.4111883 0.2131984 0.7488019 0.4552378 
Smed.21790 0.1157160 0.4260733 0.0000000 0.0333380 0.3388158 0.3090167 0.0911791 
Smed.23957 0.1039228 0.4111883 0.0333380 0.0000000 0.3252922 0.2948024 0.0918948 
Smed.2479  0.3886942 0.2131984 0.3388158 0.3252922 0.0000000 0.5729110 0.3873949 
Smed.17156 0.3250547 0.7488019 0.3090167 0.2948024 0.5729110 0.0000000 0.3593791 
Smed.25911 0.1356397 0.4552378 0.0911791 0.0918948 0.3873949 0.3593791 0.0000000 
