6
Mlig.2204  0.0000000 0.0222378 0.0222981 0.7484361 0.7528347 0.7484361 
Mlig.2203  0.0222378 0.0000000 0.0147571 0.7494901 0.7539062 0.7494901 
Mlig.11999 0.0222981 0.0147571 0.0000000 0.7641214 0.7686299 0.7641214 
Mlig.6628  0.7484361 0.7494901 0.7641214 0.0000000 0.0072436 0.0000010 
Mlig.30054 0.7528347 0.7539062 0.7686299 0.0072436 0.0000000 0.0072436 
Mlig.36171 0.7484361 0.7494901 0.7641214 0.0000010 0.0072436 0.0000000 
