8
Mlig.23713 0.0000000 0.0039339 0.6502369 0.6502369 0.6516156 0.6189868 0.6219987 0.6156399 
Mlig.38060 0.0039339 0.0000000 0.6478389 0.6478389 0.6492099 0.6203060 0.6289244 0.6225414 
Mlig.25518 0.6502369 0.6478389 0.0000000 0.0000010 0.0039131 0.3805031 0.3916807 0.3863939 
Mlig.25519 0.6502369 0.6478389 0.0000010 0.0000000 0.0039131 0.3805031 0.3916807 0.3863939 
Mlig.29685 0.6516156 0.6492099 0.0039131 0.0039131 0.0000000 0.3861217 0.3973397 0.3920361 
Mlig.43776 0.6189868 0.6203060 0.3805031 0.3805031 0.3861217 0.0000000 0.0161074 0.0120710 
Mlig.43774 0.6219987 0.6289244 0.3916807 0.3916807 0.3973397 0.0161074 0.0000000 0.0040030 
Mlig.43775 0.6156399 0.6225414 0.3863939 0.3863939 0.3920361 0.0120710 0.0040030 0.0000000 
