7
Smed.16755 0.0000000 0.0787874 0.0707457 0.0489457 0.1654627 0.0935080 0.0783333 
Smed.16677 0.0787874 0.0000000 0.0423244 0.0281142 0.1436566 0.0722966 0.0647915 
Smed.13037 0.0707457 0.0423244 0.0000000 0.0208288 0.1343778 0.0642598 0.0568807 
Smed.17307 0.0489457 0.0281142 0.0208288 0.0000000 0.1106181 0.0423381 0.0351385 
Smed.13421 0.1654627 0.1436566 0.1343778 0.1106181 0.0000000 0.1505507 0.1512019 
Smed.7876  0.0935080 0.0722966 0.0642598 0.0423381 0.1505507 0.0000000 0.0795207 
Smed.16035 0.0783333 0.0647915 0.0568807 0.0351385 0.1512019 0.0795207 0.0000000 
