7
Treg.1782  0.0000000 0.0000010 0.7187492 0.8577105 0.8298553 0.5562900 0.7192893 
Treg.1783  0.0000010 0.0000000 0.7187492 0.8577105 0.8298553 0.5562900 0.7192893 
Treg.1784  0.7187492 0.7187492 0.0000000 1.2352480 1.2799043 0.4171843 0.8140245 
Treg.3410  0.8577105 0.8577105 1.2352480 0.0000000 0.0108396 1.0902502 1.1090642 
Treg.3411  0.8298553 0.8298553 1.2799043 0.0108396 0.0000000 1.0533183 1.0740863 
Treg.2981  0.5562900 0.5562900 0.4171843 1.0902502 1.0533183 0.0000000 0.7602107 
Treg.12202 0.7192893 0.7192893 0.8140245 1.1090642 1.0740863 0.7602107 0.0000000 
