10
Smed.27967 0.0000000 0.1199873 0.1330825 0.1307415 0.1006093 0.1186380 0.0502826 0.0503939 0.0476078 0.0537620 
Smed.28428 0.1199873 0.0000000 0.1172713 0.1089694 0.0821813 0.0384824 0.1114856 0.1151778 0.1220418 0.1277534 
Smed.14493 0.1330825 0.1172713 0.0000000 0.0969592 0.1138497 0.1057536 0.1306478 0.1246530 0.1313638 0.1431517 
Smed.6828  0.1307415 0.1089694 0.0969592 0.0000000 0.1114829 0.1175328 0.1151584 0.1095664 0.1290418 0.1341260 
Smed.24993 0.1006093 0.0821813 0.1138497 0.1114829 0.0000000 0.0708660 0.0958373 0.0935000 0.0938668 0.1055582 
Smed.27739 0.1186380 0.0384824 0.1057536 0.1175328 0.0708660 0.0000000 0.1133060 0.1099297 0.1103752 0.1224560 
Smed.24431 0.0502826 0.1114856 0.1306478 0.1151584 0.0958373 0.1133060 0.0000000 0.0362072 0.0451293 0.0421230 
Smed.27447 0.0503939 0.1151778 0.1246530 0.1095664 0.0935000 0.1099297 0.0362072 0.0000000 0.0328270 0.0248479 
Smed.217   0.0476078 0.1220418 0.1313638 0.1290418 0.0938668 0.1103752 0.0451293 0.0328270 0.0000000 0.0337406 
Smed.23796 0.0537620 0.1277534 0.1431517 0.1341260 0.1055582 0.1224560 0.0421230 0.0248479 0.0337406 0.0000000 
