9
Treg.1118  0.0000000 0.0000010 0.0000010 0.0000010 0.0000010 0.0000010 0.0273962 0.1234054 0.0000010 
Treg.3386  0.0000010 0.0000000 0.0000010 0.0000010 0.0000010 0.0000010 0.0273962 0.1234054 0.0000010 
Treg.6786  0.0000010 0.0000010 0.0000000 0.0000010 0.0000010 0.0000010 0.0273962 0.1234054 0.0000010 
Treg.10114 0.0000010 0.0000010 0.0000010 0.0000000 0.0000010 0.0000010 0.0273962 0.1234054 0.0000010 
Treg.5268  0.0000010 0.0000010 0.0000010 0.0000010 0.0000000 0.0000010 0.0273962 0.1234054 0.0000010 
Treg.6690  0.0000010 0.0000010 0.0000010 0.0000010 0.0000010 0.0000000 0.0273962 0.1234054 0.0000010 
Treg.2463  0.0273962 0.0273962 0.0273962 0.0273962 0.0273962 0.0273962 0.0000000 0.1558872 0.0273962 
Treg.3577  0.1234054 0.1234054 0.1234054 0.1234054 0.1234054 0.1234054 0.1558872 0.0000000 0.1234054 
Treg.3875  0.0000010 0.0000010 0.0000010 0.0000010 0.0000010 0.0000010 0.0273962 0.1234054 0.0000000 
