6
Mlig.26196 0.0000000 0.0041190 0.0041190 0.5776203 0.5788110 0.5788110 
Mlig.26198 0.0041190 0.0000000 0.0000010 0.5740868 0.5752688 0.5752688 
Mlig.26197 0.0041190 0.0000010 0.0000000 0.5740868 0.5752688 0.5752688 
Mlig.44733 0.5776203 0.5740868 0.5740868 0.0000000 0.0020061 0.0020061 
Mlig.44734 0.5788110 0.5752688 0.5752688 0.0020061 0.0000000 0.0000010 
Mlig.44735 0.5788110 0.5752688 0.5752688 0.0020061 0.0000010 0.0000000 
