7
Mlig.27849 0.0000000 0.0024528 0.7050673 0.7050673 0.6806249 0.6729912 0.6729912 
Mlig.27850 0.0024528 0.0000000 0.7042578 0.7042578 0.6801470 0.6725184 0.6725184 
Mlig.6674  0.7050673 0.7042578 0.0000000 0.0000010 0.6462145 0.6481386 0.6481386 
Mlig.37421 0.7050673 0.7042578 0.0000010 0.0000000 0.6462145 0.6481386 0.6481386 
Mlig.27326 0.6806249 0.6801470 0.6462145 0.6462145 0.0000000 0.0099421 0.0099421 
Mlig.13502 0.6729912 0.6725184 0.6481386 0.6481386 0.0099421 0.0000000 0.0000010 
Mlig.27327 0.6729912 0.6725184 0.6481386 0.6481386 0.0099421 0.0000010 0.0000000 
