6
Mlig.44079 0.0000000 1.4119334 1.4018980 1.4119334 1.5103618 1.4823931 
Mlig.48906 1.4119334 0.0000000 0.0060124 0.0000010 0.5812220 0.6263725 
Mlig.48907 1.4018980 0.0060124 0.0000000 0.0060124 0.5676248 0.6122017 
Mlig.48909 1.4119334 0.0000010 0.0060124 0.0000000 0.5812220 0.6263725 
Mlig.25812 1.5103618 0.5812220 0.5676248 0.5812220 0.0000000 0.1228428 
Mlig.32093 1.4823931 0.6263725 0.6122017 0.6263725 0.1228428 0.0000000 
