10
Hmic.9741  0.0000000 0.0457242 0.0465077 0.8188783 0.2175251 0.1862312 0.1923861 0.1923861 0.1923861 0.2232381 
Hmic.9736  0.0457242 0.0000000 0.0456937 0.7486896 0.2121693 0.2419733 0.2502464 0.2502464 0.2502464 0.2819934 
Hmic.9740  0.0465077 0.0456937 0.0000000 0.7775841 0.2172915 0.2480809 0.2568722 0.2568722 0.2568722 0.2898134 
Hmic.9738  0.8188783 0.7486896 0.7775841 0.0000000 1.3114646 1.3385804 1.1256650 1.1256650 1.1256650 1.1620037 
Hmic.9734  0.2175251 0.2121693 0.2172915 1.3114646 0.0000000 0.0707956 0.0727403 0.0727403 0.0727403 0.0983090 
Hmic.9743  0.1862312 0.2419733 0.2480809 1.3385804 0.0707956 0.0000000 0.0475943 0.0475943 0.0475943 0.0234765 
Hmic.9729  0.1923861 0.2502464 0.2568722 1.1256650 0.0727403 0.0475943 0.0000000 0.0000010 0.0000010 0.0228655 
Hmic.9730  0.1923861 0.2502464 0.2568722 1.1256650 0.0727403 0.0475943 0.0000010 0.0000000 0.0000010 0.0228655 
Hmic.9737  0.1923861 0.2502464 0.2568722 1.1256650 0.0727403 0.0475943 0.0000010 0.0000010 0.0000000 0.0228655 
Hmic.9732  0.2232381 0.2819934 0.2898134 1.1620037 0.0983090 0.0234765 0.0228655 0.0228655 0.0228655 0.0000000 
