7
Mlig.30495 0.0000000 0.0000010 0.3966952 0.4020677 0.2971858 0.2981739 0.2979951 
Mlig.30496 0.0000010 0.0000000 0.3966952 0.4020677 0.2971858 0.2981739 0.2979951 
Mlig.767   0.3966952 0.3966952 0.0000000 0.0030170 0.4670364 0.4711527 0.4739569 
Mlig.768   0.4020677 0.4020677 0.0030170 0.0000000 0.4645507 0.4686580 0.4714577 
Mlig.549   0.2971858 0.2971858 0.4670364 0.4645507 0.0000000 0.0029966 0.0090421 
Mlig.547   0.2981739 0.2981739 0.4711527 0.4686580 0.0029966 0.0000000 0.0060066 
Mlig.548   0.2979951 0.2979951 0.4739569 0.4714577 0.0090421 0.0060066 0.0000000 
