6
Mlig.45004 0.0000000 0.0000010 0.0132617 0.4181735 0.4111617 0.4111617 
Mlig.45005 0.0000010 0.0000000 0.0132617 0.4181735 0.4111617 0.4111617 
Mlig.45006 0.0132617 0.0132617 0.0000000 0.4317564 0.4246576 0.4246576 
Mlig.11491 0.4181735 0.4181735 0.4317564 0.0000000 0.0045285 0.0045285 
Mlig.11493 0.4111617 0.4111617 0.4246576 0.0045285 0.0000000 0.0000010 
Mlig.11494 0.4111617 0.4111617 0.4246576 0.0045285 0.0000010 0.0000000 
