8
Mlig.23300 0.0000000 0.4796686 0.4796686 0.4762275 0.5258079 0.5360229 0.5272313 0.5493301 
Mlig.24868 0.4796686 0.0000000 0.0000010 0.0024411 0.4423868 0.4488243 0.4446957 0.4638303 
Mlig.44116 0.4796686 0.0000010 0.0000000 0.0024411 0.4423868 0.4488243 0.4446957 0.4638303 
Mlig.21307 0.4762275 0.0024411 0.0024411 0.0000000 0.4377981 0.4441788 0.4400871 0.4602204 
Mlig.13063 0.5258079 0.4423868 0.4423868 0.4377981 0.0000000 0.0085987 0.0024375 0.4158591 
Mlig.42468 0.5360229 0.4488243 0.4488243 0.4441788 0.0085987 0.0000000 0.0086023 0.4253953 
Mlig.21149 0.5272313 0.4446957 0.4446957 0.4400871 0.0024375 0.0086023 0.0000000 0.4180731 
Mlig.39509 0.5493301 0.4638303 0.4638303 0.4602204 0.4158591 0.4253953 0.4180731 0.0000000 
