6
Mcor.10298 0.0000000 0.2340438 0.2996398 0.2304312 0.2228750 0.3686150 
Mcor.11540 0.2340438 0.0000000 0.2759047 0.1988671 0.1602900 0.3128480 
Mcor.8094  0.2996398 0.2759047 0.0000000 0.1828422 0.1272311 0.3364242 
Mcor.12671 0.2304312 0.1988671 0.1828422 0.0000000 0.0769596 0.2961616 
Mcor.7989  0.2228750 0.1602900 0.1272311 0.0769596 0.0000000 0.2604439 
Mcor.11801 0.3686150 0.3128480 0.3364242 0.2961616 0.2604439 0.0000000 
