15
Mlig.17624 0.0000000 1.2548692 1.2551567 1.2551567 1.4317761 1.5351468 0.1828981 1.1771099 1.3486694 1.3133895 1.3354174 0.1044188 0.1044188 1.1808836 1.4541014 
Mlig.8427  1.2548692 0.0000000 0.0410444 0.0410444 1.1523127 1.3038843 1.0986865 0.9792832 0.3076767 0.3443150 0.3195951 1.2932528 1.2932528 1.0465782 0.5014102 
Mlig.34504 1.2551567 0.0410444 0.0000000 0.0000010 1.1431381 1.2943855 1.1109231 0.9396282 0.3063004 0.3428488 0.3181897 1.2934495 1.2934495 1.0522710 0.4804275 
Mlig.34505 1.2551567 0.0410444 0.0000010 0.0000000 1.1431381 1.2943855 1.1109231 0.9396282 0.3063004 0.3428488 0.3181897 1.2934495 1.2934495 1.0522710 0.4804275 
Mlig.12502 1.4317761 1.1523127 1.1431381 1.1431381 0.0000000 0.1557977 1.4300463 1.3066935 0.9423910 0.9725118 0.9610983 1.4109736 1.4109736 1.4503368 1.2929700 
Mlig.18918 1.5351468 1.3038843 1.2943855 1.2943855 0.1557977 0.0000000 1.5189045 1.2344426 1.0428055 1.0471188 1.0623251 1.4361671 1.4361671 1.3874038 1.3099639 
Mlig.24001 0.1828981 1.0986865 1.1109231 1.1109231 1.4300463 1.5189045 0.0000000 1.3087586 1.1880394 1.1594810 1.1765611 0.1838063 0.1838063 1.0853104 1.3937681 
Mlig.3153  1.1771099 0.9792832 0.9396282 0.9396282 1.3066935 1.2344426 1.3087586 0.0000000 0.9086852 0.9245824 0.8875483 1.2581947 1.2581947 0.9411650 0.9688246 
Mlig.29854 1.3486694 0.3076767 0.3063004 0.3063004 0.9423910 1.0428055 1.1880394 0.9086852 0.0000000 0.0320103 0.0158287 1.2970529 1.2970529 1.1405778 0.5528000 
Mlig.29855 1.3133895 0.3443150 0.3428488 0.3428488 0.9725118 1.0471188 1.1594810 0.9245824 0.0320103 0.0000000 0.0159092 1.2516151 1.2516151 1.1255747 0.5831251 
Mlig.29856 1.3354174 0.3195951 0.3181897 0.3181897 0.9610983 1.0623251 1.1765611 0.8875483 0.0158287 0.0159092 0.0000000 1.2844989 1.2844989 1.1160163 0.5778401 
Mlig.17622 0.1044188 1.2932528 1.2934495 1.2934495 1.4109736 1.4361671 0.1838063 1.2581947 1.2970529 1.2516151 1.2844989 0.0000000 0.0000010 1.2180697 1.4634671 
Mlig.17623 0.1044188 1.2932528 1.2934495 1.2934495 1.4109736 1.4361671 0.1838063 1.2581947 1.2970529 1.2516151 1.2844989 0.0000010 0.0000000 1.2180697 1.4634671 
Mlig.2948  1.1808836 1.0465782 1.0522710 1.0522710 1.4503368 1.3874038 1.0853104 0.9411650 1.1405778 1.1255747 1.1160163 1.2180697 1.2180697 0.0000000 1.0195472 
Mlig.37813 1.4541014 0.5014102 0.4804275 0.4804275 1.2929700 1.3099639 1.3937681 0.9688246 0.5528000 0.5831251 0.5778401 1.4634671 1.4634671 1.0195472 0.0000000 
