6
Mlig.8578  0.0000000 0.0035760 0.0000010 0.2001400 0.1885564 0.1927174 
Mlig.8579  0.0035760 0.0000000 0.0035760 0.1956998 0.1841501 0.1882965 
Mlig.8580  0.0000010 0.0035760 0.0000000 0.2001400 0.1885564 0.1927174 
Mlig.24599 0.2001400 0.1956998 0.2001400 0.0000000 0.0140828 0.0105438 
Mlig.24598 0.1885564 0.1841501 0.1885564 0.0140828 0.0000000 0.0034996 
Mlig.24600 0.1927174 0.1882965 0.1927174 0.0105438 0.0034996 0.0000000 
