9
Mlig.3060  0.0000000 0.8685723 0.7472511 0.8251429 1.1207181 1.1156575 0.8669048 0.7477636 0.7523211 
Mlig.28776 0.8685723 0.0000000 0.2549156 0.3403373 1.0856494 1.0787177 0.0072805 0.2536760 0.2530835 
Mlig.35442 0.7472511 0.2549156 0.0000000 0.2366992 0.9708942 0.9657097 0.2530323 0.0042153 0.0066246 
Mlig.2941  0.8251429 0.3403373 0.2366992 0.0000000 1.0651174 1.0570544 0.3358773 0.2364520 0.2386779 
Mlig.11264 1.1207181 1.0856494 0.9708942 1.0651174 0.0000000 0.0080957 1.0821288 0.9741028 0.9714345 
Mlig.11265 1.1156575 1.0787177 0.9657097 1.0570544 0.0080957 0.0000000 1.0765178 0.9689125 0.9650491 
Mlig.28774 0.8669048 0.0072805 0.2530323 0.3358773 1.0821288 1.0765178 0.0000000 0.2481422 0.2521976 
Mlig.22862 0.7477636 0.2536760 0.0042153 0.2364520 0.9741028 0.9689125 0.2481422 0.0000000 0.0048158 
Mlig.39877 0.7523211 0.2530835 0.0066246 0.2386779 0.9714345 0.9650491 0.2521976 0.0048158 0.0000000 
