6
Treg.5298  0.0000000 0.1430253 0.2207446 0.0000010 0.2163481 0.1430253 
Treg.12315 0.1430253 0.0000000 0.1226308 0.1430253 0.0828797 0.0000010 
Treg.11074 0.2207446 0.1226308 0.0000000 0.2207446 0.1734583 0.1226308 
Treg.2410  0.0000010 0.1430253 0.2207446 0.0000000 0.2163481 0.1430253 
Treg.2129  0.2163481 0.0828797 0.1734583 0.2163481 0.0000000 0.0828797 
Treg.10624 0.1430253 0.0000010 0.1226308 0.1430253 0.0828797 0.0000000 
