6
Mlig.40567 0.0000000 0.0125967 0.0062565 0.6127777 0.6178953 0.6178846 
Mlig.24953 0.0125967 0.0000000 0.0125956 0.6334695 0.6386610 0.6386613 
Mlig.26820 0.0062565 0.0125956 0.0000000 0.6159892 0.6211237 0.6211147 
Mlig.21114 0.6127777 0.6334695 0.6159892 0.0000000 0.0030506 0.0030498 
Mlig.21113 0.6178953 0.6386610 0.6211237 0.0030506 0.0000000 0.0061064 
Mlig.21115 0.6178846 0.6386613 0.6211147 0.0030498 0.0061064 0.0000000 
