6
Ecan.4226  0.0000000 0.1541204 0.1315287 0.1551821 0.2003994 0.2269313 
Ecan.9537  0.1541204 0.0000000 0.0207134 0.0418757 0.0840258 0.1070075 
Ecan.663   0.1315287 0.0207134 0.0000000 0.0208552 0.0627491 0.0852345 
Ecan.2291  0.1551821 0.0418757 0.0208552 0.0000000 0.0845955 0.1077393 
Ecan.3897  0.2003994 0.0840258 0.0627491 0.0845955 0.0000000 0.1514766 
Ecan.9253  0.2269313 0.1070075 0.0852345 0.1077393 0.1514766 0.0000000 
