49
Smed.11515 0.0000000 1.0334578 0.8186491 0.8474934 0.7765974 0.5576167 0.5524381 0.2933602 0.4049023 0.5288711 0.5288711 0.7814361 1.2639239 0.6662583 0.6369510 0.4660967 0.3299387 0.6978853 0.7057276 0.7740100 0.7041801 0.6984368 0.7648178 0.7058048 0.7111910 0.6550024 0.6898432 0.6414998 0.5782654 0.4647663 0.6034600 0.4005248 0.4666636 0.4646646 0.4837716 0.4639661 0.4873493 0.4646646 0.4932786 0.4168234 0.7003750 0.8060760 0.8222951 0.6556492 0.5834566 0.5967983 0.5180175 0.6002689 0.5986719 
Smed.255   1.0334578 0.0000000 1.0932454 0.9922391 1.0586681 1.1167052 1.2811888 1.1854315 1.2145168 1.1226670 1.1226670 1.2339297 1.4193027 1.1156025 0.9355187 1.0472410 0.9716992 1.0856745 1.0932408 1.1633186 1.0914812 1.2199082 1.3071423 1.3122696 1.1045561 1.0764271 1.0344094 1.1605695 1.2367931 1.1549560 1.2372990 1.0537658 1.1192180 1.1904187 1.2057640 1.1378431 1.1806848 1.1904187 1.1731430 1.1420231 1.2913372 1.4168484 1.3668982 1.3193396 1.2600955 1.3109913 1.2279132 1.2497119 1.4133826 
Smed.17289 0.8186491 1.0932454 0.0000000 0.1783997 0.1802500 0.9460430 0.6717983 0.8462722 1.0470249 0.9061298 0.9061298 1.0153449 1.1293306 0.8170406 0.9387286 0.8850338 0.7976179 0.9724275 0.9819761 1.0698386 0.9778884 1.0094871 1.1000843 1.0111085 0.9899133 0.9217705 0.9801039 0.7724846 0.9878622 0.8302724 0.9931599 0.9260130 0.8538624 0.8494269 0.8155842 0.8814083 0.8425017 0.8494269 0.8933757 0.9179311 0.8664654 0.9793974 0.9207591 0.7060859 0.7597414 0.6465110 0.7164676 0.7156273 0.7635820 
Smed.6993  0.8474934 0.9922391 0.1783997 0.0000000 0.0289090 0.9093595 0.6231827 0.8963172 0.9831327 0.8717805 0.8717805 0.9859235 1.0588402 0.8162778 0.9299158 0.8607840 0.7507800 0.8626226 0.8113720 0.8860274 0.8090937 0.9632824 0.9760263 0.9623081 0.8779735 0.8172373 0.8695591 0.7318760 0.9414080 0.7396025 0.8852105 0.8723211 0.7941490 0.7570050 0.7269581 0.8191631 0.7509020 0.7570050 0.8551117 0.8757380 0.8478772 0.8849745 0.8994936 0.6551734 0.7047423 0.6154314 0.6538474 0.6631694 0.6826880 
Smed.11110 0.7765974 1.0586681 0.1802500 0.0289090 0.0000000 0.8856629 0.5776396 0.8219957 0.9030802 0.8486815 0.8486815 0.9374067 1.0624955 0.8026652 0.9719782 0.7888341 0.6858238 0.8782068 0.8264672 0.9020596 0.8062632 0.8848950 0.9929664 0.8830779 0.8937737 0.8323207 0.9071672 0.7838748 0.9174327 0.7379716 0.8623630 0.8503288 0.7738510 0.7373933 0.7080720 0.7981137 0.7314607 0.7373933 0.8334297 0.8530105 0.8556020 0.8476727 0.9076183 0.6756640 0.7261678 0.6352446 0.6063638 0.6841723 0.6618460 
Smed.29378 0.5576167 1.1167052 0.9460430 0.9093595 0.8856629 0.0000000 0.6277825 0.5601497 0.7177458 0.0293436 0.0293436 0.6869950 1.1308672 0.6192393 0.7962626 0.5944104 0.6139278 0.7551163 0.7374285 0.8061949 0.7391463 0.8387894 0.7537191 0.8483501 0.7686466 0.7121117 0.7802689 0.5192144 0.4604216 0.4029782 0.4811917 0.4159631 0.3932576 0.3916784 0.3985301 0.4061953 0.4121210 0.3916784 0.4353861 0.3552792 0.8036342 0.7783804 0.7428134 0.7450612 0.6463344 0.6804123 0.5916101 0.6310564 0.5691589 
Smed.4621  0.5524381 1.2811888 0.6717983 0.6231827 0.5776396 0.6277825 0.0000000 0.3688923 0.5525195 0.5988717 0.5988717 0.6704775 0.8773741 0.7020737 0.7733884 0.5263571 0.5371542 0.2397695 0.2405656 0.2418676 0.2079520 0.3356667 0.2844584 0.2828481 0.2192779 0.2354646 0.2384194 0.4275197 0.5700822 0.4743348 0.5731607 0.4559040 0.4536998 0.4742201 0.4778272 0.4714401 0.4957942 0.4742201 0.4905454 0.5234597 0.5160068 0.2952116 0.4615567 0.0912979 0.0765527 0.0448607 0.0450089 0.0632329 0.0937282 
Smed.25190 0.2933602 1.1854315 0.8462722 0.8963172 0.8219957 0.5601497 0.3688923 0.0000000 0.4307727 0.5326291 0.5326291 0.6879471 1.2168626 0.6348192 0.6586420 0.3306189 0.2857359 0.4547917 0.5143031 0.5005612 0.4626960 0.4624492 0.4951216 0.4688961 0.4649156 0.4940213 0.4744568 0.5806872 0.5596642 0.4494872 0.5681762 0.3431347 0.4282810 0.4494178 0.4945915 0.4256220 0.4715811 0.4494178 0.4673933 0.4233618 0.5189222 0.4730972 0.5370046 0.4095795 0.3916836 0.3817814 0.3406629 0.3930069 0.3802812 
Smed.27061 0.4049023 1.2145168 1.0470249 0.9831327 0.9030802 0.7177458 0.5525195 0.4307727 0.0000000 0.6861294 0.6861294 0.8085694 1.5481604 0.8111368 0.8659656 0.5530734 0.4001313 0.6896892 0.7805494 0.7834198 0.7128828 0.7161265 0.7559477 0.7234780 0.7028134 0.7033140 0.7009825 0.5799319 0.6117767 0.5388506 0.6428679 0.5075799 0.5041821 0.5385991 0.5514676 0.5015384 0.5619894 0.5385991 0.5636835 0.4202374 0.8311495 0.8002801 0.8445713 0.6528315 0.5990925 0.5956209 0.5166146 0.5965768 0.5646429 
Smed.17034 0.5288711 1.1226670 0.9061298 0.8717805 0.8486815 0.0293436 0.5988717 0.5326291 0.6861294 0.0000000 0.0000010 0.6557560 1.1049711 0.5893224 0.7602748 0.5658582 0.5842651 0.7224540 0.7051297 0.7719189 0.7069367 0.8032948 0.7209326 0.8129431 0.7355308 0.6801921 0.7467739 0.4935001 0.4354569 0.3803507 0.4558391 0.3926884 0.3704739 0.3689858 0.3752472 0.3832401 0.3891007 0.3689858 0.4112154 0.3330704 0.7683426 0.7450339 0.6786397 0.7121575 0.6170901 0.6502345 0.5639727 0.6021562 0.5425013 
Smed.25191 0.5288711 1.1226670 0.9061298 0.8717805 0.8486815 0.0293436 0.5988717 0.5326291 0.6861294 0.0000010 0.0000000 0.6557560 1.1049711 0.5893224 0.7602748 0.5658582 0.5842651 0.7224540 0.7051297 0.7719189 0.7069367 0.8032948 0.7209326 0.8129431 0.7355308 0.6801921 0.7467739 0.4935001 0.4354569 0.3803507 0.4558391 0.3926884 0.3704739 0.3689858 0.3752472 0.3832401 0.3891007 0.3689858 0.4112154 0.3330704 0.7683426 0.7450339 0.6786397 0.7121575 0.6170901 0.6502345 0.5639727 0.6021562 0.5425013 
Smed.669   0.7814361 1.2339297 1.0153449 0.9859235 0.9374067 0.6869950 0.6704775 0.6879471 0.8085694 0.6557560 0.6557560 0.0000000 1.3706042 0.7111766 0.6443137 0.7097200 0.6888530 0.8061492 0.9044003 0.8469833 0.8712163 0.7713808 0.7794836 0.8368659 0.8206549 0.9037453 0.8825225 0.6519288 0.5734124 0.5300776 0.6155539 0.4950537 0.4963743 0.4943310 0.5058832 0.4607632 0.5164163 0.4943310 0.5129779 0.4375107 0.6966784 0.7274843 0.7164390 0.7966450 0.7440989 0.7522082 0.6041149 0.6771318 0.5950668 
Smed.10074 1.2639239 1.4193027 1.1293306 1.0588402 1.0624955 1.1308672 0.8773741 1.2168626 1.5481604 1.1049711 1.1049711 1.3706042 0.0000000 1.1988134 1.3003784 1.4913854 1.1606744 0.8533904 0.8515771 0.9162391 0.8392415 1.0010039 1.0321442 1.0654543 0.8400403 0.8642124 0.8759501 1.0643283 1.1584458 1.0886542 1.3037340 1.1588237 1.1312186 1.1240882 1.1583444 1.1564608 1.1150046 1.1240882 1.1754178 1.2264768 1.1828082 1.0272802 1.1175329 1.0437242 0.9234318 0.9677434 0.8412950 0.8484060 0.9036144 
Smed.6282  0.6662583 1.1156025 0.8170406 0.8162778 0.8026652 0.6192393 0.7020737 0.6348192 0.8111368 0.5893224 0.5893224 0.7111766 1.1988134 0.0000000 0.6527676 0.7464357 0.5785165 0.8724218 0.8699318 0.9294934 0.8514350 0.8861119 0.9889283 0.8944922 0.8876603 0.8859583 0.9007671 0.7716293 0.7341887 0.6097265 0.6154719 0.5907317 0.6004924 0.5977965 0.5608535 0.6380804 0.6224164 0.5977965 0.6118682 0.5556862 0.9620036 1.0318368 1.0153548 0.8398964 0.7871251 0.7690643 0.6847851 0.7696219 0.7387549 
Smed.10723 0.6369510 0.9355187 0.9387286 0.9299158 0.9719782 0.7962626 0.7733884 0.6586420 0.8659656 0.7602748 0.7602748 0.6443137 1.3003784 0.6527676 0.0000000 0.8194881 0.7345981 0.8478520 1.0065020 1.0092236 0.8845848 1.0125397 0.9253636 1.0476950 0.8638323 0.9678924 0.8943616 0.6499299 0.6932186 0.5888011 0.6846805 0.5755900 0.6089243 0.6060147 0.6655217 0.6225606 0.6322560 0.6060147 0.5996394 0.5537863 0.9351680 0.9494061 0.9922019 0.8552630 0.7809844 0.7677449 0.7147313 0.7490936 0.7202811 
Smed.9110  0.4660967 1.0472410 0.8850338 0.8607840 0.7888341 0.5944104 0.5263571 0.3306189 0.5530734 0.5658582 0.5658582 0.7097200 1.4913854 0.7464357 0.8194881 0.0000000 0.4151154 0.7004265 0.7727750 0.7569312 0.6598965 0.7167695 0.7480996 0.7400185 0.7135430 0.7442719 0.7248333 0.5336594 0.5244459 0.4245548 0.4733279 0.3994728 0.3831443 0.4245352 0.4674579 0.3805412 0.4339242 0.4245352 0.4526193 0.4485830 0.6808368 0.6664330 0.6950744 0.6187412 0.5627582 0.5757244 0.4459088 0.5543261 0.5835552 
Smed.12259 0.3299387 0.9716992 0.7976179 0.7507800 0.6858238 0.6139278 0.5371542 0.2857359 0.4001313 0.5842651 0.5842651 0.6888530 1.1606744 0.5785165 0.7345981 0.4151154 0.0000000 0.5794698 0.5866827 0.6488960 0.5863503 0.5885673 0.6982971 0.5901846 0.5912950 0.6213372 0.6016931 0.6441648 0.5845001 0.5310885 0.6367573 0.4432771 0.4873289 0.5308584 0.5799791 0.4847138 0.5535931 0.5308584 0.5037402 0.4708695 0.6361500 0.7399630 0.7267229 0.6384825 0.5895492 0.5830523 0.4545601 0.5659014 0.5536776 
Smed.563   0.6978853 1.0856745 0.9724275 0.8626226 0.8782068 0.7551163 0.2397695 0.4547917 0.6896892 0.7224540 0.7224540 0.8061492 0.8533904 0.8724218 0.8478520 0.7004265 0.5794698 0.0000000 0.0924731 0.0929448 0.0904142 0.2294086 0.0800174 0.1820824 0.0144666 0.0753118 0.0629051 0.5023371 0.6615097 0.5596693 0.7082726 0.5451818 0.5824994 0.6053408 0.6598350 0.6050526 0.6294586 0.6053408 0.6267082 0.5479285 0.4756414 0.2888592 0.4516681 0.2866115 0.2581894 0.2712811 0.2159586 0.2372429 0.2530393 
Smed.1731  0.7057276 1.0932408 0.9819761 0.8113720 0.8264672 0.7374285 0.2405656 0.5143031 0.7805494 0.7051297 0.7051297 0.9044003 0.8515771 0.8699318 1.0065020 0.7727750 0.5866827 0.0924731 0.0000000 0.0459791 0.0598456 0.2475314 0.1699867 0.1997388 0.0763544 0.1078535 0.1097899 0.5908833 0.6890294 0.5714235 0.6837281 0.5714048 0.6088054 0.5824714 0.6406267 0.6699542 0.6063840 0.5824714 0.6539969 0.6392472 0.5156381 0.3097340 0.4945467 0.2623483 0.2589950 0.2720618 0.2167574 0.2380413 0.2537981 
Smed.4306  0.7740100 1.1633186 1.0698386 0.8860274 0.9020596 0.8061949 0.2418676 0.5005612 0.7834198 0.7719189 0.7719189 0.8469833 0.9162391 0.9294934 1.0092236 0.7569312 0.6488960 0.0929448 0.0459791 0.0000000 0.0601465 0.2467754 0.1126108 0.1991495 0.0767435 0.1083979 0.1103539 0.5935397 0.6871397 0.5739222 0.6271966 0.5696837 0.6070408 0.5807500 0.5950232 0.6726439 0.6046256 0.5807500 0.6521352 0.6428255 0.5109495 0.2654579 0.4416163 0.2467671 0.2604447 0.2735734 0.2179237 0.2393309 0.2551260 
Smed.565   0.7041801 1.0914812 0.9778884 0.8090937 0.8062632 0.7391463 0.2079520 0.4626960 0.7128828 0.7069367 0.7069367 0.8712163 0.8392415 0.8514350 0.8845848 0.6598965 0.5863503 0.0904142 0.0598456 0.0601465 0.0000000 0.2370907 0.1839949 0.1910053 0.0746723 0.1054543 0.0932999 0.5294967 0.6234745 0.4676286 0.6175200 0.5094530 0.5465066 0.5209550 0.5709608 0.5680054 0.5442473 0.5209550 0.5891715 0.6041310 0.5608488 0.3236273 0.4468065 0.2609422 0.2330085 0.2456380 0.1860797 0.2139053 0.2212548 
Smed.4914  0.6984368 1.2199082 1.0094871 0.9632824 0.8848950 0.8387894 0.3356667 0.4624492 0.7161265 0.8032948 0.8032948 0.7713808 1.0010039 0.8861119 1.0125397 0.7167695 0.5885673 0.2294086 0.2475314 0.2467754 0.2370907 0.0000000 0.3259999 0.0620692 0.2498640 0.2334990 0.2280690 0.7239549 0.6358003 0.6781257 0.7590158 0.4928956 0.6014447 0.6246701 0.6917809 0.6058210 0.6195168 0.6246701 0.6468576 0.6315006 0.4929213 0.3908313 0.4324719 0.3379789 0.3178555 0.3795501 0.3084909 0.3122702 0.3344018 
Smed.2306  0.7648178 1.3071423 1.1000843 0.9760263 0.9929664 0.7537191 0.2844584 0.4951216 0.7559477 0.7209326 0.7209326 0.7794836 1.0321442 0.9889283 0.9253636 0.7480996 0.6982971 0.0800174 0.1699867 0.1126108 0.1839949 0.3259999 0.0000000 0.2726743 0.0967116 0.1674216 0.1576447 0.5223135 0.5827977 0.5792624 0.6320871 0.5268760 0.5636133 0.5860054 0.6002318 0.6258424 0.6096396 0.5860054 0.6065168 0.5455889 0.4997762 0.2659766 0.4795022 0.2900570 0.3055504 0.3192024 0.2589364 0.2818447 0.2969970 
Smed.4917  0.7058048 1.3122696 1.0111085 0.9623081 0.8830779 0.8483501 0.2828481 0.4688961 0.7234780 0.8129431 0.8129431 0.8368659 1.0654543 0.8944922 1.0476950 0.7400185 0.5901846 0.1820824 0.1997388 0.1991495 0.1910053 0.0620692 0.2726743 0.0000000 0.2014774 0.1855714 0.1808656 0.7010680 0.6455623 0.6878440 0.7687591 0.5458764 0.6113011 0.6344524 0.7015419 0.6639934 0.6589260 0.6344524 0.6567783 0.6931904 0.5164017 0.3668705 0.4484624 0.2843623 0.2655110 0.3236142 0.2578133 0.2607408 0.2733891 
Smed.2578  0.7111910 1.1045561 0.9899133 0.8779735 0.8937737 0.7686466 0.2192779 0.4649156 0.7028134 0.7355308 0.7355308 0.8206549 0.8400403 0.8876603 0.8638323 0.7135430 0.5912950 0.0144666 0.0763544 0.0767435 0.0746723 0.2498640 0.0967116 0.2014774 0.0000000 0.0911105 0.0792482 0.5130686 0.6736470 0.5704377 0.7210390 0.5560964 0.5936684 0.6167231 0.6720923 0.6166421 0.6410743 0.6167231 0.6385517 0.5593845 0.5019893 0.3098285 0.4760244 0.2648922 0.2364493 0.2493406 0.1962169 0.2168093 0.2328673 
Smed.797   0.6550024 1.0764271 0.9217705 0.8172373 0.8323207 0.7121117 0.2354646 0.4940213 0.7033140 0.6801921 0.6801921 0.9037453 0.8642124 0.8859583 0.9678924 0.7442719 0.6213372 0.0753118 0.1078535 0.1083979 0.1054543 0.2334990 0.1674216 0.1855714 0.0911105 0.0000000 0.0793919 0.5682395 0.6699403 0.5982960 0.7508323 0.5760817 0.6220060 0.6451008 0.6714030 0.6383245 0.6695375 0.6451008 0.6676198 0.6185583 0.5154450 0.3057080 0.4452807 0.2422003 0.2396740 0.2661590 0.2329283 0.2286025 0.2697875 
Smed.2686  0.6898432 1.0344094 0.9801039 0.8695591 0.9071672 0.7802689 0.2384194 0.4744568 0.7009825 0.7467739 0.7467739 0.8825225 0.8759501 0.9007671 0.8943616 0.7248333 0.6016931 0.0629051 0.1097899 0.1103539 0.0932999 0.2280690 0.1576447 0.1808656 0.0792482 0.0793919 0.0000000 0.5221182 0.6841294 0.5948153 0.7320204 0.5658117 0.6034793 0.6266591 0.6826833 0.6267577 0.6511610 0.6266591 0.6488424 0.5882762 0.5194035 0.3123606 0.4590568 0.2785914 0.2507635 0.2635014 0.2146766 0.2306903 0.2517033 
Smed.64    0.6414998 1.1605695 0.7724846 0.7318760 0.7838748 0.5192144 0.4275197 0.5806872 0.5799319 0.4935001 0.4935001 0.6519288 1.0643283 0.7716293 0.6499299 0.5336594 0.6441648 0.5023371 0.5908833 0.5935397 0.5294967 0.7239549 0.5223135 0.7010680 0.5130686 0.5682395 0.5221182 0.0000000 0.3701063 0.2823796 0.3432592 0.3171454 0.2972694 0.2960812 0.3290827 0.2959111 0.3148338 0.2960812 0.3069755 0.3183034 0.6528985 0.6381250 0.6813748 0.5215402 0.4617973 0.4033497 0.3994150 0.4243849 0.3900677 
Smed.3738  0.5782654 1.2367931 0.9878622 0.9414080 0.9174327 0.4604216 0.5700822 0.5596642 0.6117767 0.4354569 0.4354569 0.5734124 1.1584458 0.7341887 0.6932186 0.5244459 0.5845001 0.6615097 0.6890294 0.6871397 0.6234745 0.6358003 0.5827977 0.6455623 0.6736470 0.6699403 0.6841294 0.3701063 0.0000000 0.1798534 0.1828369 0.1924073 0.1440876 0.1434087 0.1837893 0.1918217 0.1615585 0.1434087 0.1384224 0.2696143 0.7587357 0.7221833 0.6293011 0.6487154 0.5786215 0.6133159 0.5099984 0.5562376 0.4831574 
Smed.3826  0.4647663 1.1549560 0.8302724 0.7396025 0.7379716 0.4029782 0.4743348 0.4494872 0.5388506 0.3803507 0.3803507 0.5300776 1.0886542 0.6097265 0.5888011 0.4245548 0.5310885 0.5596693 0.5714235 0.5739222 0.4676286 0.6781257 0.5792624 0.6878440 0.5704377 0.5982960 0.5948153 0.2823796 0.1798534 0.0000000 0.0944261 0.1528327 0.0579268 0.0284631 0.0446650 0.1039623 0.0429167 0.0284631 0.0901407 0.2339026 0.6408887 0.6029670 0.5943113 0.6063075 0.5160220 0.4979836 0.4213917 0.4850604 0.3975772 
Smed.4344  0.6034600 1.2372990 0.9931599 0.8852105 0.8623630 0.4811917 0.5731607 0.5681762 0.6428679 0.4558391 0.4558391 0.6155539 1.3037340 0.6154719 0.6846805 0.4733279 0.6367573 0.7082726 0.6837281 0.6271966 0.6175200 0.7590158 0.6320871 0.7687591 0.7210390 0.7508323 0.7320204 0.3432592 0.1828369 0.0944261 0.0000000 0.2001945 0.0951643 0.0624769 0.0963774 0.1450305 0.0784068 0.0624769 0.0916090 0.2619621 0.7570744 0.6946051 0.6884406 0.6515489 0.6224028 0.6009884 0.5132483 0.6016834 0.5179152 
Smed.10882 0.4005248 1.0537658 0.9260130 0.8723211 0.8503288 0.4159631 0.4559040 0.3431347 0.5075799 0.3926884 0.3926884 0.4950537 1.1588237 0.5907317 0.5755900 0.3994728 0.4432771 0.5451818 0.5714048 0.5696837 0.5094530 0.4928956 0.5268760 0.5458764 0.5560964 0.5760817 0.5658117 0.3171454 0.1924073 0.1528327 0.2001945 0.0000000 0.1055128 0.1209814 0.1558348 0.1089626 0.1368231 0.1209814 0.1575056 0.2216403 0.5842759 0.6200435 0.6240147 0.5203935 0.4871786 0.4950988 0.4243940 0.4565739 0.3873630 
Smed.154   0.4666636 1.1192180 0.8538624 0.7941490 0.7738510 0.3932576 0.4536998 0.4282810 0.5041821 0.3704739 0.3704739 0.4963743 1.1312186 0.6004924 0.6089243 0.3831443 0.4873289 0.5824994 0.6088054 0.6070408 0.5465066 0.6014447 0.5636133 0.6113011 0.5936684 0.6220060 0.6034793 0.2972694 0.1440876 0.0579268 0.0951643 0.1055128 0.0000000 0.0286955 0.0590554 0.0737715 0.0432590 0.0286955 0.0598383 0.2227117 0.5927041 0.5871332 0.5732538 0.5499886 0.5094859 0.4916472 0.3816448 0.4788188 0.3782210 
Smed.148   0.4646646 1.1904187 0.8494269 0.7570050 0.7373933 0.3916784 0.4742201 0.4494178 0.5385991 0.3689858 0.3689858 0.4943310 1.1240882 0.5977965 0.6060147 0.4245352 0.5308584 0.6053408 0.5824714 0.5807500 0.5209550 0.6246701 0.5860054 0.6344524 0.6167231 0.6451008 0.6266591 0.2960812 0.1434087 0.0284631 0.0624769 0.1209814 0.0286955 0.0000000 0.0290158 0.1041543 0.0141722 0.0000010 0.0595685 0.2217818 0.6158006 0.6096985 0.5707661 0.5721756 0.5310519 0.5126896 0.4213786 0.4996612 0.3976071 
Smed.152   0.4837716 1.2057640 0.8155842 0.7269581 0.7080720 0.3985301 0.4778272 0.4945915 0.5514676 0.3752472 0.3752472 0.5058832 1.1583444 0.5608535 0.6655217 0.4674579 0.5799791 0.6598350 0.6406267 0.5950232 0.5709608 0.6917809 0.6002318 0.7015419 0.6720923 0.6714030 0.6826833 0.3290827 0.1837893 0.0446650 0.0963774 0.1558348 0.0590554 0.0290158 0.0000000 0.1246556 0.0437488 0.0290158 0.0919297 0.2452150 0.6310951 0.6245020 0.5847470 0.5872948 0.5350966 0.5165612 0.4624631 0.5275331 0.4371234 
Smed.4042  0.4639661 1.1378431 0.8814083 0.8191631 0.7981137 0.4061953 0.4714401 0.4256220 0.5015384 0.3832401 0.3832401 0.4607632 1.1564608 0.6380804 0.6225606 0.3805412 0.4847138 0.6050526 0.6699542 0.6726439 0.5680054 0.6058210 0.6258424 0.6639934 0.6166421 0.6383245 0.6267577 0.2959111 0.1918217 0.1039623 0.1450305 0.1089626 0.0737715 0.1041543 0.1246556 0.0000000 0.1196520 0.1041543 0.1394503 0.2177553 0.6253233 0.6599813 0.6389635 0.6150121 0.5072089 0.5106724 0.3969358 0.4759626 0.4025289 
Smed.3825  0.4873493 1.1806848 0.8425017 0.7509020 0.7314607 0.4121210 0.4957942 0.4715811 0.5619894 0.3891007 0.3891007 0.5164163 1.1150046 0.6224164 0.6322560 0.4339242 0.5535931 0.6294586 0.6063840 0.6046256 0.5442473 0.6195168 0.6096396 0.6589260 0.6410743 0.6695375 0.6511610 0.3148338 0.1615585 0.0429167 0.0784068 0.1368231 0.0432590 0.0141722 0.0437488 0.1196520 0.0000000 0.0141722 0.0748052 0.2397560 0.6402335 0.6335357 0.5944835 0.5955900 0.5537673 0.5348468 0.4420282 0.5216050 0.4178860 
Smed.150   0.4646646 1.1904187 0.8494269 0.7570050 0.7373933 0.3916784 0.4742201 0.4494178 0.5385991 0.3689858 0.3689858 0.4943310 1.1240882 0.5977965 0.6060147 0.4245352 0.5308584 0.6053408 0.5824714 0.5807500 0.5209550 0.6246701 0.5860054 0.6344524 0.6167231 0.6451008 0.6266591 0.2960812 0.1434087 0.0284631 0.0624769 0.1209814 0.0286955 0.0000010 0.0290158 0.1041543 0.0141722 0.0000000 0.0595685 0.2217818 0.6158006 0.6096985 0.5707661 0.5721756 0.5310519 0.5126896 0.4213786 0.4996612 0.3976071 
Smed.6156  0.4932786 1.1731430 0.8933757 0.8551117 0.8334297 0.4353861 0.4905454 0.4673933 0.5636835 0.4112154 0.4112154 0.5129779 1.1754178 0.6118682 0.5996394 0.4526193 0.5037402 0.6267082 0.6539969 0.6521352 0.5891715 0.6468576 0.6065168 0.6567783 0.6385517 0.6676198 0.6488424 0.3069755 0.1384224 0.0901407 0.0916090 0.1575056 0.0598383 0.0595685 0.0919297 0.1394503 0.0748052 0.0595685 0.0000000 0.2030395 0.6701417 0.6364068 0.5797200 0.5921899 0.5495620 0.5323652 0.4358262 0.5168435 0.4112535 
Smed.8980  0.4168234 1.1420231 0.9179311 0.8757380 0.8530105 0.3552792 0.5234597 0.4233618 0.4202374 0.3330704 0.3330704 0.4375107 1.2264768 0.5556862 0.5537863 0.4485830 0.4708695 0.5479285 0.6392472 0.6428255 0.6041310 0.6315006 0.5455889 0.6931904 0.5593845 0.6185583 0.5882762 0.3183034 0.2696143 0.2339026 0.2619621 0.2216403 0.2227117 0.2217818 0.2452150 0.2177553 0.2397560 0.2217818 0.2030395 0.0000000 0.6346728 0.6540783 0.6414276 0.6562299 0.5693371 0.5661299 0.4643513 0.5516659 0.4125036 
Smed.398   0.7003750 1.2913372 0.8664654 0.8478772 0.8556020 0.8036342 0.5160068 0.5189222 0.8311495 0.7683426 0.7683426 0.6966784 1.1828082 0.9620036 0.9351680 0.6808368 0.6361500 0.4756414 0.5156381 0.5109495 0.5608488 0.4929213 0.4997762 0.5164017 0.5019893 0.5154450 0.5194035 0.6528985 0.7587357 0.6408887 0.7570744 0.5842759 0.5927041 0.6158006 0.6310951 0.6253233 0.6402335 0.6158006 0.6701417 0.6346728 0.0000000 0.2974897 0.2428262 0.4778455 0.5101182 0.5221648 0.4817521 0.4724224 0.5192390 
Smed.420   0.8060760 1.4168484 0.9793974 0.8849745 0.8476727 0.7783804 0.2952116 0.4730972 0.8002801 0.7450339 0.7450339 0.7274843 1.0272802 1.0318368 0.9494061 0.6664330 0.7399630 0.2888592 0.3097340 0.2654579 0.3236273 0.3908313 0.2659766 0.3668705 0.3098285 0.3057080 0.3123606 0.6381250 0.7221833 0.6029670 0.6946051 0.6200435 0.5871332 0.6096985 0.6245020 0.6599813 0.6335357 0.6096985 0.6364068 0.6540783 0.2974897 0.0000000 0.1998663 0.3200178 0.3161021 0.3120263 0.2701876 0.2926801 0.3050386 
Smed.5977  0.8222951 1.3668982 0.9207591 0.8994936 0.9076183 0.7428134 0.4615567 0.5370046 0.8445713 0.6786397 0.6786397 0.7164390 1.1175329 1.0153548 0.9922019 0.6950744 0.7267229 0.4516681 0.4945467 0.4416163 0.4468065 0.4324719 0.4795022 0.4484624 0.4760244 0.4452807 0.4590568 0.6813748 0.6293011 0.5943113 0.6884406 0.6240147 0.5732538 0.5707661 0.5847470 0.6389635 0.5944835 0.5707661 0.5797200 0.6414276 0.2428262 0.1998663 0.0000000 0.4261695 0.4549434 0.4642177 0.4091543 0.4213110 0.4423410 
Smed.5965  0.6556492 1.3193396 0.7060859 0.6551734 0.6756640 0.7450612 0.0912979 0.4095795 0.6528315 0.7121575 0.7121575 0.7966450 1.0437242 0.8398964 0.8552630 0.6187412 0.6384825 0.2866115 0.2623483 0.2467671 0.2609422 0.3379789 0.2900570 0.2843623 0.2648922 0.2422003 0.2785914 0.5215402 0.6487154 0.6063075 0.6515489 0.5203935 0.5499886 0.5721756 0.5872948 0.6150121 0.5955900 0.5721756 0.5921899 0.6562299 0.4778455 0.3200178 0.4261695 0.0000000 0.0948574 0.0756664 0.1431223 0.1155578 0.1894974 
Smed.5967  0.5834566 1.2600955 0.7597414 0.7047423 0.7261678 0.6463344 0.0765527 0.3916836 0.5990925 0.6170901 0.6170901 0.7440989 0.9234318 0.7871251 0.7809844 0.5627582 0.5895492 0.2581894 0.2589950 0.2604447 0.2330085 0.3178555 0.3055504 0.2655110 0.2364493 0.2396740 0.2507635 0.4617973 0.5786215 0.5160220 0.6224028 0.4871786 0.5094859 0.5310519 0.5350966 0.5072089 0.5537673 0.5310519 0.5495620 0.5693371 0.5101182 0.3161021 0.4549434 0.0948574 0.0000000 0.0609022 0.0945502 0.0470802 0.1738137 
Smed.1292  0.5967983 1.3109913 0.6465110 0.6154314 0.6352446 0.6804123 0.0448607 0.3817814 0.5956209 0.6502345 0.6502345 0.7522082 0.9677434 0.7690643 0.7677449 0.5757244 0.5830523 0.2712811 0.2720618 0.2735734 0.2456380 0.3795501 0.3192024 0.3236142 0.2493406 0.2661590 0.2635014 0.4033497 0.6133159 0.4979836 0.6009884 0.4950988 0.4916472 0.5126896 0.5165612 0.5106724 0.5348468 0.5126896 0.5323652 0.5661299 0.5221648 0.3120263 0.4642177 0.0756664 0.0609022 0.0000000 0.0938291 0.0797107 0.1363615 
Smed.8227  0.5180175 1.2279132 0.7164676 0.6538474 0.6063638 0.5916101 0.0450089 0.3406629 0.5166146 0.5639727 0.5639727 0.6041149 0.8412950 0.6847851 0.7147313 0.4459088 0.4545601 0.2159586 0.2167574 0.2179237 0.1860797 0.3084909 0.2589364 0.2578133 0.1962169 0.2329283 0.2146766 0.3994150 0.5099984 0.4213917 0.5132483 0.4243940 0.3816448 0.4213786 0.4624631 0.3969358 0.4420282 0.4213786 0.4358262 0.4643513 0.4817521 0.2701876 0.4091543 0.1431223 0.0945502 0.0938291 0.0000000 0.0607290 0.1085689 
Smed.1289  0.6002689 1.2497119 0.7156273 0.6631694 0.6841723 0.6310564 0.0632329 0.3930069 0.5965768 0.6021562 0.6021562 0.6771318 0.8484060 0.7696219 0.7490936 0.5543261 0.5659014 0.2372429 0.2380413 0.2393309 0.2139053 0.3122702 0.2818447 0.2607408 0.2168093 0.2286025 0.2306903 0.4243849 0.5562376 0.4850604 0.6016834 0.4565739 0.4788188 0.4996612 0.5275331 0.4759626 0.5216050 0.4996612 0.5168435 0.5516659 0.4724224 0.2926801 0.4213110 0.1155578 0.0470802 0.0797107 0.0607290 0.0000000 0.1444806 
Smed.10766 0.5986719 1.4133826 0.7635820 0.6826880 0.6618460 0.5691589 0.0937282 0.3802812 0.5646429 0.5425013 0.5425013 0.5950668 0.9036144 0.7387549 0.7202811 0.5835552 0.5536776 0.2530393 0.2537981 0.2551260 0.2212548 0.3344018 0.2969970 0.2733891 0.2328673 0.2697875 0.2517033 0.3900677 0.4831574 0.3975772 0.5179152 0.3873630 0.3782210 0.3976071 0.4371234 0.4025289 0.4178860 0.3976071 0.4112535 0.4125036 0.5192390 0.3050386 0.4423410 0.1894974 0.1738137 0.1363615 0.1085689 0.1444806 0.0000000 
