6
Mcor.346   0.0000000 0.4834820 1.1533027 0.0000010 1.1993530 0.8564725 
Mcor.5155  0.4834820 0.0000000 1.2304715 0.4834820 1.2643302 0.8703112 
Mcor.6007  1.1533027 1.2304715 0.0000000 1.1533027 1.1840905 1.1071215 
Mcor.10737 0.0000010 0.4834820 1.1533027 0.0000000 1.1993530 0.8564725 
Mcor.8579  1.1993530 1.2643302 1.1840905 1.1993530 0.0000000 1.0655398 
Mcor.11477 0.8564725 0.8703112 1.1071215 0.8564725 1.0655398 0.0000000 
