22
Mlig.22744 0.0000000 0.0022091 0.8097576 0.8107420 0.8233372 1.2580892 0.9733532 0.9749971 0.9874243 0.9841065 0.9843667 0.9772949 0.9749971 0.7173162 0.7182994 0.7082910 0.7082910 0.7254632 0.7327371 0.7110387 0.7124515 0.7098748 
Mlig.22745 0.0022091 0.0000000 0.8196207 0.8205977 0.8333550 1.2731619 0.9849707 0.9866384 0.9992133 0.9958472 0.9961156 0.9889496 0.9866384 0.7259729 0.7269454 0.7168414 0.7168414 0.7342598 0.7416231 0.7196131 0.7210474 0.7184387 
Mlig.31673 0.8097576 0.8196207 0.0000000 0.0044109 0.0088881 1.2495440 1.2066552 1.2185109 1.2277950 1.2235605 1.2238703 1.2151054 1.2185109 0.4949973 0.4992638 0.4948686 0.4948686 0.5053749 0.5109156 0.4900883 0.5019912 0.4891538 
Mlig.11653 0.8107420 0.8205977 0.0044109 0.0000000 0.0088665 1.2541352 1.2092684 1.2211395 1.2304476 1.2262030 1.2265114 1.2177316 1.2211395 0.4923182 0.4965624 0.4921996 0.4921996 0.5026224 0.5081191 0.4874627 0.4992682 0.4865278 
Mlig.31676 0.8233372 0.8333550 0.0088881 0.0088665 0.0000000 1.2604412 1.2153136 1.2272313 1.2366060 1.2323349 1.2326419 1.2238148 1.2272313 0.5046787 0.5089571 0.5045148 0.5045148 0.5151549 0.5207650 0.4996529 0.5117186 0.4987350 
Mlig.12744 1.2580892 1.2731619 1.2495440 1.2541352 1.2604412 0.0000000 1.3107895 1.3154084 1.3281836 1.3233185 1.3196445 1.3144454 1.3154084 1.1640954 1.1413961 1.1561848 1.1561848 1.1619810 1.1733814 1.1502406 1.1620754 1.1530366 
Mlig.21082 0.9733532 0.9849707 1.2066552 1.2092684 1.2153136 1.3107895 0.0000000 0.0092818 0.0092911 0.0092638 0.0117649 0.0069416 0.0092818 1.0170951 1.0300305 1.0168003 1.0168003 1.0493148 1.0595900 1.0195767 1.0154787 1.0233589 
Mlig.21075 0.9749971 0.9866384 1.2185109 1.2211395 1.2272313 1.3154084 0.0092818 0.0000000 0.0046237 0.0046102 0.0070272 0.0023030 0.0000010 1.0293185 1.0423618 1.0244967 1.0244967 1.0618475 1.0722217 1.0318270 1.0231522 1.0293893 
Mlig.21084 0.9874243 0.9992133 1.2277950 1.2304476 1.2366060 1.3281836 0.0092911 0.0046237 0.0000000 0.0046148 0.0070344 0.0023053 0.0046237 1.0368610 1.0500141 1.0320020 1.0320020 1.0696920 1.0801650 1.0393944 1.0306310 1.0369351 
Mlig.21076 0.9841065 0.9958472 1.2235605 1.2262030 1.2323349 1.3233185 0.0092638 0.0046102 0.0046148 0.0000000 0.0070135 0.0022986 0.0046102 1.0333459 1.0464518 1.0285028 1.0285028 1.0660468 1.0764777 1.0358684 1.0271438 1.0334185 
Mlig.46431 0.9843667 0.9961156 1.2238703 1.2265114 1.2326419 1.3196445 0.0117649 0.0070272 0.0070344 0.0070135 0.0000000 0.0046721 0.0070272 1.0336356 1.0467484 1.0287912 1.0287912 1.0663514 1.0767860 1.0361604 1.0274308 1.0337084 
Mlig.21077 0.9772949 0.9889496 1.2151054 1.2177316 1.2238148 1.3144454 0.0069416 0.0023030 0.0023053 0.0022986 0.0046721 0.0000000 0.0023030 1.0261831 1.0392063 1.0213674 1.0213674 1.0586521 1.0690074 1.0286861 1.0200315 1.0262526 
Mlig.21083 0.9749971 0.9866384 1.2185109 1.2211395 1.2272313 1.3154084 0.0092818 0.0000010 0.0046237 0.0046102 0.0070272 0.0023030 0.0000000 1.0293185 1.0423618 1.0244967 1.0244967 1.0618475 1.0722217 1.0318270 1.0231522 1.0293893 
Mlig.45530 0.7173162 0.7259729 0.4949973 0.4923182 0.5046787 1.1640954 1.0170951 1.0293185 1.0368610 1.0333459 1.0336356 1.0261831 1.0293185 0.0000000 0.0112910 0.0112711 0.0112711 0.0185486 0.0209209 0.0137407 0.0181356 0.0112620 
Mlig.45526 0.7182994 0.7269454 0.4992638 0.4965624 0.5089571 1.1413961 1.0300305 1.0423618 1.0500141 1.0464518 1.0467484 1.0392063 1.0423618 0.0112910 0.0000000 0.0089914 0.0089914 0.0161842 0.0185434 0.0114188 0.0158232 0.0089841 
Mlig.45525 0.7082910 0.7168414 0.4948686 0.4921996 0.5045148 1.1561848 1.0168003 1.0244967 1.0320020 1.0285028 1.0287912 1.0213674 1.0244967 0.0112711 0.0089914 0.0000000 0.0000010 0.0161548 0.0185096 0.0113985 0.0112338 0.0044650 
Mlig.45531 0.7082910 0.7168414 0.4948686 0.4921996 0.5045148 1.1561848 1.0168003 1.0244967 1.0320020 1.0285028 1.0287912 1.0213674 1.0244967 0.0112711 0.0089914 0.0000010 0.0000000 0.0161548 0.0185096 0.0113985 0.0112338 0.0044650 
Mlig.45523 0.7254632 0.7342598 0.5053749 0.5026224 0.5151549 1.1619810 1.0493148 1.0618475 1.0696920 1.0660468 1.0663514 1.0586521 1.0618475 0.0185486 0.0161842 0.0161548 0.0161548 0.0000000 0.0022281 0.0136261 0.0232032 0.0161416 
Mlig.45529 0.7327371 0.7416231 0.5109156 0.5081191 0.5207650 1.1733814 1.0595900 1.0722217 1.0801650 1.0764777 1.0767860 1.0690074 1.0722217 0.0209209 0.0185434 0.0185096 0.0185096 0.0022281 0.0000000 0.0159386 0.0255891 0.0184945 
Mlig.45528 0.7110387 0.7196131 0.4900883 0.4874627 0.4996529 1.1502406 1.0195767 1.0318270 1.0393944 1.0358684 1.0361604 1.0286861 1.0318270 0.0137407 0.0114188 0.0113985 0.0113985 0.0136261 0.0159386 0.0000000 0.0183355 0.0113892 
Mlig.45524 0.7124515 0.7210474 0.5019912 0.4992682 0.5117186 1.1620754 1.0154787 1.0231522 1.0306310 1.0271438 1.0274308 1.0200315 1.0231522 0.0181356 0.0158232 0.0112338 0.0112338 0.0232032 0.0255891 0.0183355 0.0000000 0.0112248 
Mlig.45527 0.7098748 0.7184387 0.4891538 0.4865278 0.4987350 1.1530366 1.0233589 1.0293893 1.0369351 1.0334185 1.0337084 1.0262526 1.0293893 0.0112620 0.0089841 0.0044650 0.0044650 0.0161416 0.0184945 0.0113892 0.0112248 0.0000000 
