6
Smed.13821 0.0000000 0.4256178 0.4056498 0.4056498 0.6130609 0.6416520 
Smed.7225  0.4256178 0.0000000 0.3571708 0.3571708 0.4710232 0.4983202 
Smed.14790 0.4056498 0.3571708 0.0000000 0.0000010 0.4087276 0.4343332 
Smed.27374 0.4056498 0.3571708 0.0000010 0.0000000 0.4087276 0.4343332 
Smed.4613  0.6130609 0.4710232 0.4087276 0.4087276 0.0000000 0.0155093 
Smed.20865 0.6416520 0.4983202 0.4343332 0.4343332 0.0155093 0.0000000 
