28
Smed.26678 0.0000000 0.9038429 0.6163093 0.8784541 0.6436997 0.5704052 0.5732070 0.5732070 0.3988079 0.3988079 0.4732571 0.4983227 0.4288122 0.3978267 0.8158904 0.7680602 0.5908203 0.7540608 0.8033266 0.6129477 0.3985358 0.4185039 0.5758552 0.1208211 0.4185039 0.7962530 0.7962530 0.4224043 
Smed.15967 0.9038429 0.0000000 0.3867799 0.3615214 0.2288656 0.6407295 0.5214912 0.5214912 0.3787722 0.3787722 0.5296984 0.3732652 0.5584675 0.6310163 0.3477491 0.4400422 0.3778578 0.5151949 0.5395233 0.5835063 0.3841441 0.2389391 0.5424628 0.5648724 0.2389391 0.5213310 0.5213310 0.3916719 
Smed.2021  0.6163093 0.3867799 0.0000000 0.3812537 0.2411550 0.5695944 0.3561707 0.3561707 0.2249203 0.2249203 0.3522086 0.2214563 0.3711403 0.4192361 0.3541598 0.3465558 0.2257556 0.3483434 0.2955297 0.5456351 0.2276185 0.1065584 0.3519097 0.3714633 0.1065584 0.3422490 0.3422490 0.2308520 
Smed.3976  0.8784541 0.3615214 0.3812537 0.0000000 0.0988983 0.7865930 0.5167397 0.5167397 0.3735177 0.3735177 0.5210077 0.3681501 0.5487784 0.6183908 0.5256997 0.3908095 0.3727151 0.5074066 0.5307194 0.7612871 0.3787055 0.2361318 0.5332116 0.5546062 0.2361318 0.5052232 0.5052232 0.3859366 
Smed.17482 0.6436997 0.2288656 0.2411550 0.0988983 0.0000000 0.5928963 0.3611863 0.3611863 0.2367200 0.2367200 0.3684316 0.2329874 0.3885401 0.4392776 0.3706071 0.2502571 0.2375211 0.3638101 0.3780265 0.5683179 0.2396691 0.1129345 0.3759476 0.3892085 0.1129345 0.3553900 0.3553900 0.2432573 
Smed.10914 0.5704052 0.6407295 0.5695944 0.7865930 0.5928963 0.0000000 0.5333462 0.5333462 0.3777681 0.3777681 0.5264907 0.5494028 0.4418363 0.8605400 0.7317187 0.4078808 0.2662666 0.4089580 0.4276626 0.9921273 0.5653643 0.3951249 0.7469214 0.7818926 0.3951249 0.7227774 0.7227774 0.5799690 
Smed.19039 0.5732070 0.5214912 0.3561707 0.5167397 0.3611863 0.5333462 0.0000000 0.0000010 0.1094751 0.1094751 0.2286932 0.3444103 0.5141780 0.5772969 0.4927055 0.4498016 0.3489635 0.4777888 0.4984037 0.7125394 0.3539105 0.2198628 0.4995553 0.5184192 0.2198628 0.3530990 0.3530990 0.3601448 
Smed.27232 0.5732070 0.5214912 0.3561707 0.5167397 0.3611863 0.5333462 0.0000010 0.0000000 0.1094751 0.1094751 0.2286932 0.3444103 0.5141780 0.5772969 0.4927055 0.4498016 0.3489635 0.4777888 0.4984037 0.7125394 0.3539105 0.2198628 0.4995553 0.5184192 0.2198628 0.3530990 0.3530990 0.3601448 
Smed.14184 0.3988079 0.3787722 0.2249203 0.3735177 0.2367200 0.3777681 0.1094751 0.1094751 0.0000000 0.0000010 0.1083925 0.2176587 0.3637698 0.4100702 0.3473846 0.3401881 0.2218500 0.3420075 0.3545674 0.5329140 0.2236118 0.1048466 0.3522086 0.3639588 0.1048466 0.3425827 0.3425827 0.2267098 
Smed.29674 0.3988079 0.3787722 0.2249203 0.3735177 0.2367200 0.3777681 0.1094751 0.1094751 0.0000010 0.0000000 0.1083925 0.2176587 0.3637698 0.4100702 0.3473846 0.3401881 0.2218500 0.3420075 0.3545674 0.5329140 0.2236118 0.1048466 0.3522086 0.3639588 0.1048466 0.3425827 0.3425827 0.2267098 
Smed.1199  0.4732571 0.5296984 0.3522086 0.5210077 0.3684316 0.5264907 0.2286932 0.2286932 0.1083925 0.1083925 0.0000000 0.1054690 0.5077638 0.3701742 0.4867217 0.4727957 0.3452281 0.4724505 0.4924830 0.6190753 0.2359732 0.2176587 0.4831217 0.4270493 0.2176587 0.4791958 0.4791958 0.3560611 
Smed.16714 0.4983227 0.3732652 0.2214563 0.3681501 0.2329874 0.5494028 0.3444103 0.3444103 0.2176587 0.2176587 0.1054690 0.0000000 0.3585714 0.2301791 0.3424832 0.3355217 0.2184991 0.3373728 0.3496149 0.4422434 0.1112410 0.1031884 0.3403616 0.2706819 0.1031884 0.3377976 0.3377976 0.2231816 
Smed.14666 0.4288122 0.5584675 0.3711403 0.5487784 0.3885401 0.4418363 0.5141780 0.5141780 0.3637698 0.3637698 0.5077638 0.3585714 0.0000000 0.4157939 0.5121007 0.2355691 0.1151392 0.2380702 0.2464617 0.7381561 0.3687080 0.2292633 0.5193013 0.2351326 0.2292633 0.5038005 0.5038005 0.2307874 
Smed.7668  0.3978267 0.6310163 0.4192361 0.6183908 0.4392776 0.8605400 0.5772969 0.5772969 0.4100702 0.4100702 0.3701742 0.2301791 0.4157939 0.0000000 0.5753421 0.5540098 0.4084611 0.5512045 0.5788462 0.5258066 0.3211266 0.2618529 0.4324244 0.2174532 0.2618529 0.5648966 0.5648966 0.1295780 
Smed.3238  0.8158904 0.3477491 0.3541598 0.5256997 0.3706071 0.7317187 0.4927055 0.4927055 0.3473846 0.3473846 0.4867217 0.3424832 0.5121007 0.5753421 0.0000000 0.4762552 0.3470402 0.4758233 0.4963716 0.2184387 0.3519174 0.2184550 0.4974536 0.5162819 0.2184550 0.4828848 0.4828848 0.3580892 
Smed.28088 0.7680602 0.4400422 0.3465558 0.3908095 0.2502571 0.4078808 0.4498016 0.4498016 0.3401881 0.3401881 0.4727957 0.3355217 0.2355691 0.5540098 0.4762552 0.0000000 0.1082034 0.2231988 0.2304467 0.6796258 0.3444470 0.2153324 0.4825814 0.4996754 0.2153324 0.3312898 0.3312898 0.3501976 
Smed.16438 0.5908203 0.3778578 0.2257556 0.3727151 0.2375211 0.2662666 0.3489635 0.3489635 0.2218500 0.2218500 0.3452281 0.2184991 0.1151392 0.4084611 0.3470402 0.1082034 0.0000000 0.1098642 0.1130035 0.5278634 0.2244474 0.1056290 0.3517851 0.3633245 0.1056290 0.3423126 0.3423126 0.2275461 
Smed.10201 0.7540608 0.5151949 0.3483434 0.5074066 0.3638101 0.4089580 0.4777888 0.4777888 0.3420075 0.3420075 0.4724505 0.3373728 0.2380702 0.5512045 0.4758233 0.2231988 0.1098642 0.0000000 0.2328820 0.6717480 0.3462469 0.2176081 0.4819919 0.4986117 0.2176081 0.4689367 0.4689367 0.3519752 
Smed.21095 0.8033266 0.5395233 0.2955297 0.5307194 0.3780265 0.4276626 0.4984037 0.4984037 0.3545674 0.3545674 0.4924830 0.3496149 0.2464617 0.5788462 0.4963716 0.2304467 0.1130035 0.2328820 0.0000000 0.7082945 0.3591957 0.2244474 0.3838873 0.5216481 0.2244474 0.3726389 0.3726389 0.3655312 
Smed.19174 0.6129477 0.5835063 0.5456351 0.7612871 0.5683179 0.9921273 0.7125394 0.7125394 0.5329140 0.5329140 0.6190753 0.4422434 0.7381561 0.5258066 0.2184387 0.6796258 0.5278634 0.6717480 0.7082945 0.0000000 0.3610308 0.3771228 0.5140746 0.3737808 0.3771228 0.6978796 0.6978796 0.5551142 
Smed.10782 0.3985358 0.3841441 0.2276185 0.3787055 0.2396691 0.5653643 0.3539105 0.3539105 0.2236118 0.2236118 0.2359732 0.1112410 0.3687080 0.3211266 0.3519174 0.3444470 0.2244474 0.3462469 0.3591957 0.3610308 0.0000000 0.1059900 0.2905659 0.2190090 0.1059900 0.3469705 0.3469705 0.2294639 
Smed.13567 0.4185039 0.2389391 0.1065584 0.2361318 0.1129345 0.3951249 0.2198628 0.2198628 0.1048466 0.1048466 0.2176587 0.1031884 0.2292633 0.2618529 0.2184550 0.2153324 0.1056290 0.2176081 0.2244474 0.3771228 0.1059900 0.0000000 0.2214563 0.2281651 0.0000010 0.2157396 0.2157396 0.1071447 
Smed.3363  0.5758552 0.5424628 0.3519097 0.5332116 0.3759476 0.7469214 0.4995553 0.4995553 0.3522086 0.3522086 0.4831217 0.3403616 0.5193013 0.4324244 0.4974536 0.4825814 0.3517851 0.4819919 0.3838873 0.5140746 0.2905659 0.2214563 0.0000000 0.3510578 0.2214563 0.2247929 0.2247929 0.3632463 
Smed.21828 0.1208211 0.5648724 0.3714633 0.5546062 0.3892085 0.7818926 0.5184192 0.5184192 0.3639588 0.3639588 0.4270493 0.2706819 0.2351326 0.2174532 0.5162819 0.4996754 0.3633245 0.4986117 0.5216481 0.3737808 0.2190090 0.2281651 0.3510578 0.0000000 0.2281651 0.5076086 0.5076086 0.2296861 
Smed.9475  0.4185039 0.2389391 0.1065584 0.2361318 0.1129345 0.3951249 0.2198628 0.2198628 0.1048466 0.1048466 0.2176587 0.1031884 0.2292633 0.2618529 0.2184550 0.2153324 0.1056290 0.2176081 0.2244474 0.3771228 0.1059900 0.0000010 0.2214563 0.2281651 0.0000000 0.2157396 0.2157396 0.1071447 
Smed.11678 0.7962530 0.5213310 0.3422490 0.5052232 0.3553900 0.7227774 0.3530990 0.3530990 0.3425827 0.3425827 0.4791958 0.3377976 0.5038005 0.5648966 0.4828848 0.3312898 0.3423126 0.4689367 0.3726389 0.6978796 0.3469705 0.2157396 0.2247929 0.5076086 0.2157396 0.0000000 0.0000010 0.3529162 
Smed.23129 0.7962530 0.5213310 0.3422490 0.5052232 0.3553900 0.7227774 0.3530990 0.3530990 0.3425827 0.3425827 0.4791958 0.3377976 0.5038005 0.5648966 0.4828848 0.3312898 0.3423126 0.4689367 0.3726389 0.6978796 0.3469705 0.2157396 0.2247929 0.5076086 0.2157396 0.0000010 0.0000000 0.3529162 
Smed.27994 0.4224043 0.3916719 0.2308520 0.3859366 0.2432573 0.5799690 0.3601448 0.3601448 0.2267098 0.2267098 0.3560611 0.2231816 0.2307874 0.1295780 0.3580892 0.3501976 0.2275461 0.3519752 0.3655312 0.5551142 0.2294639 0.1071447 0.3632463 0.2296861 0.1071447 0.3529162 0.3529162 0.0000000 
