6
Smed.29315 0.0000000 0.0982558 0.0975349 0.1487259 0.0729994 0.0975349 
Smed.24877 0.0982558 0.0000000 0.0488811 0.0993285 0.0490455 0.0488811 
Smed.26035 0.0975349 0.0488811 0.0000000 0.0985925 0.0486844 0.0000010 
Smed.27483 0.1487259 0.0993285 0.0985925 0.0000000 0.0989147 0.0985925 
Smed.25711 0.0729994 0.0490455 0.0486844 0.0989147 0.0000000 0.0486844 
Smed.28261 0.0975349 0.0488811 0.0000010 0.0985925 0.0486844 0.0000000 
