16
Hdim.933   0.0000000 0.8577442 0.4398152 0.4398152 0.4535884 0.7001000 0.8654543 0.8654543 1.1787664 0.6626548 0.4534683 0.3604227 0.6382597 0.6544178 0.8186341 0.6897188 
Hdim.12868 0.8577442 0.0000000 0.7311400 0.7311400 0.7101690 1.2284942 1.6224179 1.6224179 1.6060244 0.6166249 0.6851204 0.5198300 0.9563277 0.8962262 0.7538666 0.7822347 
Hdim.5361  0.4398152 0.7311400 0.0000000 0.0000010 0.2319284 0.4585497 0.6537481 0.6537481 0.8014685 0.4060126 0.1871889 0.2009436 0.4314024 0.2393726 0.3041558 0.3923315 
Hdim.5362  0.4398152 0.7311400 0.0000010 0.0000000 0.2319284 0.4585497 0.6537481 0.6537481 0.8014685 0.4060126 0.1871889 0.2009436 0.4314024 0.2393726 0.3041558 0.3923315 
Hdim.13462 0.4535884 0.7101690 0.2319284 0.2319284 0.0000000 0.5528750 0.9457615 0.9457615 1.0614791 0.4687756 0.2905765 0.2081264 0.4652870 0.4092054 0.4810709 0.5085317 
Hdim.14078 0.7001000 1.2284942 0.4585497 0.4585497 0.5528750 0.0000000 1.2881907 1.2881907 1.3966267 0.7078726 0.5091499 0.5204016 0.8941529 0.7226819 0.8076456 0.6475103 
Hdim.12389 0.8654543 1.6224179 0.6537481 0.6537481 0.9457615 1.2881907 0.0000000 0.0000010 1.1718991 1.0575366 0.6684063 0.7629122 0.9920628 0.8598425 1.0007987 1.0632062 
Hdim.13012 0.8654543 1.6224179 0.6537481 0.6537481 0.9457615 1.2881907 0.0000010 0.0000000 1.1718991 1.0575366 0.6684063 0.7629122 0.9920628 0.8598425 1.0007987 1.0632062 
Hdim.879   1.1787664 1.6060244 0.8014685 0.8014685 1.0614791 1.3966267 1.1718991 1.1718991 0.0000000 0.7606150 0.9721519 0.8713780 1.5599995 1.2415951 0.9883980 0.7161479 
Hdim.5551  0.6626548 0.6166249 0.4060126 0.4060126 0.4687756 0.7078726 1.0575366 1.0575366 0.7606150 0.0000000 0.4797825 0.3477639 0.8099235 0.5320739 0.6299118 0.5281904 
Hdim.2630  0.4534683 0.6851204 0.1871889 0.1871889 0.2905765 0.5091499 0.6684063 0.6684063 0.9721519 0.4797825 0.0000000 0.2597006 0.4943693 0.4177645 0.3467870 0.4391049 
Hdim.6812  0.3604227 0.5198300 0.2009436 0.2009436 0.2081264 0.5204016 0.7629122 0.7629122 0.8713780 0.3477639 0.2597006 0.0000000 0.4962900 0.3788173 0.4044352 0.3766513 
Hdim.5340  0.6382597 0.9563277 0.4314024 0.4314024 0.4652870 0.8941529 0.9920628 0.9920628 1.5599995 0.8099235 0.4943693 0.4962900 0.0000000 0.6564971 0.8292739 0.8844211 
Hdim.9156  0.6544178 0.8962262 0.2393726 0.2393726 0.4092054 0.7226819 0.8598425 0.8598425 1.2415951 0.5320739 0.4177645 0.3788173 0.6564971 0.0000000 0.5824403 0.5348185 
Hdim.6518  0.8186341 0.7538666 0.3041558 0.3041558 0.4810709 0.8076456 1.0007987 1.0007987 0.9883980 0.6299118 0.3467870 0.4044352 0.8292739 0.5824403 0.0000000 0.4123043 
Hdim.9522  0.6897188 0.7822347 0.3923315 0.3923315 0.5085317 0.6475103 1.0632062 1.0632062 0.7161479 0.5281904 0.4391049 0.3766513 0.8844211 0.5348185 0.4123043 0.0000000 
