10
Mlig.5219  0.0000000 0.0167106 0.0055414 0.8446457 0.6834376 0.6818458 0.8267762 0.8326868 0.8326868 0.8326868 
Mlig.5218  0.0167106 0.0000000 0.0223712 0.8321516 0.6892351 0.6876049 0.8147718 0.8213513 0.8213513 0.8213513 
Mlig.45694 0.0055414 0.0223712 0.0000000 0.8584687 0.6949493 0.6932741 0.8402230 0.8311104 0.8311104 0.8311104 
Mlig.46755 0.8446457 0.8321516 0.8584687 0.0000000 0.5361828 0.5354916 0.0113585 0.4383019 0.4383019 0.4383019 
Mlig.4318  0.6834376 0.6892351 0.6949493 0.5361828 0.0000000 0.0226483 0.5140681 0.6344392 0.6344392 0.6344392 
Mlig.36221 0.6818458 0.6876049 0.6932741 0.5354916 0.0226483 0.0000000 0.5133232 0.6435585 0.6435585 0.6435585 
Mlig.46756 0.8267762 0.8147718 0.8402230 0.0113585 0.5140681 0.5133232 0.0000000 0.4416392 0.4416392 0.4416392 
Mlig.34733 0.8326868 0.8213513 0.8311104 0.4383019 0.6344392 0.6435585 0.4416392 0.0000000 0.0000010 0.0000010 
Mlig.34732 0.8326868 0.8213513 0.8311104 0.4383019 0.6344392 0.6435585 0.4416392 0.0000010 0.0000000 0.0000010 
Mlig.34734 0.8326868 0.8213513 0.8311104 0.4383019 0.6344392 0.6435585 0.4416392 0.0000010 0.0000010 0.0000000 
