9
Smed.5199  0.0000000 0.0131462 0.2725441 0.2848017 0.3067772 0.2937963 0.3167568 0.3048400 0.2507102 
Smed.15613 0.0131462 0.0000000 0.2796612 0.2886882 0.3160768 0.3030081 0.3261250 0.3088105 0.2545134 
Smed.10208 0.2725441 0.2796612 0.0000000 0.2446924 0.2434559 0.2560438 0.2267672 0.3424734 0.2938320 
Smed.14339 0.2848017 0.2886882 0.2446924 0.0000000 0.1156539 0.0848606 0.0987502 0.3585941 0.3001923 
Smed.10209 0.3067772 0.3160768 0.2434559 0.1156539 0.0000000 0.1107138 0.1148143 0.3818468 0.3284166 
Smed.14003 0.2937963 0.3030081 0.2560438 0.0848606 0.1107138 0.0000000 0.1032716 0.3457876 0.2849778 
Smed.14004 0.3167568 0.3261250 0.2267672 0.0987502 0.1148143 0.1032716 0.0000000 0.3618447 0.3082332 
Smed.4976  0.3048400 0.3088105 0.3424734 0.3585941 0.3818468 0.3457876 0.3618447 0.0000000 0.0720607 
Smed.20549 0.2507102 0.2545134 0.2938320 0.3001923 0.3284166 0.2849778 0.3082332 0.0720607 0.0000000 
