7
Smed.7958  0.0000000 0.3266806 0.3140561 0.3120222 0.3144348 0.2532342 0.2542435 
Smed.1925  0.3266806 0.0000000 0.1887203 0.1895928 0.1962827 0.1777970 0.1741640 
Smed.1923  0.3140561 0.1887203 0.0000000 0.1665776 0.1335982 0.0983014 0.0988760 
Smed.8188  0.3120222 0.1895928 0.1665776 0.0000000 0.1003772 0.1013781 0.1094771 
Smed.2263  0.3144348 0.1962827 0.1335982 0.1003772 0.0000000 0.1181389 0.1188393 
Smed.8132  0.2532342 0.1777970 0.0983014 0.1013781 0.1181389 0.0000000 0.0438817 
Smed.8988  0.2542435 0.1741640 0.0988760 0.1094771 0.1188393 0.0438817 0.0000000 
