8
Mlig.17906 0.0000000 0.0164227 1.0108269 1.0086384 1.0086201 0.9541115 0.9541115 0.9565588 
Mlig.17907 0.0164227 0.0000000 1.0023405 1.0001701 1.0001597 0.9417005 0.9417005 0.9441108 
Mlig.15997 1.0108269 1.0023405 0.0000000 0.0034229 0.0102824 0.3444345 0.3444345 0.3493854 
Mlig.21410 1.0086384 1.0001701 0.0034229 0.0000000 0.0068322 0.3495794 0.3495794 0.3545488 
Mlig.13984 1.0086201 1.0001597 0.0102824 0.0068322 0.0000000 0.3511263 0.3511263 0.3560697 
Mlig.40085 0.9541115 0.9417005 0.3444345 0.3495794 0.3511263 0.0000000 0.0000010 0.0033933 
Mlig.40086 0.9541115 0.9417005 0.3444345 0.3495794 0.3511263 0.0000010 0.0000000 0.0033933 
Mlig.40087 0.9565588 0.9441108 0.3493854 0.3545488 0.3560697 0.0033933 0.0033933 0.0000000 
