7
Mlig.3330  0.0000000 0.0011516 0.7238608 0.7596927 0.7235948 0.0046194 0.7215140 
Mlig.3331  0.0011516 0.0000000 0.7205864 0.7563084 0.7203191 0.0057842 0.7182419 
Mlig.813   0.7238608 0.7205864 0.0000000 0.0138293 0.0022637 0.7238095 0.0057006 
Mlig.814   0.7596927 0.7563084 0.0138293 0.0000000 0.0115105 0.7595451 0.0127186 
Mlig.815   0.7235948 0.7203191 0.0022637 0.0115105 0.0000000 0.7235442 0.0034163 
Mlig.2930  0.0046194 0.0057842 0.7238095 0.7595451 0.7235442 0.0000000 0.7214689 
Mlig.4615  0.7215140 0.7182419 0.0057006 0.0127186 0.0034163 0.7214689 0.0000000 
