7
Mlig.15513 0.0000000 0.1131632 1.0280569 0.1049727 0.1069199 0.0000010 0.0498756 
Mlig.42835 0.1131632 0.0000000 0.9864832 0.0326345 0.0053705 0.1131632 0.1188840 
Mlig.8475  1.0280569 0.9864832 0.0000000 0.9902000 0.9886188 1.0280569 1.0183276 
Mlig.3967  0.1049727 0.0326345 0.9902000 0.0000000 0.0325981 0.1049727 0.1170754 
Mlig.43295 0.1069199 0.0053705 0.9886188 0.0325981 0.0000000 0.1069199 0.1188511 
Mlig.15512 0.0000010 0.1131632 1.0280569 0.1049727 0.1069199 0.0000000 0.0498756 
Mlig.15514 0.0498756 0.1188840 1.0183276 0.1170754 0.1188511 0.0498756 0.0000000 
