12
Mlig.6074  0.0000000 0.0000010 0.2413232 0.2425847 0.3836014 0.3836014 0.2252378 0.2252378 0.2252378 0.1925726 0.1925726 0.1925726 
Mlig.6075  0.0000010 0.0000000 0.2413232 0.2425847 0.3836014 0.3836014 0.2252378 0.2252378 0.2252378 0.1925726 0.1925726 0.1925726 
Mlig.25803 0.2413232 0.2413232 0.0000000 0.0117454 0.4793827 0.4793827 0.2505207 0.2505207 0.2505207 0.2440025 0.2440025 0.2440025 
Mlig.25804 0.2425847 0.2425847 0.0117454 0.0000000 0.4841331 0.4841331 0.2513762 0.2513762 0.2513762 0.2463908 0.2463908 0.2463908 
Mlig.10106 0.3836014 0.3836014 0.4793827 0.4841331 0.0000000 0.0000010 0.4512479 0.4512479 0.4512479 0.4345169 0.4345169 0.4345169 
Mlig.27870 0.3836014 0.3836014 0.4793827 0.4841331 0.0000010 0.0000000 0.4512479 0.4512479 0.4512479 0.4345169 0.4345169 0.4345169 
Mlig.19749 0.2252378 0.2252378 0.2505207 0.2513762 0.4512479 0.4512479 0.0000000 0.0000010 0.0000010 0.1728952 0.1728952 0.1728952 
Mlig.19750 0.2252378 0.2252378 0.2505207 0.2513762 0.4512479 0.4512479 0.0000010 0.0000000 0.0000010 0.1728952 0.1728952 0.1728952 
Mlig.19751 0.2252378 0.2252378 0.2505207 0.2513762 0.4512479 0.4512479 0.0000010 0.0000010 0.0000000 0.1728952 0.1728952 0.1728952 
Mlig.4565  0.1925726 0.1925726 0.2440025 0.2463908 0.4345169 0.4345169 0.1728952 0.1728952 0.1728952 0.0000000 0.0000010 0.0000010 
Mlig.25473 0.1925726 0.1925726 0.2440025 0.2463908 0.4345169 0.4345169 0.1728952 0.1728952 0.1728952 0.0000010 0.0000000 0.0000010 
Mlig.41692 0.1925726 0.1925726 0.2440025 0.2463908 0.4345169 0.4345169 0.1728952 0.1728952 0.1728952 0.0000010 0.0000010 0.0000000 
