9
Mlig.9811  0.0000000 0.4010669 0.4032560 0.3965870 0.4010669 0.0051137 0.0051151 0.4068517 0.4212850 
Mlig.41943 0.4010669 0.0000000 0.0318909 0.0026180 0.0000010 0.4084897 0.4011738 0.0291997 0.0399680 
Mlig.22905 0.4032560 0.0318909 0.0000000 0.0291524 0.0318909 0.4106693 0.4033633 0.0025978 0.0182738 
Mlig.45805 0.3965870 0.0026180 0.0291524 0.0000000 0.0026180 0.4039727 0.3966924 0.0264717 0.0371997 
Mlig.45807 0.4010669 0.0000010 0.0318909 0.0026180 0.0000000 0.4084897 0.4011738 0.0291997 0.0399680 
Mlig.9810  0.0051137 0.4084897 0.4106693 0.4039727 0.4084897 0.0000000 0.0051164 0.4142854 0.4287977 
Mlig.26115 0.0051151 0.4011738 0.4033633 0.3966924 0.4011738 0.0051164 0.0000000 0.4069602 0.4213980 
Mlig.22904 0.4068517 0.0291997 0.0025978 0.0264717 0.0291997 0.4142854 0.4069602 0.0000000 0.0156454 
Mlig.45806 0.4212850 0.0399680 0.0182738 0.0371997 0.0399680 0.4287977 0.4213980 0.0156454 0.0000000 
