8
Mlig.17626 0.0000000 0.0000010 0.0000010 1.2215144 1.2441625 1.2441625 0.6730954 0.6730954 
Mlig.17628 0.0000010 0.0000000 0.0000010 1.2215144 1.2441625 1.2441625 0.6730954 0.6730954 
Mlig.35405 0.0000010 0.0000010 0.0000000 1.2215144 1.2441625 1.2441625 0.6730954 0.6730954 
Mlig.5575  1.2215144 1.2215144 1.2215144 0.0000000 0.0047076 0.0047076 1.2557527 1.2557527 
Mlig.17632 1.2441625 1.2441625 1.2441625 0.0047076 0.0000000 0.0000010 1.2693932 1.2693932 
Mlig.45008 1.2441625 1.2441625 1.2441625 0.0047076 0.0000010 0.0000000 1.2693932 1.2693932 
Mlig.39472 0.6730954 0.6730954 0.6730954 1.2557527 1.2693932 1.2693932 0.0000000 0.0000010 
Mlig.39473 0.6730954 0.6730954 0.6730954 1.2557527 1.2693932 1.2693932 0.0000010 0.0000000 
