9
Mlig.45414 0.0000000 0.0064732 1.9643174 1.9108184 1.0839036 1.0839671 1.0668305 1.0737550 1.0707395 
Mlig.45415 0.0064732 0.0000000 1.9867036 1.9323619 1.0950465 1.0950858 1.0777875 1.0847839 1.0817316 
Mlig.35873 1.9643174 1.9867036 0.0000000 0.0380607 1.4406780 1.4058757 1.3924335 1.3944512 1.3823719 
Mlig.8638  1.9108184 1.9323619 0.0380607 0.0000000 1.3848587 1.3698821 1.3379873 1.3402618 1.3286393 
Mlig.12513 1.0839036 1.0950465 1.4406780 1.3848587 0.0000000 0.0131556 0.0290681 0.0198884 0.0244010 
Mlig.12514 1.0839671 1.0950858 1.4058757 1.3698821 0.0131556 0.0000000 0.0334414 0.0242374 0.0287534 
Mlig.33786 1.0668305 1.0777875 1.3924335 1.3379873 0.0290681 0.0334414 0.0000000 0.0175794 0.0175557 
Mlig.33784 1.0737550 1.0847839 1.3944512 1.3402618 0.0198884 0.0242374 0.0175794 0.0000000 0.0043381 
Mlig.33785 1.0707395 1.0817316 1.3823719 1.3286393 0.0244010 0.0287534 0.0175557 0.0043381 0.0000000 
