9
Mlig.42535 0.0000000 0.0051604 0.0038734 0.0038734 0.6759241 0.6736901 0.7486288 0.7489532 0.7493411 
Mlig.42534 0.0051604 0.0000000 0.0038689 0.0038689 0.6726017 0.6703727 0.7428312 0.7431563 0.7435401 
Mlig.42536 0.0038734 0.0038689 0.0000000 0.0000010 0.6777935 0.6755527 0.7497157 0.7500413 0.7504315 
Mlig.42537 0.0038734 0.0038689 0.0000010 0.0000000 0.6777935 0.6755527 0.7497157 0.7500413 0.7504315 
Mlig.22974 0.6759241 0.6726017 0.6777935 0.6777935 0.0000000 0.0012811 0.5108502 0.5132764 0.5106682 
Mlig.42263 0.6736901 0.6703727 0.6755527 0.6755527 0.0012811 0.0000000 0.5096183 0.5120424 0.5094369 
Mlig.3940  0.7486288 0.7428312 0.7497157 0.7497157 0.5108502 0.5096183 0.0000000 0.0012993 0.0012998 
Mlig.41656 0.7489532 0.7431563 0.7500413 0.7500413 0.5132764 0.5120424 0.0012993 0.0000000 0.0026025 
Mlig.41657 0.7493411 0.7435401 0.7504315 0.7504315 0.5106682 0.5094369 0.0012998 0.0026025 0.0000000 
