6
Ecan.9671  0.0000000 0.3690925 0.0101716 0.0204710 0.0308789 0.0307923 
Ecan.8572  0.3690925 0.0000000 0.3825891 0.3993204 0.3805710 0.3337874 
Ecan.10642 0.0101716 0.3825891 0.0000000 0.0307700 0.0412582 0.0411398 
Ecan.10522 0.0204710 0.3993204 0.0307700 0.0000000 0.0100931 0.0517638 
Ecan.10538 0.0308789 0.3805710 0.0412582 0.0100931 0.0000000 0.0408307 
Ecan.10567 0.0307923 0.3337874 0.0411398 0.0517638 0.0408307 0.0000000 
