41
Mcor.7878  0.0000000 2.8194088 3.8606255 1.9862014 1.5529380 1.6789972 1.9387292 2.0571725 1.7939896 1.5115629 2.0855485 2.2250868 1.9738251 2.4608048 1.7684680 2.7784526 1.7684680 2.2200511 2.4346640 2.4721488 2.0564793 2.5111528 2.6442115 2.0258715 2.8391823 2.9726291 2.0048210 2.8306355 1.8886789 2.4608048 1.3446224 1.9640052 1.9713308 2.2365401 2.0855485 2.0458397 2.5496359 1.7014372 1.6254074 2.0683016 1.7113613 
Mcor.3948  2.8194088 0.0000000 0.5590945 0.2933428 1.0661597 0.7265187 0.5264770 0.7172837 0.7544424 0.4187832 0.5116089 1.1054670 0.4610402 0.2919900 0.6227482 0.3985902 0.6227482 0.7832499 0.5145614 0.4004841 0.5657657 0.3195349 1.0791106 0.7512691 1.2501469 0.6695320 4.1184026 0.4233260 0.5271266 0.2919900 0.4447543 0.6579369 0.4397421 0.4342523 0.5116089 0.6270004 0.7701733 0.7512691 1.1281087 0.7533298 0.6916488 
Mcor.11111 3.8606255 0.5590945 0.0000000 0.4267176 0.9881393 0.9148250 0.5801584 0.7934604 0.8294296 0.6137395 0.3791250 0.9128662 0.5106445 0.1800546 0.6846739 0.2769260 0.6846739 0.8649254 0.3813448 0.2782077 0.5282800 0.2721853 1.1292208 0.8259618 1.8686896 0.4949105 5.1238136 0.2931198 0.7819659 0.1800546 0.5704032 0.8445983 0.6253411 0.2998408 0.3791250 0.4858754 0.6129025 0.8259618 1.2531466 0.8288381 0.8649254 
Mcor.7988  1.9862014 0.2933428 0.4267176 0.0000000 0.8250379 0.3950329 0.2570751 0.3890529 0.4356520 0.1665686 0.3906609 0.9296961 0.1935149 0.1864574 0.3372515 0.2860445 0.3372515 0.4473433 0.3929773 0.2873961 0.5088932 0.2809514 0.6755814 0.4338163 0.9436401 0.2531673 3.1303373 0.3031621 0.3598922 0.1864574 0.1598307 0.2478981 0.4576147 0.3103188 0.3906609 0.4992545 0.6283000 0.4338163 0.6831297 0.4341616 0.3800677 
Mcor.8898  1.5529380 1.0661597 0.9881393 0.8250379 0.0000000 1.1841295 0.8357584 1.4097556 1.4152941 0.9732722 0.9028409 0.8137626 1.1799649 0.6253529 1.2215046 0.7198047 1.2215046 1.2839288 0.7763452 0.6389291 1.2224593 0.7272329 1.6616307 1.3747398 1.6993886 1.4010675 2.9580744 0.8091085 0.8308297 0.6253529 0.7824501 1.3548739 0.8757799 0.6988976 0.9028409 0.8897098 0.8842088 1.0976352 1.6844963 1.0020269 1.1861134 
Mcor.3584  1.6789972 0.7265187 0.9148250 0.3950329 1.1841295 0.0000000 0.4980508 0.5411180 0.4775962 0.2506673 0.5476279 0.7688027 0.5455234 0.5473571 0.4677394 0.6119210 0.4677394 0.4441593 0.8338850 0.6832975 0.6560047 0.6554864 1.0478537 0.5193968 1.4844295 0.6718132 3.8157636 0.5572353 0.4305657 0.5473571 0.2557955 0.5201511 0.8764276 0.7526703 0.5476279 0.6751941 0.5013420 0.5823776 0.8151835 0.4574742 0.3380431 
Mcor.14481 1.9387292 0.5264770 0.5801584 0.2570751 0.8357584 0.4980508 0.0000000 0.5239193 0.3474037 0.2865104 0.5296056 0.9816361 0.3070636 0.3018478 0.4554848 0.4122834 0.4554848 0.5838316 0.5327213 0.4142963 0.5460006 0.4026162 0.8593114 0.5639133 0.9856393 0.3573951 3.4119130 0.4387460 0.6301408 0.3018478 0.3623232 0.5726827 0.4551402 0.3499303 0.5296056 0.5224295 0.6594496 0.5639133 0.8580072 0.5647315 0.5838316 
Mcor.2914  2.0571725 0.7172837 0.7934604 0.3890529 1.4097556 0.5411180 0.5239193 0.0000000 0.1609741 0.5508143 0.2932985 0.6861660 0.2608997 0.4592743 0.0782612 0.5848538 0.0782612 0.1645296 0.2881616 0.3326730 0.8732281 0.5663533 0.2549989 0.1603130 1.1421976 0.7709412 3.0414521 0.4662908 0.5471601 0.4592743 0.2951228 0.3421196 0.5149818 0.6445931 0.2932985 0.4005294 0.5246520 0.1603130 0.3522363 0.1602989 0.1645296 
Mcor.8266  1.7939896 0.7544424 0.8294296 0.4356520 1.4152941 0.4775962 0.3474037 0.1609741 0.0000000 0.4863955 0.2826537 0.6548395 0.3979904 0.5076264 0.0760602 0.6272348 0.0760602 0.1595615 0.2779145 0.3870635 0.7774731 0.6075800 0.4582273 0.1556026 1.3050744 0.5466387 2.9313726 0.5154902 0.5893703 0.5076264 0.3480863 0.4568233 0.5560898 0.6874848 0.2826537 0.3854002 0.5032873 0.1556026 0.3402621 0.1555876 0.1595615 
Mcor.13218 1.5115629 0.4187832 0.6137395 0.1665686 0.9732722 0.2506673 0.2865104 0.5508143 0.4863955 0.0000000 0.5575956 1.2382917 0.3213862 0.3163450 0.4763364 0.4328108 0.4763364 0.6139034 0.5609958 0.4350162 0.4236391 0.4218426 0.9184224 0.5915166 0.9242972 0.3710641 3.1184392 0.4621259 0.3564989 0.3163450 0.2473562 0.4616080 0.6216179 0.4752984 0.5575956 0.6848398 0.8478084 0.5915166 0.9147230 0.5925099 0.4414122 
Mcor.9547  2.0855485 0.5116089 0.3791250 0.3906609 0.9028409 0.5476279 0.5296056 0.2932985 0.2826537 0.5575956 0.0000000 0.3561382 0.3461997 0.1660947 0.1831532 0.2554199 0.1831532 0.2902125 0.1637586 0.2565210 0.6415482 0.2515220 0.5783486 0.2813380 1.5979012 0.7824148 3.0796360 0.1671036 0.7128723 0.1660947 0.2941810 0.4111048 0.5765698 0.2748481 0.0000010 0.0795875 0.1645796 0.2813380 0.5206754 0.2814140 0.2902125 
Mcor.11239 2.2250868 1.1054670 0.9128662 0.9296961 0.8137626 0.7688027 0.9816361 0.6861660 0.6548395 1.2382917 0.3561382 0.0000000 0.9020659 0.5803515 0.5260676 0.6401010 0.5260676 0.4969626 0.4691145 0.5923607 1.2971550 0.6773659 1.1218461 0.5862083 2.3231898 1.5478172 3.2235576 0.5902337 0.8087049 0.5803515 0.8205772 1.0014116 0.8864429 0.7013797 0.3561382 0.2584122 0.1584699 0.6138346 0.7577786 0.5133552 0.6788105 
Mcor.2346  1.9738251 0.4610402 0.5106445 0.1935149 1.1799649 0.5455234 0.3070636 0.2608997 0.3979904 0.3213862 0.3461997 0.9020659 0.0000000 0.2307006 0.2948681 0.3450518 0.2948681 0.4090726 0.3484458 0.3468498 0.5966923 0.3374499 0.5066342 0.3962014 1.1733050 0.5222096 3.6029555 0.3682243 0.5669957 0.2307006 0.3000023 0.3455721 0.5326698 0.3783102 0.3461997 0.4607782 0.5937410 0.3962014 0.6511421 0.3964738 0.4090726 
Mcor.12971 2.4608048 0.2919900 0.1800546 0.1864574 0.6253529 0.5473571 0.3018478 0.4592743 0.5076264 0.3163450 0.1660947 0.5803515 0.2307006 0.0000000 0.3932852 0.0813375 0.3932852 0.5236249 0.1669953 0.0816793 0.4088556 0.0805605 0.6866782 0.5052732 1.3862561 0.5233193 3.4833690 0.0855817 0.4581758 0.0000010 0.2946695 0.5132233 0.3660679 0.0870103 0.1660947 0.2550721 0.3537344 0.5052732 0.8012037 0.5058954 0.5236249 
Mcor.8798  1.7684680 0.6227482 0.6846739 0.3372515 1.2215046 0.4677394 0.4554848 0.0782612 0.0760602 0.4763364 0.1831532 0.5260676 0.2948681 0.3932852 0.0000000 0.5052732 0.0000010 0.0776009 0.1803161 0.2821468 0.7613708 0.4919366 0.3535704 0.0757632 1.1143592 0.6751256 3.1542378 0.3981020 0.4748524 0.3932852 0.2524609 0.3523694 0.4497266 0.5520309 0.1831532 0.2808322 0.3897144 0.0757632 0.2470398 0.0757436 0.0776009 
Mcor.4095  2.7784526 0.3985902 0.2769260 0.2860445 0.7198047 0.6119210 0.4122834 0.5848538 0.6272348 0.4328108 0.2554199 0.6401010 0.3450518 0.0813375 0.5052732 0.0000000 0.5052732 0.5398926 0.2568198 0.1671510 0.5209232 0.1644005 0.8398918 0.3631938 1.6019105 0.6463563 3.7472898 0.1752589 0.5130843 0.0813375 0.4037001 0.6353240 0.4681750 0.1785608 0.2554199 0.3488039 0.3933654 0.6244361 0.8227637 0.5884908 0.6487590 
Mcor.14467 1.7684680 0.6227482 0.6846739 0.3372515 1.2215046 0.4677394 0.4554848 0.0782612 0.0760602 0.4763364 0.1831532 0.5260676 0.2948681 0.3932852 0.0000010 0.5052732 0.0000000 0.0776009 0.1803161 0.2821468 0.7613708 0.4919366 0.3535704 0.0757632 1.1143592 0.6751256 3.1542378 0.3981020 0.4748524 0.3932852 0.2524609 0.3523694 0.4497266 0.5520309 0.1831532 0.2808322 0.3897144 0.0757632 0.2470398 0.0757436 0.0776009 
Mcor.4886  2.2200511 0.7832499 0.8649254 0.4473433 1.2839288 0.4441593 0.5838316 0.1645296 0.1595615 0.6139034 0.2902125 0.4969626 0.4090726 0.5236249 0.0776009 0.5398926 0.0776009 0.0000000 0.2851881 0.3980524 0.9431823 0.6271261 0.4714053 0.0792704 1.3906977 0.8351911 3.8233799 0.5322759 0.4512109 0.5236249 0.3571037 0.4699458 0.5723829 0.7141148 0.2902125 0.3963084 0.3703816 0.1589119 0.2796242 0.0788100 0.1630518 
Mcor.6278  2.4346640 0.5145614 0.3813448 0.3929773 0.7763452 0.8338850 0.5327213 0.2881616 0.2779145 0.5609958 0.1637586 0.4691145 0.3484458 0.1669953 0.1803161 0.2568198 0.1803161 0.2851881 0.0000000 0.0803864 0.6449484 0.2528694 0.4647610 0.2766440 1.3937319 0.7861519 3.3823099 0.2707854 0.4486658 0.1669953 0.5234543 0.6627850 0.3595262 0.2764669 0.1637586 0.2515280 0.3488109 0.2766440 0.5096946 0.2767130 0.2851881 
Mcor.7845  2.4721488 0.4004841 0.2782077 0.2873961 0.6389291 0.6832975 0.4142963 0.3326730 0.3870635 0.4350162 0.2565210 0.5923607 0.3468498 0.0816793 0.2821468 0.1671510 0.2821468 0.3980524 0.0803864 0.0000000 0.5233134 0.1650893 0.5299224 0.3852770 1.3095855 0.6492830 3.4686999 0.1760441 0.3354435 0.0816793 0.4056639 0.6382183 0.2639418 0.1793780 0.2565210 0.3503069 0.4569481 0.3852770 0.6438792 0.3855313 0.3980524 
Mcor.7141  2.0564793 0.5657657 0.5282800 0.5088932 1.2224593 0.6560047 0.5460006 0.8732281 0.7774731 0.4236391 0.6415482 1.2971550 0.5966923 0.4088556 0.7613708 0.5209232 0.7613708 0.9431823 0.6449484 0.5233134 0.0000000 0.5069922 0.9069541 0.9008234 2.2013859 0.6176676 4.7879321 0.5538997 0.8162051 0.4088556 0.6519261 0.6876236 0.6300321 0.5687284 0.6415482 0.7620582 0.9205283 0.9008234 1.1091662 0.9043582 0.9431823 
Mcor.13900 2.5111528 0.3195349 0.2721853 0.2809514 0.7272329 0.6554864 0.4026162 0.5663533 0.6075800 0.4218426 0.2515220 0.6773659 0.3374499 0.0805605 0.4919366 0.1644005 0.4919366 0.6271261 0.2528694 0.1650893 0.5069922 0.0000000 0.8016286 0.6049742 1.4024553 0.6252409 3.4446810 0.1729520 0.5621963 0.0805605 0.3944173 0.6148470 0.2664180 0.1761416 0.2515220 0.3423667 0.4446171 0.6049742 0.9080735 0.6059975 0.6271261 
Mcor.10105 2.6442115 1.0791106 1.1292208 0.6755814 1.6616307 1.0478537 0.8593114 0.2549989 0.4582273 0.9184224 0.5783486 1.1218461 0.5066342 0.6866782 0.3535704 0.8398918 0.3535704 0.4714053 0.4647610 0.5299224 0.9069541 0.8016286 0.0000000 0.4562008 1.3037007 1.1959706 4.2210854 0.4911395 0.7514443 0.6866782 0.6740151 0.5435256 0.7777965 0.9387413 0.5783486 0.7078118 0.8780390 0.4562008 0.6075758 0.4566280 0.4714053 
Mcor.3009  2.0258715 0.7512691 0.8259618 0.4338163 1.3747398 0.5193968 0.5639133 0.1603130 0.1556026 0.5915166 0.2813380 0.5862083 0.3962014 0.5052732 0.0757632 0.3631938 0.0757632 0.0792704 0.2766440 0.3852770 0.9008234 0.6049742 0.4562008 0.0000000 1.3035637 0.8013603 3.4371851 0.5130431 0.5258556 0.5052732 0.3465778 0.4548032 0.5537922 0.6842771 0.2813380 0.3836246 0.4358066 0.1549848 0.2499908 0.0965888 0.1589119 
Mcor.12928 2.8391823 1.2501469 1.8686896 0.9436401 1.6993886 1.4844295 0.9856393 1.1421976 1.3050744 0.9242972 1.5979012 2.3231898 1.1733050 1.3862561 1.1143592 1.6019105 1.1143592 1.3906977 1.3937319 1.3095855 2.2013859 1.4024553 1.3037007 1.3035637 0.0000000 1.5953140 3.4296405 1.2376324 1.0316210 1.3862561 0.9861234 1.2640959 1.1616548 1.5291262 1.5979012 1.5714742 1.9149499 1.3035637 2.0021429 1.3152125 1.0119899 
Mcor.2095  2.9726291 0.6695320 0.4949105 0.2531673 1.4010675 0.6718132 0.3573951 0.7709412 0.5466387 0.3710641 0.7824148 1.5478172 0.5222096 0.5233193 0.6751256 0.6463563 0.6751256 0.8351911 0.7861519 0.6492830 0.6176676 0.6252409 1.1959706 0.8013603 1.5953140 0.0000000 4.1705428 0.6904964 0.7172091 0.5233193 0.4512643 0.5637282 0.8294363 0.7099900 0.7824148 0.9141253 1.1003474 0.8013603 1.1869705 0.8037561 0.7619441 
Mcor.8847  2.0048210 4.1184026 5.1238136 3.1303373 2.9580744 3.8157636 3.4119130 3.0414521 2.9313726 3.1184392 3.0796360 3.2235576 3.6029555 3.4833690 3.1542378 3.7472898 3.1542378 3.8233799 3.3823099 3.4686999 4.7879321 3.4446810 4.2210854 3.4371851 3.4296405 4.1705428 0.0000000 4.0245858 3.6058486 3.4833690 3.2144456 2.9547934 3.2711525 3.8216267 3.0796360 3.0677230 3.6333387 3.0289691 3.2926766 3.5739132 3.1075682 
Mcor.7116  2.8306355 0.4233260 0.2931198 0.3031621 0.8091085 0.5572353 0.4387460 0.4662908 0.5154902 0.4621259 0.1671036 0.5902337 0.3682243 0.0855817 0.3981020 0.1752589 0.3981020 0.5322759 0.2707854 0.1760441 0.5538997 0.1729520 0.4911395 0.5130431 1.2376324 0.6904964 4.0245858 0.0000000 0.6195892 0.0855817 0.2976122 0.5213839 0.4953189 0.1887604 0.1671036 0.2570900 0.3573877 0.5130431 0.8230475 0.5137121 0.5322759 
Mcor.11745 1.8886789 0.5271266 0.7819659 0.3598922 0.8308297 0.4305657 0.6301408 0.5471601 0.5893703 0.3564989 0.7128723 0.8087049 0.5669957 0.4581758 0.4748524 0.5130843 0.4748524 0.4512109 0.4486658 0.3354435 0.8162051 0.5621963 0.7514443 0.5258556 1.0316210 0.7172091 3.6058486 0.6195892 0.0000000 0.4581758 0.4455709 0.7064329 0.4789787 0.6374152 0.7128723 0.8440961 0.6475525 0.5868115 0.8070752 0.4645729 0.4406854 
Mcor.5584  2.4608048 0.2919900 0.1800546 0.1864574 0.6253529 0.5473571 0.3018478 0.4592743 0.5076264 0.3163450 0.1660947 0.5803515 0.2307006 0.0000010 0.3932852 0.0813375 0.3932852 0.5236249 0.1669953 0.0816793 0.4088556 0.0805605 0.6866782 0.5052732 1.3862561 0.5233193 3.4833690 0.0855817 0.4581758 0.0000000 0.2946695 0.5132233 0.3660679 0.0870103 0.1660947 0.2550721 0.3537344 0.5052732 0.8012037 0.5058954 0.5236249 
Mcor.8518  1.3446224 0.4447543 0.5704032 0.1598307 0.7824501 0.2557955 0.3623232 0.2951228 0.3480863 0.2473562 0.2941810 0.8205772 0.3000023 0.2946695 0.2524609 0.4037001 0.2524609 0.3571037 0.5234543 0.4056639 0.6519261 0.3944173 0.6740151 0.3465778 0.9861234 0.4512643 3.2144456 0.2976122 0.4455709 0.2946695 0.0000000 0.2497826 0.5838120 0.4408888 0.2941810 0.4019184 0.5267902 0.3465778 0.5841107 0.3467420 0.2474432 
Mcor.4172  1.9640052 0.6579369 0.8445983 0.2478981 1.3548739 0.5201511 0.5726827 0.3421196 0.4568233 0.4616080 0.4111048 1.0014116 0.3455721 0.5132233 0.3523694 0.6353240 0.3523694 0.4699458 0.6627850 0.6382183 0.6876236 0.6148470 0.5435256 0.4548032 1.2640959 0.5637282 2.9547934 0.5213839 0.7064329 0.5132233 0.2497826 0.0000000 0.8191980 0.6978657 0.4111048 0.5269616 0.6671187 0.4548032 0.5800940 0.4552261 0.3992729 
Mcor.2685  1.9713308 0.4397421 0.6253411 0.4576147 0.8757799 0.8764276 0.4551402 0.5149818 0.5560898 0.6216179 0.5765698 0.8864429 0.5326698 0.3660679 0.4497266 0.4681750 0.4497266 0.5723829 0.3595262 0.2639418 0.6300321 0.2664180 0.7777965 0.5537922 1.1616548 0.8294363 3.2711525 0.4953189 0.4789787 0.3660679 0.5838120 0.8191980 0.0000000 0.4091430 0.5765698 0.5850487 0.7152198 0.5537922 0.8267782 0.5545348 0.5723829 
Mcor.11962 2.2365401 0.4342523 0.2998408 0.3103188 0.6988976 0.7526703 0.3499303 0.6445931 0.6874848 0.4752984 0.2748481 0.7013797 0.3783102 0.0870103 0.5520309 0.1785608 0.5520309 0.7141148 0.2764669 0.1793780 0.5687284 0.1761416 0.9387413 0.6842771 1.5291262 0.7099900 3.8216267 0.1887604 0.6374152 0.0870103 0.4408888 0.6978657 0.4091430 0.0000000 0.2748481 0.3148005 0.4317827 0.6842771 1.0609080 0.6859434 0.7141148 
Mcor.11751 2.0855485 0.5116089 0.3791250 0.3906609 0.9028409 0.5476279 0.5296056 0.2932985 0.2826537 0.5575956 0.0000010 0.3561382 0.3461997 0.1660947 0.1831532 0.2554199 0.1831532 0.2902125 0.1637586 0.2565210 0.6415482 0.2515220 0.5783486 0.2813380 1.5979012 0.7824148 3.0796360 0.1671036 0.7128723 0.1660947 0.2941810 0.4111048 0.5765698 0.2748481 0.0000000 0.0795875 0.1645796 0.2813380 0.5206754 0.2814140 0.2902125 
Mcor.12731 2.0458397 0.6270004 0.4858754 0.4992545 0.8897098 0.6751941 0.5224295 0.4005294 0.3854002 0.6848398 0.0795875 0.2584122 0.4607782 0.2550721 0.2808322 0.3488039 0.2808322 0.3963084 0.2515280 0.3503069 0.7620582 0.3423667 0.7078118 0.3836246 1.5714742 0.9141253 3.0677230 0.2570900 0.8440961 0.2550721 0.4019184 0.5269616 0.5850487 0.3148005 0.0795875 0.0000000 0.0798979 0.3836246 0.6416502 0.3838748 0.3963084 
Mcor.14380 2.5496359 0.7701733 0.6129025 0.6283000 0.8842088 0.5013420 0.6594496 0.5246520 0.5032873 0.8478084 0.1645796 0.1584699 0.5937410 0.3537344 0.3897144 0.3933654 0.3897144 0.3703816 0.3488109 0.4569481 0.9205283 0.4446171 0.8780390 0.4358066 1.9149499 1.1003474 3.6333387 0.3573877 0.6475525 0.3537344 0.5267902 0.6671187 0.7152198 0.4317827 0.1645796 0.0798979 0.0000000 0.5009607 0.7130475 0.3813230 0.5190428 
Mcor.12436 1.7014372 0.7512691 0.8259618 0.4338163 1.0976352 0.5823776 0.5639133 0.1603130 0.1556026 0.5915166 0.2813380 0.6138346 0.3962014 0.5052732 0.0757632 0.6244361 0.0757632 0.1589119 0.2766440 0.3852770 0.9008234 0.6049742 0.4562008 0.1549848 1.3035637 0.8013603 3.0289691 0.5130431 0.5868115 0.5052732 0.3465778 0.4548032 0.5537922 0.6842771 0.2813380 0.3836246 0.5009607 0.0000000 0.2529845 0.1549698 0.1589119 
Mcor.10226 1.6254074 1.1281087 1.2531466 0.6831297 1.6844963 0.8151835 0.8580072 0.3522363 0.3402621 0.9147230 0.5206754 0.7577786 0.6511421 0.8012037 0.2470398 0.8227637 0.2470398 0.2796242 0.5096946 0.6438792 1.1091662 0.9080735 0.6075758 0.2499908 2.0021429 1.1869705 3.2926766 0.8230475 0.8070752 0.8012037 0.5841107 0.5800940 0.8267782 1.0609080 0.5206754 0.6416502 0.7130475 0.2529845 0.0000000 0.2831969 0.3488385 
Mcor.14617 2.0683016 0.7533298 0.8288381 0.4341616 1.0020269 0.4574742 0.5647315 0.1602989 0.1555876 0.5925099 0.2814140 0.5133552 0.3964738 0.5058954 0.0757436 0.5884908 0.0757436 0.0788100 0.2767130 0.3855313 0.9043582 0.6059975 0.4566280 0.0965888 1.3152125 0.8037561 3.5739132 0.5137121 0.4645729 0.5058954 0.3467420 0.4552261 0.5545348 0.6859434 0.2814140 0.3838748 0.3813230 0.1549698 0.2831969 0.0000000 0.1588975 
Mcor.14523 1.7113613 0.6916488 0.8649254 0.3800677 1.1861134 0.3380431 0.5838316 0.1645296 0.1595615 0.4414122 0.2902125 0.6788105 0.4090726 0.5236249 0.0776009 0.6487590 0.0776009 0.1630518 0.2851881 0.3980524 0.9431823 0.6271261 0.4714053 0.1589119 1.0119899 0.7619441 3.1075682 0.5322759 0.4406854 0.5236249 0.2474432 0.3992729 0.5723829 0.7141148 0.2902125 0.3963084 0.5190428 0.1589119 0.3488385 0.1588975 0.0000000 
