7
Mlig.15976 0.0000000 1.4390447 0.0030327 0.0091643 1.9925902 1.6241515 1.6241515 
Mlig.10834 1.4390447 0.0000000 1.4297755 1.4561381 1.6077943 1.6386275 1.6386275 
Mlig.15974 0.0030327 1.4297755 0.0000000 0.0060988 1.9788906 1.6080082 1.6080082 
Mlig.15975 0.0091643 1.4561381 0.0060988 0.0000000 2.0048890 1.6396234 1.6396234 
Mlig.18204 1.9925902 1.6077943 1.9788906 2.0048890 0.0000000 1.8962022 1.8962022 
Mlig.8564  1.6241515 1.6386275 1.6080082 1.6396234 1.8962022 0.0000000 0.0000010 
Mlig.8565  1.6241515 1.6386275 1.6080082 1.6396234 1.8962022 0.0000010 0.0000000 
