6
Mlig.8286  0.0000000 0.0028078 0.0084503 0.2447616 0.2451143 0.2451143 
Mlig.16574 0.0028078 0.0000000 0.0084502 0.2447625 0.2451152 0.2451152 
Mlig.16573 0.0084503 0.0084502 0.0000000 0.2493444 0.2457917 0.2457917 
Mlig.8159  0.2447616 0.2447625 0.2493444 0.0000000 0.0098461 0.0098461 
Mlig.922   0.2451143 0.2451152 0.2457917 0.0098461 0.0000000 0.0000010 
Mlig.8160  0.2451143 0.2451152 0.2457917 0.0098461 0.0000010 0.0000000 
