6
Smed.28712 0.0000000 0.4214166 0.4459489 1.4365074 0.4099992 0.4104379 
Smed.21972 0.4214166 0.0000000 0.0659006 1.2147991 0.0551945 0.0144027 
Smed.21973 0.4459489 0.0659006 0.0000000 1.2670597 0.0409589 0.0616237 
Smed.15566 1.4365074 1.2147991 1.2670597 0.0000000 1.2474510 1.2284924 
Smed.21974 0.4099992 0.0551945 0.0409589 1.2474510 0.0000000 0.0442369 
Smed.28101 0.4104379 0.0144027 0.0616237 1.2284924 0.0442369 0.0000000 
