6
Smed.18870 0.0000000 0.1023258 0.0941275 0.0983934 0.0221157 0.0971039 
Smed.5325  0.1023258 0.0000000 0.0683207 0.0803170 0.0969511 0.0715899 
Smed.18824 0.0941275 0.0683207 0.0000000 0.0724086 0.0888806 0.0637854 
Smed.21991 0.0983934 0.0803170 0.0724086 0.0000000 0.0930702 0.0755080 
Smed.11960 0.0221157 0.0969511 0.0888806 0.0930702 0.0000000 0.0918656 
Smed.27830 0.0971039 0.0715899 0.0637854 0.0755080 0.0918656 0.0000000 
