10
Hdim.7809  0.0000000 0.1080523 0.1982619 0.8839144 0.3662273 0.3682362 0.2029166 0.1082307 0.2671422 0.3952036 
Hdim.7844  0.1080523 0.0000000 0.1940684 0.7635089 0.3557561 0.3584280 0.1985093 0.0522487 0.2609542 0.3837753 
Hdim.14268 0.1982619 0.1940684 0.0000000 0.9855644 0.3645011 0.4072112 0.2651876 0.1943046 0.2304215 0.4373589 
Hdim.7998  0.8839144 0.7635089 0.9855644 0.0000000 0.8004707 0.8531132 0.9182204 0.8524223 1.0756160 0.9620583 
Hdim.14565 0.3662273 0.3557561 0.3645011 0.8004707 0.0000000 0.1996866 0.4052805 0.3558563 0.4561943 0.2450196 
Hdim.14571 0.3682362 0.3584280 0.4072112 0.8531132 0.1996866 0.0000000 0.3557610 0.3585148 0.4791775 0.2691037 
Hdim.8577  0.2029166 0.1985093 0.2651876 0.9182204 0.4052805 0.3557610 0.0000000 0.1987516 0.3043783 0.4629093 
Hdim.12610 0.1082307 0.0522487 0.1943046 0.8524223 0.3558563 0.3585148 0.1987516 0.0000000 0.2611798 0.3099680 
Hdim.8706  0.2671422 0.2609542 0.2304215 1.0756160 0.4561943 0.4791775 0.3043783 0.2611798 0.0000000 0.4460728 
Hdim.13712 0.3952036 0.3837753 0.4373589 0.9620583 0.2450196 0.2691037 0.4629093 0.3099680 0.4460728 0.0000000 
