6
Mlig.24864 0.0000000 0.0109198 0.6561396 0.6649033 0.6683928 0.6683928 
Mlig.24865 0.0109198 0.0000000 0.6479137 0.6565812 0.6600598 0.6600598 
Mlig.42194 0.6561396 0.6479137 0.0000000 0.0395300 0.0394940 0.0394940 
Mlig.23528 0.6649033 0.6565812 0.0395300 0.0000000 0.0055627 0.0055627 
Mlig.23526 0.6683928 0.6600598 0.0394940 0.0055627 0.0000000 0.0000010 
Mlig.44142 0.6683928 0.6600598 0.0394940 0.0055627 0.0000010 0.0000000 
