7
Mlig.17277 0.0000000 0.0000010 0.0000010 1.2523987 1.0520973 1.0547820 1.0640340 
Mlig.17278 0.0000010 0.0000000 0.0000010 1.2523987 1.0520973 1.0547820 1.0640340 
Mlig.26847 0.0000010 0.0000010 0.0000000 1.2523987 1.0520973 1.0547820 1.0640340 
Mlig.19438 1.2523987 1.2523987 1.2523987 0.0000000 0.7893798 0.8004813 0.8250430 
Mlig.35191 1.0520973 1.0520973 1.0520973 0.7893798 0.0000000 0.0185316 0.0371322 
Mlig.34517 1.0547820 1.0547820 1.0547820 0.8004813 0.0185316 0.0000000 0.0184477 
Mlig.34518 1.0640340 1.0640340 1.0640340 0.8250430 0.0371322 0.0184477 0.0000000 
