8
Mlig.26302 0.0000000 0.0058941 0.5697931 0.5689015 0.0019629 0.0118061 0.0078743 0.0059000 
Mlig.26305 0.0058941 0.0000000 0.5670647 0.5661765 0.0039262 0.0098241 0.0098439 0.0039276 
Mlig.18635 0.5697931 0.5670647 0.0000000 0.0019492 0.5673844 0.5667845 0.5708808 0.5678602 
Mlig.18636 0.5689015 0.5661765 0.0019492 0.0000000 0.5664959 0.5658965 0.5699888 0.5669705 
Mlig.26303 0.0019629 0.0039262 0.5673844 0.5664959 0.0000000 0.0098303 0.0059008 0.0039301 
Mlig.26307 0.0118061 0.0098241 0.5667845 0.5658965 0.0098303 0.0000000 0.0157744 0.0098341 
Mlig.26304 0.0078743 0.0098439 0.5708808 0.5699888 0.0059008 0.0157744 0.0000000 0.0098539 
Mlig.26306 0.0059000 0.0039276 0.5678602 0.5669705 0.0039301 0.0098341 0.0098539 0.0000000 
