10
Mlig.17844 0.0000000 0.0000010 0.0000010 1.4701889 1.3496273 1.2737452 2.5100055 2.3711354 1.9714342 2.5527689 
Mlig.17845 0.0000010 0.0000000 0.0000010 1.4701889 1.3496273 1.2737452 2.5100055 2.3711354 1.9714342 2.5527689 
Mlig.17846 0.0000010 0.0000010 0.0000000 1.4701889 1.3496273 1.2737452 2.5100055 2.3711354 1.9714342 2.5527689 
Mlig.24452 1.4701889 1.4701889 1.4701889 0.0000000 0.1426365 0.1598647 1.6368473 1.7096039 0.9504948 1.3804461 
Mlig.6718  1.3496273 1.3496273 1.3496273 0.1426365 0.0000000 0.0126740 1.7827318 1.8425361 1.1131597 1.5688110 
Mlig.25893 1.2737452 1.2737452 1.2737452 0.1598647 0.0126740 0.0000000 1.8838356 1.9461208 1.1756959 1.6584103 
Mlig.36938 2.5100055 2.5100055 2.5100055 1.6368473 1.7827318 1.8838356 0.0000000 0.0425669 1.3335551 1.1608686 
Mlig.36939 2.3711354 2.3711354 2.3711354 1.7096039 1.8425361 1.9461208 0.0425669 0.0000000 1.2888977 1.1849529 
Mlig.12920 1.9714342 1.9714342 1.9714342 0.9504948 1.1131597 1.1756959 1.3335551 1.2888977 0.0000000 0.2542481 
Mlig.45392 2.5527689 2.5527689 2.5527689 1.3804461 1.5688110 1.6584103 1.1608686 1.1849529 0.2542481 0.0000000 
