8
Treg.4748  0.0000000 0.0212023 0.0316976 0.0104944 0.0424143 0.0210649 0.0210649 0.0424143 
Treg.13796 0.0212023 0.0000000 0.0318291 0.0105374 0.0425921 0.0211516 0.0211516 0.0425921 
Treg.14007 0.0316976 0.0318291 0.0000000 0.0210057 0.0315958 0.0104615 0.0104615 0.0315958 
Treg.2823  0.0104944 0.0105374 0.0210057 0.0000000 0.0316198 0.0104694 0.0104694 0.0316198 
Treg.4728  0.0424143 0.0425921 0.0315958 0.0316198 0.0000000 0.0209968 0.0209968 0.0000010 
Treg.4804  0.0210649 0.0211516 0.0104615 0.0104694 0.0209968 0.0000000 0.0000010 0.0209968 
Treg.10094 0.0210649 0.0211516 0.0104615 0.0104694 0.0209968 0.0000010 0.0000000 0.0209968 
Treg.10612 0.0424143 0.0425921 0.0315958 0.0316198 0.0000010 0.0209968 0.0209968 0.0000000 
