12
Ecan.3899  0.0000000 0.3560992 0.2995363 0.2492551 0.2882224 0.2225451 0.1347620 0.1569866 0.1589100 0.1139322 0.1276319 0.0922460 
Ecan.6992  0.3560992 0.0000000 0.2757381 0.4361189 0.2565201 0.4262348 0.4032699 0.2399313 0.3619783 0.3596751 0.3656680 0.3198560 
Ecan.10382 0.2995363 0.2757381 0.0000000 0.2944050 0.2862620 0.3710611 0.3442837 0.2518210 0.3109860 0.3033772 0.2712689 0.2136099 
Ecan.8990  0.2492551 0.4361189 0.2944050 0.0000000 0.3642526 0.3016373 0.2747804 0.2997326 0.3026082 0.2222376 0.2288107 0.2218265 
Ecan.4262  0.2882224 0.2565201 0.2862620 0.3642526 0.0000000 0.3562513 0.3299754 0.2574768 0.3369097 0.2918933 0.3012422 0.2533789 
Ecan.4640  0.2225451 0.4262348 0.3710611 0.3016373 0.3562513 0.0000000 0.2511152 0.2545741 0.2723923 0.1266784 0.2393537 0.1974194 
Ecan.8371  0.1347620 0.4032699 0.3442837 0.2747804 0.3299754 0.2511152 0.0000000 0.1251794 0.2063235 0.1457140 0.1726607 0.1327233 
Ecan.2244  0.1569866 0.2399313 0.2518210 0.2997326 0.2574768 0.2545741 0.1251794 0.0000000 0.1598622 0.1596917 0.1637342 0.1260310 
Ecan.5697  0.1589100 0.3619783 0.3109860 0.3026082 0.3369097 0.2723923 0.2063235 0.1598622 0.0000000 0.1616572 0.1657948 0.1276659 
Ecan.8997  0.1139322 0.3596751 0.3033772 0.2222376 0.2918933 0.1266784 0.1457140 0.1596917 0.1616572 0.0000000 0.1300387 0.0940739 
Ecan.75    0.1276319 0.3656680 0.2712689 0.2288107 0.3012422 0.2393537 0.1726607 0.1637342 0.1657948 0.1300387 0.0000000 0.0961850 
Ecan.9295  0.0922460 0.3198560 0.2136099 0.2218265 0.2533789 0.1974194 0.1327233 0.1260310 0.1276659 0.0940739 0.0961850 0.0000000 
