6
Mcor.2716  0.0000000 0.1524858 0.3153454 0.3341931 0.3691834 0.3205529 
Mcor.14520 0.1524858 0.0000000 0.2687822 0.2233913 0.3063487 0.2151620 
Mcor.14662 0.3153454 0.2687822 0.0000000 0.1114962 0.1488169 0.1479000 
Mcor.1546  0.3341931 0.2233913 0.1114962 0.0000000 0.1479746 0.1076941 
Mcor.12455 0.3691834 0.3063487 0.1488169 0.1479746 0.0000000 0.1069308 
Mcor.13349 0.3205529 0.2151620 0.1479000 0.1076941 0.1069308 0.0000000 
