8
Mlig.14383 0.0000000 0.0136581 0.0219386 0.6035777 0.5404583 0.5747108 0.5460262 0.5404583 
Mlig.4897  0.0136581 0.0000000 0.0081741 0.5969158 0.5403329 0.5745537 0.5458957 0.5403329 
Mlig.8838  0.0219386 0.0081741 0.0000000 0.5988991 0.5421492 0.5764562 0.5477262 0.5421492 
Mlig.43852 0.6035777 0.5969158 0.5988991 0.0000000 0.4349082 0.4656353 0.4398930 0.4349082 
Mlig.42696 0.5404583 0.5403329 0.5421492 0.4349082 0.0000000 0.0195590 0.0027445 0.0000010 
Mlig.7845  0.5747108 0.5745537 0.5764562 0.4656353 0.0195590 0.0000000 0.0224216 0.0195590 
Mlig.40960 0.5460262 0.5458957 0.5477262 0.4398930 0.0027445 0.0224216 0.0000000 0.0027445 
Mlig.40961 0.5404583 0.5403329 0.5421492 0.4349082 0.0000010 0.0195590 0.0027445 0.0000000 
