9
Mlig.29060 0.0000000 0.9484359 0.9484359 0.9484359 0.7903617 0.7943958 0.7531712 0.7525150 0.7525150 
Mlig.34601 0.9484359 0.0000000 0.0000010 0.0000010 0.9746079 0.9917383 0.9151366 0.8729934 0.8729934 
Mlig.34602 0.9484359 0.0000010 0.0000000 0.0000010 0.9746079 0.9917383 0.9151366 0.8729934 0.8729934 
Mlig.43536 0.9484359 0.0000010 0.0000010 0.0000000 0.9746079 0.9917383 0.9151366 0.8729934 0.8729934 
Mlig.17855 0.7903617 0.9746079 0.9746079 0.9746079 0.0000000 0.0123324 0.2166268 0.2016577 0.2016577 
Mlig.40097 0.7943958 0.9917383 0.9917383 0.9917383 0.0123324 0.0000000 0.2184104 0.2033104 0.2033104 
Mlig.20326 0.7531712 0.9151366 0.9151366 0.9151366 0.2166268 0.2184104 0.0000000 0.0370767 0.0370767 
Mlig.20327 0.7525150 0.8729934 0.8729934 0.8729934 0.2016577 0.2033104 0.0370767 0.0000000 0.0000010 
Mlig.35357 0.7525150 0.8729934 0.8729934 0.8729934 0.2016577 0.2033104 0.0370767 0.0000010 0.0000000 
