6
Mlig.1658  0.0000000 0.1965398 0.2320258 0.2248507 0.8548400 0.8687601 
Mlig.570   0.1965398 0.0000000 0.2423469 0.2378861 0.8719455 0.8808435 
Mlig.13930 0.2320258 0.2423469 0.0000000 0.0220195 0.7891087 0.8023466 
Mlig.22281 0.2248507 0.2378861 0.0220195 0.0000000 0.7903350 0.8035684 
Mlig.1779  0.8548400 0.8719455 0.7891087 0.7903350 0.0000000 0.0091509 
Mlig.19115 0.8687601 0.8808435 0.8023466 0.8035684 0.0091509 0.0000000 
