12
Smed.12167 0.0000000 0.0328356 0.3827124 0.5206988 0.3553076 0.2648549 0.2577531 0.2158031 0.2550625 0.2178305 0.1785023 0.1785023 
Smed.22058 0.0328356 0.0000000 0.4209376 0.5658578 0.3985754 0.3054614 0.2973380 0.2539116 0.2939864 0.2596024 0.2160682 0.2160682 
Smed.9287  0.3827124 0.4209376 0.0000000 0.3131478 0.1722974 0.1708530 0.0973594 0.2462818 0.1711202 0.2751246 0.2096150 0.2096150 
Smed.9115  0.5206988 0.5658578 0.3131478 0.0000000 0.2107734 0.2063833 0.2019199 0.2870755 0.2843282 0.4051876 0.3272808 0.3272808 
Smed.19140 0.3553076 0.3985754 0.1722974 0.2107734 0.0000000 0.1405534 0.0666538 0.2172584 0.1408079 0.2446752 0.1797109 0.1797109 
Smed.1986  0.2648549 0.3054614 0.1708530 0.2063833 0.1405534 0.0000000 0.0660771 0.2153901 0.1395795 0.2424311 0.1781432 0.1781432 
Smed.17301 0.2577531 0.2973380 0.0973594 0.2019199 0.0666538 0.0660771 0.0000000 0.1359660 0.0662200 0.1546676 0.1012182 0.1012182 
Smed.15612 0.2158031 0.2539116 0.2462818 0.2870755 0.2172584 0.2153901 0.1359660 0.0000000 0.1349345 0.0766342 0.0327821 0.0327821 
Smed.5562  0.2550625 0.2939864 0.1711202 0.2843282 0.1408079 0.1395795 0.0662200 0.1349345 0.0000000 0.1533315 0.1005122 0.1005122 
Smed.5798  0.2178305 0.2596024 0.2751246 0.4051876 0.2446752 0.2424311 0.1546676 0.0766342 0.1533315 0.0000000 0.0387027 0.0387027 
Smed.6710  0.1785023 0.2160682 0.2096150 0.3272808 0.1797109 0.1781432 0.1012182 0.0327821 0.1005122 0.0387027 0.0000000 0.0000010 
Smed.8236  0.1785023 0.2160682 0.2096150 0.3272808 0.1797109 0.1781432 0.1012182 0.0327821 0.1005122 0.0387027 0.0000010 0.0000000 
