6
Mlig.23104 0.0000000 0.0000010 0.0000010 0.0026112 0.4686806 0.4649003 
Mlig.23105 0.0000010 0.0000000 0.0000010 0.0026112 0.4686806 0.4649003 
Mlig.23102 0.0000010 0.0000010 0.0000000 0.0026112 0.4686806 0.4649003 
Mlig.23103 0.0026112 0.0026112 0.0026112 0.0000000 0.4648427 0.4610702 
Mlig.25390 0.4686806 0.4686806 0.4686806 0.4648427 0.0000000 0.0025965 
Mlig.25391 0.4649003 0.4649003 0.4649003 0.4610702 0.0025965 0.0000000 
