8
Smed.12497 0.0000000 0.7882668 0.6667692 0.1088688 0.1313761 0.1088688 1.8567676 1.1915605 
Smed.17513 0.7882668 0.0000000 1.7025692 0.6314731 0.5962665 0.6314731 0.9887991 0.6136320 
Smed.14338 0.6667692 1.7025692 0.0000000 0.4649661 0.4091489 0.4649661 3.0553830 2.3842529 
Smed.21539 0.1088688 0.6314731 0.4649661 0.0000000 0.0340159 0.0000010 1.4237949 1.0190473 
Smed.8159  0.1313761 0.5962665 0.4091489 0.0340159 0.0000000 0.0340159 1.4408437 1.0233516 
Smed.26923 0.1088688 0.6314731 0.4649661 0.0000010 0.0340159 0.0000000 1.4237949 1.0190473 
Smed.5722  1.8567676 0.9887991 3.0553830 1.4237949 1.4408437 1.4237949 0.0000000 0.2890111 
Smed.23742 1.1915605 0.6136320 2.3842529 1.0190473 1.0233516 1.0190473 0.2890111 0.0000000 
