10
Smed.26372 0.0000000 0.2515719 0.0453904 0.2778824 0.2620751 0.3960334 0.2668895 0.3346386 0.1795734 0.3348890 
Smed.911   0.2515719 0.0000000 0.2341410 0.2782572 0.2626450 0.3634587 0.2566864 0.3401320 0.2163810 0.4036099 
Smed.25761 0.0453904 0.2341410 0.0000000 0.2784198 0.2625871 0.3463653 0.2129271 0.3173079 0.1799107 0.3415256 
Smed.21045 0.2778824 0.2782572 0.2784198 0.0000000 0.0616977 0.3952846 0.2804994 0.3499815 0.2391279 0.4016818 
Smed.23373 0.2620751 0.2626450 0.2625871 0.0616977 0.0000000 0.4050331 0.2707674 0.3206410 0.2410546 0.3551665 
Smed.25741 0.3960334 0.3634587 0.3463653 0.3952846 0.4050331 0.0000000 0.2087453 0.2943742 0.3571998 0.3725870 
Smed.8642  0.2668895 0.2566864 0.2129271 0.2804994 0.2707674 0.2087453 0.0000000 0.1827413 0.2335202 0.2856781 
Smed.15289 0.3346386 0.3401320 0.3173079 0.3499815 0.3206410 0.2943742 0.1827413 0.0000000 0.3138223 0.3267321 
Smed.614   0.1795734 0.2163810 0.1799107 0.2391279 0.2410546 0.3571998 0.2335202 0.3138223 0.0000000 0.3280335 
Smed.1927  0.3348890 0.4036099 0.3415256 0.4016818 0.3551665 0.3725870 0.2856781 0.3267321 0.3280335 0.0000000 
