8
Mlig.42211 0.0000000 0.0000010 0.8487230 0.8487230 0.8487230 0.9231257 0.9212795 0.9264331 
Mlig.42212 0.0000010 0.0000000 0.8487230 0.8487230 0.8487230 0.9231257 0.9212795 0.9264331 
Mlig.34305 0.8487230 0.8487230 0.0000000 0.0000010 0.0000010 0.6087984 0.6060796 0.6071133 
Mlig.34306 0.8487230 0.8487230 0.0000010 0.0000000 0.0000010 0.6087984 0.6060796 0.6071133 
Mlig.34307 0.8487230 0.8487230 0.0000010 0.0000010 0.0000000 0.6087984 0.6060796 0.6071133 
Mlig.20457 0.9231257 0.9231257 0.6087984 0.6087984 0.6087984 0.0000000 0.0057929 0.0028916 
Mlig.42112 0.9212795 0.9212795 0.6060796 0.6060796 0.6060796 0.0057929 0.0000000 0.0086967 
Mlig.42111 0.9264331 0.9264331 0.6071133 0.6071133 0.6071133 0.0028916 0.0086967 0.0000000 
