10
Smed.3060  0.0000000 0.5809174 0.8059730 0.8252685 0.5094274 0.4815940 0.4629403 0.4375494 0.8620120 0.9138497 
Smed.20128 0.5809174 0.0000000 0.6529784 1.1520403 0.7252641 0.6893575 0.6173126 0.6154857 0.9139054 0.7725304 
Smed.12914 0.8059730 0.6529784 0.0000000 1.3069267 0.8493353 0.8967227 0.8348297 0.8216196 0.9658999 0.9505397 
Smed.15059 0.8252685 1.1520403 1.3069267 0.0000000 0.3715354 0.3477010 0.3419390 0.4025582 1.3498774 1.6760195 
Smed.19748 0.5094274 0.7252641 0.8493353 0.3715354 0.0000000 0.1559100 0.1660668 0.1511101 0.8310122 1.1457431 
Smed.12772 0.4815940 0.6893575 0.8967227 0.3477010 0.1559100 0.0000000 0.1122230 0.1269634 0.9132807 1.0637103 
Smed.4944  0.4629403 0.6173126 0.8348297 0.3419390 0.1660668 0.1122230 0.0000000 0.1271915 0.7814764 1.0073740 
Smed.22183 0.4375494 0.6154857 0.8216196 0.4025582 0.1511101 0.1269634 0.1271915 0.0000000 0.8783913 1.1096684 
Smed.12274 0.8620120 0.9139054 0.9658999 1.3498774 0.8310122 0.9132807 0.7814764 0.8783913 0.0000000 0.8379821 
Smed.18526 0.9138497 0.7725304 0.9505397 1.6760195 1.1457431 1.0637103 1.0073740 1.1096684 0.8379821 0.0000000 
