6
Mcor.9256  0.0000000 0.2562887 0.3460007 0.2665314 0.1585268 0.4767870 
Mcor.11920 0.2562887 0.0000000 0.2620496 0.2299102 0.1860293 0.7513470 
Mcor.4446  0.3460007 0.2620496 0.0000000 0.2914079 0.3096810 0.9677795 
Mcor.11246 0.2665314 0.2299102 0.2914079 0.0000000 0.2551715 0.7828914 
Mcor.11138 0.1585268 0.1860293 0.3096810 0.2551715 0.0000000 0.6096947 
Mcor.13933 0.4767870 0.7513470 0.9677795 0.7828914 0.6096947 0.0000000 
