19
Treg.5333  0.0000000 0.0731673 0.0453384 0.0453384 0.2707893 0.2721280 0.0590828 0.0739340 0.0453384 0.0286594 0.0329603 0.0635723 0.0636156 0.0546456 0.0546456 0.0596710 0.0453384 0.0730636 0.0327912 
Treg.13778 0.0731673 0.0000000 0.0327423 0.0327423 0.2371032 0.2383126 0.0369977 0.0588456 0.0327423 0.0636418 0.0496740 0.0328383 0.0328654 0.0243117 0.0243117 0.0368923 0.0327423 0.0413823 0.0501484 
Treg.10101 0.0453384 0.0327423 0.0000000 0.0000010 0.2216101 0.2227404 0.0120314 0.0245371 0.0000010 0.0268853 0.0315083 0.0243400 0.0160727 0.0080211 0.0080211 0.0121382 0.0000010 0.0327114 0.0313350 
Treg.14194 0.0453384 0.0327423 0.0000010 0.0000000 0.2216101 0.2227404 0.0120314 0.0245371 0.0000010 0.0268853 0.0315083 0.0243400 0.0160727 0.0080211 0.0080211 0.0121382 0.0000010 0.0327114 0.0313350 
Treg.9775  0.2707893 0.2371032 0.2216101 0.2216101 0.0000000 0.0041189 0.2189257 0.2562921 0.2216101 0.2608998 0.2571723 0.2349243 0.2226122 0.2227552 0.2227552 0.2403611 0.2216101 0.2367551 0.2457608 
Treg.12039 0.2721280 0.2383126 0.2227404 0.2227404 0.0041189 0.0000000 0.2200395 0.2575747 0.2227404 0.2622051 0.2584724 0.2361146 0.2237503 0.2238939 0.2238939 0.2415710 0.2227404 0.2379403 0.2470221 
Treg.3161  0.0590828 0.0369977 0.0120314 0.0120314 0.2189257 0.2200395 0.0000000 0.0340420 0.0120314 0.0314572 0.0361057 0.0285310 0.0201842 0.0120858 0.0120858 0.0244537 0.0120314 0.0333962 0.0359052 
Treg.1162  0.0739340 0.0588456 0.0245371 0.0245371 0.2562921 0.2575747 0.0340420 0.0000000 0.0245371 0.0518179 0.0595545 0.0472185 0.0383224 0.0329572 0.0329572 0.0203902 0.0245371 0.0561689 0.0592109 
Treg.9073  0.0453384 0.0327423 0.0000010 0.0000010 0.2216101 0.2227404 0.0120314 0.0245371 0.0000000 0.0268853 0.0315083 0.0243400 0.0160727 0.0080211 0.0080211 0.0121382 0.0000010 0.0327114 0.0313350 
Treg.6932  0.0286594 0.0636418 0.0268853 0.0268853 0.2608998 0.2622051 0.0314572 0.0518179 0.0268853 0.0000000 0.0120480 0.0452191 0.0359401 0.0359732 0.0359732 0.0407757 0.0268853 0.0545393 0.0119895 
Treg.6982  0.0329603 0.0496740 0.0315083 0.0315083 0.2571723 0.2584724 0.0361057 0.0595545 0.0315083 0.0120480 0.0000000 0.0590133 0.0495839 0.0223651 0.0223651 0.0359936 0.0315083 0.0684662 0.0080193 
Treg.13932 0.0635723 0.0328383 0.0243400 0.0243400 0.2349243 0.2361146 0.0285310 0.0472185 0.0243400 0.0452191 0.0590133 0.0000000 0.0080371 0.0326885 0.0326885 0.0370998 0.0243400 0.0161899 0.0497985 
Treg.5210  0.0636156 0.0328654 0.0160727 0.0160727 0.2226122 0.2237503 0.0201842 0.0383224 0.0160727 0.0359401 0.0495839 0.0080371 0.0000000 0.0242828 0.0242828 0.0285791 0.0160727 0.0162048 0.0404700 
Treg.3869  0.0546456 0.0243117 0.0080211 0.0080211 0.2227552 0.2238939 0.0120858 0.0329572 0.0080211 0.0359732 0.0223651 0.0326885 0.0242828 0.0000000 0.0000010 0.0120500 0.0080211 0.0411857 0.0314914 
Treg.7062  0.0546456 0.0243117 0.0080211 0.0080211 0.2227552 0.2238939 0.0120858 0.0329572 0.0080211 0.0359732 0.0223651 0.0326885 0.0242828 0.0000010 0.0000000 0.0120500 0.0080211 0.0411857 0.0314914 
Treg.11232 0.0596710 0.0368923 0.0121382 0.0121382 0.2403611 0.2415710 0.0244537 0.0203902 0.0121382 0.0407757 0.0359936 0.0370998 0.0285791 0.0120500 0.0120500 0.0000000 0.0121382 0.0457063 0.0452744 
Treg.7544  0.0453384 0.0327423 0.0000010 0.0000010 0.2216101 0.2227404 0.0120314 0.0245371 0.0000010 0.0268853 0.0315083 0.0243400 0.0160727 0.0080211 0.0080211 0.0121382 0.0000000 0.0327114 0.0313350 
Treg.298   0.0730636 0.0413823 0.0327114 0.0327114 0.2367551 0.2379403 0.0333962 0.0561689 0.0327114 0.0545393 0.0684662 0.0161899 0.0162048 0.0411857 0.0411857 0.0457063 0.0327114 0.0000000 0.0591632 
Treg.7475  0.0327912 0.0501484 0.0313350 0.0313350 0.2457608 0.2470221 0.0359052 0.0592109 0.0313350 0.0119895 0.0080193 0.0497985 0.0404700 0.0314914 0.0314914 0.0452744 0.0313350 0.0591632 0.0000000 
