7
Mlig.3793  0.0000000 1.0592506 1.0685338 0.0000010 0.0000010 0.9383874 0.9251787 
Mlig.36082 1.0592506 0.0000000 0.0040167 1.0592506 1.0592506 0.7528547 0.7438411 
Mlig.37803 1.0685338 0.0040167 0.0000000 1.0685338 1.0685338 0.7609007 0.7518689 
Mlig.3795  0.0000010 1.0592506 1.0685338 0.0000000 0.0000010 0.9383874 0.9251787 
Mlig.38222 0.0000010 1.0592506 1.0685338 0.0000010 0.0000000 0.9383874 0.9251787 
Mlig.5694  0.9383874 0.7528547 0.7609007 0.9383874 0.9383874 0.0000000 0.0164548 
Mlig.5695  0.9251787 0.7438411 0.7518689 0.9251787 0.9251787 0.0164548 0.0000000 
