10
Hmic.8982  0.0000000 0.1775057 0.1775057 0.1860515 0.1860515 0.2394174 0.2394174 0.1862267 0.1862267 0.1948255 
Hmic.8971  0.1775057 0.0000000 0.0000010 0.0145582 0.0145582 0.0663416 0.0663416 0.0072122 0.0072122 0.0219052 
Hmic.8973  0.1775057 0.0000010 0.0000000 0.0145582 0.0145582 0.0663416 0.0663416 0.0072122 0.0072122 0.0219052 
Hmic.8979  0.1860515 0.0145582 0.0145582 0.0000000 0.0000010 0.0738950 0.0738950 0.0219052 0.0219052 0.0072015 
Hmic.8980  0.1860515 0.0145582 0.0145582 0.0000010 0.0000000 0.0738950 0.0738950 0.0219052 0.0219052 0.0072015 
Hmic.8968  0.2394174 0.0663416 0.0663416 0.0738950 0.0738950 0.0000000 0.0000010 0.0739526 0.0739526 0.0815495 
Hmic.8975  0.2394174 0.0663416 0.0663416 0.0738950 0.0738950 0.0000010 0.0000000 0.0739526 0.0739526 0.0815495 
Hmic.8978  0.1862267 0.0072122 0.0072122 0.0219052 0.0219052 0.0739526 0.0739526 0.0000000 0.0000010 0.0145675 
Hmic.8972  0.1862267 0.0072122 0.0072122 0.0219052 0.0219052 0.0739526 0.0739526 0.0000010 0.0000000 0.0145675 
Hmic.8981  0.1948255 0.0219052 0.0219052 0.0072015 0.0072015 0.0815495 0.0815495 0.0145675 0.0145675 0.0000000 
