27
Hdim.2797  0.0000000 8.9999988 9.0000000 9.0000000 9.0000000 9.0000000 4.7912783 9.0000000 8.9999986 8.9999990 9.0000000 9.0000000 9.0000000 9.0000000 9.0000000 9.0000000 9.0000000 9.0000000 9.0000000 9.0000000 9.0000000 9.0000000 9.0000000 9.0000000 9.0000000 9.0000000 9.0000000 
Hdim.12661 8.9999988 0.0000000 0.5351938 0.7654238 0.6249568 0.7901350 1.7266932 0.4321561 0.6267323 0.7189683 0.5061859 0.4737870 0.4670023 4.4014111 0.5820185 0.6784676 0.4595079 0.3550548 0.4589418 0.4590666 0.6655892 0.5506258 0.7513623 0.7914589 0.9537711 0.4353225 0.5743917 
Hdim.14489 9.0000000 0.5351938 0.0000000 0.4373003 0.2267847 0.3056875 0.6215763 0.2027491 0.3376233 0.4272749 0.2876585 0.2330983 0.2291050 3.7731884 0.4025429 0.2376855 0.2283202 0.1986486 0.2278988 0.2281777 0.3589558 0.2755134 0.2654385 0.4928877 0.5692032 0.2186154 0.3993330 
Hdim.3531  9.0000000 0.7654238 0.4373003 0.0000000 0.4407941 0.4214026 0.8076011 0.4206855 0.4376552 0.4341670 0.4745201 0.3208358 0.3158425 2.5097119 0.4993335 0.5520300 0.2177795 0.3093974 0.3129440 0.3132058 0.4642217 0.4762011 0.4129151 0.3361038 0.4210225 0.2982541 0.4943650 
Hdim.3171  9.0000000 0.6249568 0.2267847 0.4407941 0.0000000 0.3426618 0.7947914 0.2879268 0.3419194 0.3549378 0.3695234 0.2371440 0.2330883 3.5026157 0.3184968 0.4460141 0.2322433 0.2288583 0.2318161 0.2320961 0.1453717 0.1397913 0.4930820 0.4957997 0.5704950 0.2223151 0.4028647 
Hdim.9640  9.0000000 0.7901350 0.3056875 0.4214026 0.3426618 0.0000000 0.7890561 0.4908443 0.5727140 0.3377551 0.4275471 0.4353363 0.4292034 3.3541042 0.6305795 0.5490642 0.4234798 0.3753460 0.3096921 0.4231033 0.6066125 0.3861730 0.6044096 0.7870257 0.3056245 0.4027313 0.6222398 
Hdim.4908  4.7912783 1.7266932 0.6215763 0.8076011 0.7947914 0.7890561 0.0000000 0.6199066 0.7671781 0.4979652 0.6972087 0.4779179 0.6567340 4.2042154 0.6931767 0.7767745 0.7818643 0.7810599 0.7819773 0.7296059 0.6739269 0.8034878 1.2418137 1.3956892 0.9389967 0.7343948 0.9973645 
Hdim.2945  9.0000000 0.4321561 0.2027491 0.4206855 0.2879268 0.4908443 0.6199066 0.0000000 0.3260097 0.5036241 0.3513584 0.2263673 0.2225903 3.2007958 0.3888958 0.4256964 0.2219200 0.2187565 0.2215202 0.2217891 0.3458862 0.3332051 0.4699677 0.4718460 0.5449828 0.2128237 0.3859986 
Hdim.9133  8.9999986 0.6267323 0.3376233 0.4376552 0.3419194 0.5727140 0.7671781 0.3260097 0.0000000 0.4333050 0.2446191 0.1413305 0.2287878 5.1593387 0.2917158 0.1444705 0.2280065 0.2246695 0.2275850 0.2278642 0.2419714 0.3851837 0.3606028 0.3667615 0.2877583 0.2183061 0.2567766 
Hdim.6923  8.9999990 0.7189683 0.4272749 0.4341670 0.3549378 0.3377551 0.4979652 0.5036241 0.4333050 0.0000000 0.3639081 0.2351949 0.4422904 4.1785100 0.3131289 0.4381591 0.4361419 0.4315842 0.4356010 0.4357528 0.3580243 0.3102998 0.7379539 0.7990667 0.5147567 0.4147132 0.4973370 
Hdim.14879 9.0000000 0.5061859 0.2876585 0.4745201 0.3695234 0.4275471 0.6972087 0.3513584 0.2446191 0.3639081 0.0000000 0.0733164 0.2460661 3.1518792 0.2276308 0.1793265 0.2449562 0.1470410 0.2444869 0.2447845 0.1687598 0.4129630 0.3996395 0.5394027 0.5695639 0.2337776 0.3938766 
Hdim.3587  9.0000000 0.4737870 0.2330983 0.3208358 0.2371440 0.4353363 0.4779179 0.2263673 0.1413305 0.2351949 0.0733164 0.0000000 0.1410689 4.3927768 0.1332510 0.1427433 0.1411747 0.1389815 0.1408950 0.1411231 0.0729890 0.2868523 0.3223054 0.3604677 0.3864271 0.1357953 0.2619438 
Hdim.6991  9.0000000 0.4670023 0.2291050 0.3158425 0.2330883 0.4292034 0.6567340 0.2225903 0.2287878 0.4422904 0.2460661 0.1410689 0.0000000 4.0783488 0.2941748 0.3202060 0.1386636 0.1365329 0.1383918 0.0714226 0.2433258 0.2827232 0.3555910 0.3546423 0.4287380 0.1334600 0.2923998 
Hdim.8792  9.0000000 4.4014111 3.7731884 2.5097119 3.5026157 3.3541042 4.2042154 3.2007958 5.1593387 4.1785100 3.1518792 4.3927768 4.0783488 0.0000000 4.5131163 5.5043334 3.6268364 3.6380612 4.4109552 2.8361093 4.2187364 3.7273910 3.1139310 6.3829940 4.4828055 3.5287237 4.4081792 
Hdim.13583 9.0000000 0.5820185 0.4025429 0.4993335 0.3184968 0.6305795 0.6931767 0.3888958 0.2917158 0.3131289 0.2276308 0.1332510 0.2941748 4.5131163 0.0000000 0.2946150 0.2923900 0.2887697 0.2919383 0.2921894 0.1469982 0.1384389 0.5171834 0.5573026 0.5830640 0.2803172 0.2619438 
Hdim.303   9.0000000 0.6784676 0.2376855 0.5520300 0.4460141 0.5490642 0.7767745 0.4256964 0.1444705 0.4381591 0.1793265 0.1427433 0.3202060 5.5043334 0.2946150 0.0000000 0.3176987 0.2882160 0.3171906 0.3174516 0.2446579 0.4809623 0.3296709 0.4824338 0.3960356 0.3033075 0.4313748 
Hdim.4085  9.0000000 0.4595079 0.2283202 0.2177795 0.2322433 0.4234798 0.7818643 0.2219200 0.2280065 0.4361419 0.2449562 0.1411747 0.1386636 3.6268364 0.2923900 0.3176987 0.0000000 0.1366596 0.1385101 0.1387320 0.2422820 0.2812095 0.2987095 0.2428844 0.4230833 0.1335981 0.2906630 
Hdim.9503  9.0000000 0.3550548 0.1986486 0.3093974 0.2288583 0.3753460 0.7810599 0.2187565 0.2246695 0.4315842 0.1470410 0.1389815 0.1365329 3.6380612 0.2887697 0.2882160 0.1366596 0.0000000 0.1363957 0.1366133 0.2386532 0.2777980 0.3202775 0.3464038 0.4185538 0.1316225 0.2870835 
Hdim.10224 9.0000000 0.4589418 0.2278988 0.3129440 0.2318161 0.3096921 0.7819773 0.2215202 0.2275850 0.4356010 0.2444869 0.1408950 0.1383918 4.4109552 0.2919383 0.3171906 0.1385101 0.1363957 0.0000000 0.1384618 0.2418246 0.2807829 0.3514430 0.3504488 0.3101294 0.1333462 0.2902163 
Hdim.14867 9.0000000 0.4590666 0.2281777 0.3132058 0.2320961 0.4231033 0.7296059 0.2217891 0.2278642 0.4357528 0.2447845 0.1411231 0.0714226 2.8361093 0.2921894 0.3174516 0.1387320 0.1366133 0.1384618 0.0000000 0.2421167 0.2810280 0.3516960 0.3507071 0.4227106 0.1335554 0.2904660 
Hdim.6036  9.0000000 0.6655892 0.3589558 0.4642217 0.1453717 0.6066125 0.6739269 0.3458862 0.2419714 0.3580243 0.1687598 0.0729890 0.2433258 4.2187364 0.1469982 0.2446579 0.2422820 0.2386532 0.2418246 0.2421167 0.0000000 0.3184968 0.4816401 0.5251999 0.5541721 0.2314374 0.3871921 
Hdim.9674  9.0000000 0.5506258 0.2755134 0.4762011 0.1397913 0.3861730 0.8034878 0.3332051 0.3851837 0.3102998 0.4129630 0.2868523 0.2827232 3.7273910 0.1384389 0.4809623 0.2812095 0.2777980 0.2807829 0.2810280 0.3184968 0.0000000 0.5253645 0.5288812 0.5959138 0.2700858 0.2852022 
Hdim.4777  9.0000000 0.7513623 0.2654385 0.4129151 0.4930820 0.6044096 1.2418137 0.4699677 0.3606028 0.7379539 0.3996395 0.3223054 0.3555910 3.1139310 0.5171834 0.3296709 0.2987095 0.3202775 0.3514430 0.3516960 0.4816401 0.5253645 0.0000000 0.4615363 0.6217975 0.3347881 0.3340700 
Hdim.8073  9.0000000 0.7914589 0.4928877 0.3361038 0.4957997 0.7870257 1.3956892 0.4718460 0.3667615 0.7990667 0.5394027 0.3604677 0.3546423 6.3829940 0.5573026 0.4824338 0.2428844 0.3464038 0.3504488 0.3507071 0.5251999 0.5288812 0.4615363 0.0000000 0.6237395 0.3335924 0.5361702 
Hdim.14169 9.0000000 0.9537711 0.5692032 0.4210225 0.5704950 0.3056245 0.9389967 0.5449828 0.2877583 0.5147567 0.5695639 0.3864271 0.4287380 4.4828055 0.5830640 0.3960356 0.4230833 0.4185538 0.3101294 0.4227106 0.5541721 0.5959138 0.6217975 0.6237395 0.0000000 0.4025340 0.4713756 
Hdim.5765  9.0000000 0.4353225 0.2186154 0.2982541 0.2223151 0.4027313 0.7343948 0.2128237 0.2183061 0.4147132 0.2337776 0.1357953 0.1334600 3.5287237 0.2803172 0.3033075 0.1335981 0.1316225 0.1333462 0.1335554 0.2314374 0.2700858 0.3347881 0.3335924 0.4025340 0.0000000 0.2787653 
Hdim.10824 9.0000000 0.5743917 0.3993330 0.4943650 0.4028647 0.6222398 0.9973645 0.3859986 0.2567766 0.4973370 0.3938766 0.2619438 0.2923998 4.4081792 0.2619438 0.4313748 0.2906630 0.2870835 0.2902163 0.2904660 0.3871921 0.2852022 0.3340700 0.5361702 0.4713756 0.2787653 0.0000000 
