9
Mlig.32128 0.0000000 0.0072513 0.5090625 0.8950762 0.8950762 0.8936897 0.8936897 0.5086644 0.5084884 
Mlig.32129 0.0072513 0.0000000 0.5119592 0.8951619 0.8951619 0.8937767 0.8937767 0.5115602 0.5113864 
Mlig.19598 0.5090625 0.5119592 0.0000000 0.7583053 0.7583053 0.7601984 0.7601984 0.0084908 0.0070503 
Mlig.38623 0.8950762 0.8951619 0.7583053 0.0000000 0.0000010 0.0014007 0.0014007 0.7554383 0.7535859 
Mlig.38622 0.8950762 0.8951619 0.7583053 0.0000010 0.0000000 0.0014007 0.0014007 0.7554383 0.7535859 
Mlig.38624 0.8936897 0.8937767 0.7601984 0.0014007 0.0014007 0.0000000 0.0000010 0.7573259 0.7554708 
Mlig.38625 0.8936897 0.8937767 0.7601984 0.0014007 0.0014007 0.0000010 0.0000000 0.7573259 0.7554708 
Mlig.9597  0.5086644 0.5115602 0.0084908 0.7554383 0.7554383 0.7573259 0.7573259 0.0000000 0.0042323 
Mlig.33727 0.5084884 0.5113864 0.0070503 0.7535859 0.7535859 0.7554708 0.7554708 0.0042323 0.0000000 
