6
Mlig.6178  0.0000000 0.0084445 0.0254197 1.6951678 1.6394813 1.6239498 
Mlig.6179  0.0084445 0.0000000 0.0168894 1.6940028 1.6370928 1.6212573 
Mlig.43658 0.0254197 0.0168894 0.0000000 1.7062476 1.6470091 1.6304449 
Mlig.12313 1.6951678 1.6940028 1.7062476 0.0000000 0.0169727 0.0429698 
Mlig.12312 1.6394813 1.6370928 1.6470091 0.0169727 0.0000000 0.0255042 
Mlig.12314 1.6239498 1.6212573 1.6304449 0.0429698 0.0255042 0.0000000 
