6
Mlig.17695 0.0000000 0.0000010 0.0000010 0.0656512 0.0585807 0.0639087 
Mlig.22616 0.0000010 0.0000000 0.0000010 0.0656512 0.0585807 0.0639087 
Mlig.22617 0.0000010 0.0000010 0.0000000 0.0656512 0.0585807 0.0639087 
Mlig.31192 0.0656512 0.0656512 0.0656512 0.0000000 0.0066962 0.0050193 
Mlig.11104 0.0585807 0.0585807 0.0585807 0.0066962 0.0000000 0.0050209 
Mlig.45729 0.0639087 0.0639087 0.0639087 0.0050193 0.0050209 0.0000000 
