7
Mcor.12425 0.0000000 0.1949503 0.2154161 0.2129760 0.3694174 0.7086851 0.1513933 
Mcor.13050 0.1949503 0.0000000 0.1773583 0.1915664 0.3559993 0.6789529 0.1593453 
Mcor.13754 0.2154161 0.1773583 0.0000000 0.2184168 0.3512706 0.6833452 0.1850226 
Mcor.10975 0.2129760 0.1915664 0.2184168 0.0000000 0.3894647 0.7462213 0.1504431 
Mcor.14346 0.3694174 0.3559993 0.3512706 0.3894647 0.0000000 0.6159496 0.3077891 
Mcor.12330 0.7086851 0.6789529 0.6833452 0.7462213 0.6159496 0.0000000 0.6190636 
Mcor.12354 0.1513933 0.1593453 0.1850226 0.1504431 0.3077891 0.6190636 0.0000000 
