9
Smar.6532  0.0000000 0.0070850 0.0249572 0.0178204 0.0177773 0.0142098 0.0177826 0.0142098 0.0178124 
Smar.9736  0.0070850 0.0000000 0.0249836 0.0178389 0.0177947 0.0142245 0.0178000 0.0142245 0.0178309 
Smar.7251  0.0249572 0.0249836 0.0000000 0.0213951 0.0213431 0.0177709 0.0213495 0.0177709 0.0213856 
Smar.5906  0.0178204 0.0178389 0.0213951 0.0000000 0.0070983 0.0035462 0.0071004 0.0035462 0.0071126 
Smar.5831  0.0177773 0.0177947 0.0213431 0.0070983 0.0000000 0.0035375 0.0070830 0.0035375 0.0070952 
Smar.2783  0.0142098 0.0142245 0.0177709 0.0035462 0.0035375 0.0000000 0.0035386 0.0000010 0.0035446 
Smar.5451  0.0177826 0.0178000 0.0213495 0.0071004 0.0070830 0.0035386 0.0000000 0.0035386 0.0070973 
Smar.5621  0.0142098 0.0142245 0.0177709 0.0035462 0.0035375 0.0000010 0.0035386 0.0000000 0.0035446 
Smar.3212  0.0178124 0.0178309 0.0213856 0.0071126 0.0070952 0.0035446 0.0070973 0.0035446 0.0000000 
