6
Smed.3778  0.0000000 0.3873442 0.8366736 0.8005189 0.4774431 0.4606578 
Smed.14879 0.3873442 0.0000000 0.7583221 0.6836798 0.4379320 0.4150719 
Smed.14106 0.8366736 0.7583221 0.0000000 0.1024984 0.5838611 0.4753542 
Smed.2996  0.8005189 0.6836798 0.1024984 0.0000000 0.4735988 0.3772934 
Smed.3777  0.4774431 0.4379320 0.5838611 0.4735988 0.0000000 0.2507172 
Smed.12806 0.4606578 0.4150719 0.4753542 0.3772934 0.2507172 0.0000000 
