7
Mlig.41857 0.0000000 0.0064025 0.0328959 0.0396432 1.3781302 1.3757810 1.3739104 
Mlig.41858 0.0064025 0.0000000 0.0306826 0.0328352 1.3748303 1.3724779 1.3706133 
Mlig.12500 0.0328959 0.0306826 0.0000000 0.0063866 1.3907071 1.3883805 1.3864953 
Mlig.12501 0.0396432 0.0328352 0.0063866 0.0000000 1.3858140 1.3834967 1.3816315 
Mlig.22833 1.3781302 1.3748303 1.3907071 1.3858140 0.0000000 0.0042278 0.0063460 
Mlig.22834 1.3757810 1.3724779 1.3883805 1.3834967 0.0042278 0.0000000 0.0021075 
Mlig.23275 1.3739104 1.3706133 1.3864953 1.3816315 0.0063460 0.0021075 0.0000000 
