25
Mlig.26876 0.0000000 0.0391460 1.0034533 1.0681940 1.0681940 0.0479977 0.0449476 0.0363092 0.0363092 0.0420003 0.0479326 0.0363092 0.0453384 0.0449272 0.0420089 0.0392120 1.0567046 1.0588890 1.0537725 1.0558148 1.0466785 1.0517604 1.0567046 1.0036018 0.9919190 
Mlig.42011 0.0391460 0.0000000 0.9061423 0.9636466 0.9636466 0.0132387 0.0105350 0.0026142 0.0026142 0.0078713 0.0132234 0.0026142 0.0106221 0.0105302 0.0078725 0.0052459 0.9715950 0.9736424 0.9690488 0.9709368 0.9624590 0.9672160 0.9715950 0.9062093 0.8955753 
Mlig.8488  1.0034533 0.9061423 0.0000000 0.4229713 0.4229713 0.9151491 0.9252077 0.9028116 0.9028116 0.9027301 0.9220386 0.9028116 0.9174309 0.9040352 0.9185898 0.9033431 0.6405249 0.6338525 0.6407871 0.6450448 0.6323364 0.6349807 0.6405249 0.0160357 0.0079283 
Mlig.22609 1.0681940 0.9636466 0.4229713 0.0000000 0.0000010 0.9627634 0.9836055 0.9600820 0.9600820 0.9600613 0.9582495 0.9600820 0.9755427 0.9614501 0.9767833 0.9623922 0.7272025 0.7332794 0.7274369 0.7317829 0.7185283 0.7213526 0.7272025 0.4216978 0.4140398 
Mlig.22611 1.0681940 0.9636466 0.4229713 0.0000010 0.0000000 0.9627634 0.9836055 0.9600820 0.9600820 0.9600613 0.9582495 0.9600820 0.9755427 0.9614501 0.9767833 0.9623922 0.7272025 0.7332794 0.7274369 0.7317829 0.7185283 0.7213526 0.7272025 0.4216978 0.4140398 
Mlig.42000 0.0479977 0.0132387 0.9151491 0.9627634 0.9627634 0.0000000 0.0186412 0.0105723 0.0105723 0.0159172 0.0159056 0.0105723 0.0187968 0.0186327 0.0159199 0.0132599 0.9830141 0.9850757 0.9804209 0.9823253 0.9737782 0.9785696 0.9830141 0.9152228 0.9045225 
Mlig.42002 0.0449476 0.0105350 0.9252077 0.9836055 0.9836055 0.0186412 0.0000000 0.0078874 0.0078874 0.0131940 0.0186191 0.0078874 0.0160252 0.0158859 0.0131962 0.0105518 0.9914099 0.9934833 0.9887811 0.9906988 0.9820955 0.9869149 0.9914099 0.9252891 0.9144822 
Mlig.42001 0.0363092 0.0026142 0.9028116 0.9600820 0.9600820 0.0105723 0.0078874 0.0000000 0.0000010 0.0052383 0.0105602 0.0000010 0.0079525 0.0078838 0.0052391 0.0026183 0.9680467 0.9700858 0.9655179 0.9673982 0.9589534 0.9636932 0.9680467 0.9028762 0.8922869 
Mlig.33792 0.0363092 0.0026142 0.9028116 0.9600820 0.9600820 0.0105723 0.0078874 0.0000010 0.0000000 0.0052383 0.0105602 0.0000010 0.0079525 0.0078838 0.0052391 0.0026183 0.9680467 0.9700858 0.9655179 0.9673982 0.9589534 0.9636932 0.9680467 0.9028762 0.8922869 
Mlig.33793 0.0420003 0.0078713 0.9027301 0.9600613 0.9600613 0.0159172 0.0131940 0.0052383 0.0052383 0.0000000 0.0158985 0.0052383 0.0133032 0.0131880 0.0105168 0.0078838 0.9680353 0.9700768 0.9655036 0.9673861 0.9589317 0.9636769 0.9680353 0.9027946 0.8921950 
Mlig.42003 0.0479326 0.0132234 0.9220386 0.9582495 0.9582495 0.0159056 0.0186191 0.0105602 0.0105602 0.0158985 0.0000000 0.0105602 0.0187744 0.0186106 0.0159012 0.0132446 0.9730042 0.9750497 0.9704559 0.9723428 0.9638707 0.9686240 0.9730042 0.9221173 0.9113719 
Mlig.48599 0.0363092 0.0026142 0.9028116 0.9600820 0.9600820 0.0105723 0.0078874 0.0000010 0.0000010 0.0052383 0.0105602 0.0000000 0.0079525 0.0078838 0.0052391 0.0026183 0.9680467 0.9700858 0.9655179 0.9673982 0.9589534 0.9636932 0.9680467 0.9028762 0.8922869 
Mlig.42004 0.0453384 0.0106221 0.9174309 0.9755427 0.9755427 0.0187968 0.0160252 0.0079525 0.0079525 0.0133032 0.0187744 0.0079525 0.0000000 0.0160179 0.0133054 0.0106391 0.9939356 0.9960183 0.9912878 0.9932155 0.9845677 0.9894109 0.9939356 0.9175064 0.9067548 
Mlig.38823 0.0449272 0.0105302 0.9040352 0.9614501 0.9614501 0.0186327 0.0158859 0.0078838 0.0078838 0.0131880 0.0186106 0.0078838 0.0160179 0.0000000 0.0131902 0.0105470 0.9691277 0.9704157 0.9658551 0.9677321 0.9593021 0.9640335 0.9691277 0.9041007 0.8934845 
Mlig.20085 0.0420089 0.0078725 0.9185898 0.9767833 0.9767833 0.0159199 0.0131962 0.0052391 0.0052391 0.0105168 0.0159012 0.0052391 0.0133054 0.0131902 0.0000000 0.0078850 0.9846514 0.9867197 0.9820459 0.9839569 0.9753809 0.9801878 0.9846514 0.9186663 0.9079011 
Mlig.42010 0.0392120 0.0052459 0.9033431 0.9623922 0.9623922 0.0132599 0.0105518 0.0026183 0.0026183 0.0078838 0.0132446 0.0026183 0.0106391 0.0105470 0.0078850 0.0000000 0.9732858 0.9753369 0.9707305 0.9726225 0.9641275 0.9688926 0.9732858 0.9034081 0.8927958 
Mlig.8945  1.0567046 0.9715950 0.6405249 0.7272025 0.7272025 0.9830141 0.9914099 0.9680467 0.9680467 0.9680353 0.9730042 0.9680467 0.9939356 0.9691277 0.9846514 0.9732858 0.0000000 0.0079313 0.0106093 0.0079193 0.0079138 0.0052706 0.0000010 0.6372751 0.6319865 
Mlig.8942  1.0588890 0.9736424 0.6338525 0.7332794 0.7332794 0.9850757 0.9934833 0.9700858 0.9700858 0.9700768 0.9750497 0.9700858 0.9960183 0.9704157 0.9867197 0.9753369 0.0079313 0.0000000 0.0132990 0.0105888 0.0105814 0.0079281 0.0079313 0.6358147 0.6305255 
Mlig.8947  1.0537725 0.9690488 0.6407871 0.7274369 0.7274369 0.9804209 0.9887811 0.9655179 0.9655179 0.9655036 0.9704559 0.9655179 0.9912878 0.9658551 0.9820459 0.9707305 0.0106093 0.0132990 0.0000000 0.0105848 0.0132695 0.0106050 0.0106093 0.6375298 0.6322302 
Mlig.8946  1.0558148 0.9709368 0.6450448 0.7317829 0.7317829 0.9823253 0.9906988 0.9673982 0.9673982 0.9673861 0.9723428 0.9673982 0.9932155 0.9677321 0.9839569 0.9726225 0.0079193 0.0105888 0.0105848 0.0000000 0.0105654 0.0079161 0.0079193 0.6417785 0.6364838 
Mlig.8940  1.0466785 0.9624590 0.6323364 0.7185283 0.7185283 0.9737782 0.9820955 0.9589534 0.9589534 0.9589317 0.9638707 0.9589534 0.9845677 0.9593021 0.9753809 0.9641275 0.0079138 0.0105814 0.0132695 0.0105654 0.0000000 0.0079106 0.0079138 0.6291299 0.6238738 
Mlig.8944  1.0517604 0.9672160 0.6349807 0.7213526 0.7213526 0.9785696 0.9869149 0.9636932 0.9636932 0.9636769 0.9686240 0.9636932 0.9894109 0.9640335 0.9801878 0.9688926 0.0052706 0.0079281 0.0106050 0.0079161 0.0079106 0.0000000 0.0052706 0.6317587 0.6264896 
Mlig.8943  1.0567046 0.9715950 0.6405249 0.7272025 0.7272025 0.9830141 0.9914099 0.9680467 0.9680467 0.9680353 0.9730042 0.9680467 0.9939356 0.9691277 0.9846514 0.9732858 0.0000010 0.0079313 0.0106093 0.0079193 0.0079138 0.0052706 0.0000000 0.6372751 0.6319865 
Mlig.6555  1.0036018 0.9062093 0.0160357 0.4216978 0.4216978 0.9152228 0.9252891 0.9028762 0.9028762 0.9027946 0.9221173 0.9028762 0.9175064 0.9041007 0.9186663 0.9034081 0.6372751 0.6358147 0.6375298 0.6417785 0.6291299 0.6317587 0.6372751 0.0000000 0.0079781 
Mlig.6557  0.9919190 0.8955753 0.0079283 0.4140398 0.4140398 0.9045225 0.9144822 0.8922869 0.8922869 0.8921950 0.9113719 0.8922869 0.9067548 0.8934845 0.9079011 0.8927958 0.6319865 0.6305255 0.6322302 0.6364838 0.6238738 0.6264896 0.6319865 0.0079781 0.0000000 
