8
Ecan.10906 0.0000000 0.0000010 0.3440256 0.3440256 0.2281050 0.2994890 0.2994890 0.3038720 
Ecan.10944 0.0000010 0.0000000 0.3440256 0.3440256 0.2281050 0.2994890 0.2994890 0.3038720 
Ecan.10541 0.3440256 0.3440256 0.0000000 0.0000010 0.1585474 0.0566748 0.0566748 0.0373871 
Ecan.10643 0.3440256 0.3440256 0.0000010 0.0000000 0.1585474 0.0566748 0.0566748 0.0373871 
Ecan.10585 0.2281050 0.2281050 0.1585474 0.1585474 0.0000000 0.0956477 0.0956477 0.1177152 
Ecan.10624 0.2994890 0.2994890 0.0566748 0.0566748 0.0956477 0.0000000 0.0000010 0.0187301 
Ecan.10632 0.2994890 0.2994890 0.0566748 0.0566748 0.0956477 0.0000010 0.0000000 0.0187301 
Ecan.10644 0.3038720 0.3038720 0.0373871 0.0373871 0.1177152 0.0187301 0.0187301 0.0000000 
