12
Smed.4910  0.0000000 0.0325091 0.0680736 0.0661545 0.0325091 0.0661418 0.0489479 0.0489479 0.0655196 0.0667973 0.0494188 0.1294737 
Smed.12413 0.0325091 0.0000000 0.0337421 0.0327638 0.0000010 0.0327501 0.0161623 0.0161623 0.0324509 0.0330789 0.0163182 0.0930809 
Smed.4720  0.0680736 0.0337421 0.0000000 0.0686319 0.0337421 0.0686194 0.0507844 0.0507844 0.0679512 0.0693229 0.0512902 0.1343854 
Smed.8894  0.0661545 0.0327638 0.0686319 0.0000000 0.0327638 0.0666708 0.0493336 0.0493336 0.0660384 0.0673367 0.0498119 0.1305824 
Smed.11321 0.0325091 0.0000010 0.0337421 0.0327638 0.0000000 0.0327501 0.0161623 0.0161623 0.0324509 0.0330789 0.0163182 0.0930809 
Smed.25945 0.0661418 0.0327501 0.0686194 0.0666708 0.0327501 0.0000000 0.0493185 0.0493185 0.0660257 0.0673241 0.0497966 0.0976952 
Smed.21548 0.0489479 0.0161623 0.0507844 0.0493336 0.0161623 0.0493185 0.0000000 0.0000010 0.0357043 0.0164294 0.0327589 0.1111588 
Smed.28474 0.0489479 0.0161623 0.0507844 0.0493336 0.0161623 0.0493185 0.0000010 0.0000000 0.0357043 0.0164294 0.0327589 0.1111588 
Smed.4601  0.0655196 0.0324509 0.0679512 0.0660384 0.0324509 0.0660257 0.0357043 0.0357043 0.0000000 0.0544366 0.0493307 0.1292503 
Smed.7913  0.0667973 0.0330789 0.0693229 0.0673367 0.0330789 0.0673241 0.0164294 0.0164294 0.0544366 0.0000000 0.0502977 0.1319480 
Smed.12723 0.0494188 0.0163182 0.0512902 0.0498119 0.0163182 0.0497966 0.0327589 0.0327589 0.0493307 0.0502977 0.0000000 0.0929851 
Smed.22380 0.1294737 0.0930809 0.1343854 0.1305824 0.0930809 0.0976952 0.1111588 0.1111588 0.1292503 0.1319480 0.0929851 0.0000000 
