6
Mlig.5926  0.0000000 0.0000010 0.7183717 0.0089261 0.7183717 0.6970618 
Mlig.5927  0.0000010 0.0000000 0.7183717 0.0089261 0.7183717 0.6970618 
Mlig.25815 0.7183717 0.7183717 0.0000000 0.7058243 0.0000010 0.0190408 
Mlig.5925  0.0089261 0.0089261 0.7058243 0.0000000 0.7058243 0.6849426 
Mlig.6738  0.7183717 0.7183717 0.0000010 0.7058243 0.0000000 0.0190408 
Mlig.25814 0.6970618 0.6970618 0.0190408 0.6849426 0.0190408 0.0000000 
