11
Mlig.43300 0.0000000 0.0000010 1.1102550 1.1071706 1.1102550 1.1914666 1.1862524 1.1862524 1.0775870 1.1596274 1.1490579 
Mlig.43301 0.0000010 0.0000000 1.1102550 1.1071706 1.1102550 1.1914666 1.1862524 1.1862524 1.0775870 1.1596274 1.1490579 
Mlig.36131 1.1102550 1.1102550 0.0000000 0.0013323 0.0000010 0.5528348 0.5498108 0.5498108 1.2895280 1.2844491 1.2860887 
Mlig.28485 1.1071706 1.1071706 0.0013323 0.0000000 0.0013323 0.5549296 0.5519020 0.5519020 1.2930225 1.2872154 1.2888577 
Mlig.46019 1.1102550 1.1102550 0.0000010 0.0013323 0.0000000 0.5528348 0.5498108 0.5498108 1.2895280 1.2844491 1.2860887 
Mlig.21094 1.1914666 1.1914666 0.5528348 0.5549296 0.5528348 0.0000000 0.0013379 0.0013379 1.4169479 1.3889138 1.3906740 
Mlig.21093 1.1862524 1.1862524 0.5498108 0.5519020 0.5498108 0.0013379 0.0000000 0.0000010 1.4108725 1.3828611 1.3846123 
Mlig.29982 1.1862524 1.1862524 0.5498108 0.5519020 0.5498108 0.0013379 0.0000010 0.0000000 1.4108725 1.3828611 1.3846123 
Mlig.29594 1.0775870 1.0775870 1.2895280 1.2930225 1.2895280 1.4169479 1.4108725 1.4108725 0.0000000 1.2991806 1.3000113 
Mlig.12688 1.1596274 1.1596274 1.2844491 1.2872154 1.2844491 1.3889138 1.3828611 1.3828611 1.2991806 0.0000000 0.0027610 
Mlig.41786 1.1490579 1.1490579 1.2860887 1.2888577 1.2860887 1.3906740 1.3846123 1.3846123 1.3000113 0.0027610 0.0000000 
