14
Mcor.14075 0.0000000 0.6128781 1.2782259 0.5590097 0.6672138 0.3257275 0.2336090 0.1328006 0.2435069 0.1875858 0.3044276 0.2941722 0.0948718 0.0755048 
Mcor.10304 0.6128781 0.0000000 0.7915658 0.0437678 0.3296147 0.7196761 0.6119450 0.7505332 0.8081404 0.6185880 0.7045798 0.7753856 0.6720215 0.6441983 
Mcor.14295 1.2782259 0.7915658 0.0000000 0.8212444 1.0060914 1.1131884 1.0433209 1.4963500 1.2902671 1.2333629 1.2390670 1.5470125 1.3900543 1.3070649 
Mcor.8654  0.5590097 0.0437678 0.8212444 0.0000000 0.3066832 0.6860704 0.5673534 0.7089999 0.7638004 0.5819617 0.7064670 0.7331658 0.6329506 0.6462471 
Mcor.12509 0.6672138 0.3296147 1.0060914 0.3066832 0.0000000 0.7343565 0.5986664 0.7682558 0.7780508 0.5967703 0.7016804 0.6702768 0.6858477 0.6736948 
Mcor.14483 0.3257275 0.7196761 1.1131884 0.6860704 0.7343565 0.0000000 0.2105912 0.3142819 0.2159109 0.2178194 0.3041888 0.4354850 0.2712165 0.2835822 
Mcor.13227 0.2336090 0.6119450 1.0433209 0.5673534 0.5986664 0.2105912 0.0000000 0.2920274 0.1788172 0.1514613 0.2095758 0.3867082 0.2520282 0.2419880 
Mcor.14568 0.1328006 0.7505332 1.4963500 0.7089999 0.7682558 0.3142819 0.2920274 0.0000000 0.3429622 0.1688896 0.2782839 0.2507581 0.0301734 0.0767422 
Mcor.11960 0.2435069 0.8081404 1.2902671 0.7638004 0.7780508 0.2159109 0.1788172 0.3429622 0.0000000 0.2404772 0.3552254 0.4707544 0.2957409 0.3102875 
Mcor.13229 0.1875858 0.6185880 1.2333629 0.5819617 0.5967703 0.2178194 0.1514613 0.1688896 0.2404772 0.0000000 0.0955616 0.2442339 0.1285899 0.1641913 
Mcor.14023 0.3044276 0.7045798 1.2390670 0.7064670 0.7016804 0.3041888 0.2095758 0.2782839 0.3552254 0.0955616 0.0000000 0.3726921 0.2405266 0.2294718 
Mcor.10302 0.2941722 0.7753856 1.5470125 0.7331658 0.6702768 0.4354850 0.3867082 0.2507581 0.4707544 0.2442339 0.3726921 0.0000000 0.2046455 0.2654455 
Mcor.14357 0.0948718 0.6720215 1.3900543 0.6329506 0.6858477 0.2712165 0.2520282 0.0301734 0.2957409 0.1285899 0.2405266 0.2046455 0.0000000 0.0761540 
Mcor.14540 0.0755048 0.6441983 1.3070649 0.6462471 0.6736948 0.2835822 0.2419880 0.0767422 0.3102875 0.1641913 0.2294718 0.2654455 0.0761540 0.0000000 
