7
Treg.1747  0.0000000 0.7842354 0.8959449 0.9687375 0.9260359 0.9127741 0.9335305 
Treg.1732  0.7842354 0.0000000 0.5439416 0.7215873 0.6646354 0.7170125 0.7242848 
Treg.10464 0.8959449 0.5439416 0.0000000 0.5583877 0.5416500 0.6238633 0.6314406 
Treg.1744  0.9687375 0.7215873 0.5583877 0.0000000 0.0308744 0.8029898 0.7991467 
Treg.1745  0.9260359 0.6646354 0.5416500 0.0308744 0.0000000 0.7487079 0.7448314 
Treg.1380  0.9127741 0.7170125 0.6238633 0.8029898 0.7487079 0.0000000 0.0450515 
Treg.1381  0.9335305 0.7242848 0.6314406 0.7991467 0.7448314 0.0450515 0.0000000 
