6
Mlig.9767  0.0000000 0.0000010 0.0958190 0.0958190 0.3086024 0.3086024 
Mlig.43970 0.0000010 0.0000000 0.0958190 0.0958190 0.3086024 0.3086024 
Mlig.9618  0.0958190 0.0958190 0.0000000 0.0000010 0.2276653 0.2276653 
Mlig.37856 0.0958190 0.0958190 0.0000010 0.0000000 0.2276653 0.2276653 
Mlig.1935  0.3086024 0.3086024 0.2276653 0.2276653 0.0000000 0.0000010 
Mlig.1936  0.3086024 0.3086024 0.2276653 0.2276653 0.0000010 0.0000000 
