8
Mlig.4384  0.0000000 0.0000010 0.0000010 0.8450250 0.8450250 0.8348433 0.7754416 0.7763869 
Mlig.40479 0.0000010 0.0000000 0.0000010 0.8450250 0.8450250 0.8348433 0.7754416 0.7763869 
Mlig.40482 0.0000010 0.0000010 0.0000000 0.8450250 0.8450250 0.8348433 0.7754416 0.7763869 
Mlig.4385  0.8450250 0.8450250 0.8450250 0.0000000 0.0000010 0.0114455 0.6273226 0.6298119 
Mlig.40481 0.8450250 0.8450250 0.8450250 0.0000010 0.0000000 0.0114455 0.6273226 0.6298119 
Mlig.40483 0.8348433 0.8348433 0.8348433 0.0114455 0.0114455 0.0000000 0.6321441 0.6346608 
Mlig.7187  0.7754416 0.7754416 0.7754416 0.6273226 0.6273226 0.6321441 0.0000000 0.0113668 
Mlig.25430 0.7763869 0.7763869 0.7763869 0.6298119 0.6298119 0.6346608 0.0113668 0.0000000 
