6
Smed.673   0.0000000 0.2852333 0.1600302 0.1888547 0.2079784 0.2386610 
Smed.15026 0.2852333 0.0000000 0.2505433 0.3161160 0.2704354 0.3386627 
Smed.2671  0.1600302 0.2505433 0.0000000 0.1941579 0.1784916 0.1852623 
Smed.2168  0.1888547 0.3161160 0.1941579 0.0000000 0.2229726 0.2353221 
Smed.3560  0.2079784 0.2704354 0.1784916 0.2229726 0.0000000 0.2351944 
Smed.14783 0.2386610 0.3386627 0.1852623 0.2353221 0.2351944 0.0000000 
