6
Smar.2270  0.0000000 0.0058616 0.1638118 0.1484740 0.1808248 0.0058455 
Smar.8121  0.0058616 0.0000000 0.1714993 0.1559548 0.1887817 0.0117616 
Smar.6958  0.1638118 0.1714993 0.0000000 0.0117775 0.3451279 0.1564111 
Smar.7657  0.1484740 0.1559548 0.0117775 0.0000000 0.3659586 0.1412526 
Smar.1406  0.1808248 0.1887817 0.3451279 0.3659586 0.0000000 0.1802087 
Smar.1807  0.0058455 0.0117616 0.1564111 0.1412526 0.1802087 0.0000000 
