6
Mlig.1535  0.0000000 0.5835674 0.5752101 0.5766919 0.0000010 0.0000010 
Mlig.5967  0.5835674 0.0000000 0.0100688 0.0151902 0.5835674 0.5835674 
Mlig.5965  0.5752101 0.0100688 0.0000000 0.0050413 0.5752101 0.5752101 
Mlig.17617 0.5766919 0.0151902 0.0050413 0.0000000 0.5766919 0.5766919 
Mlig.2268  0.0000010 0.5835674 0.5752101 0.5766919 0.0000000 0.0000010 
Mlig.31469 0.0000010 0.5835674 0.5752101 0.5766919 0.0000010 0.0000000 
