8
Smed.10020 0.0000000 0.0845762 0.0845762 0.0843285 0.0852549 0.0354369 0.1118288 0.0474084 
Smed.22554 0.0845762 0.0000000 0.0000010 0.0232237 0.0977381 0.0473851 0.1246444 0.0594322 
Smed.22937 0.0845762 0.0000010 0.0000000 0.0232237 0.0977381 0.0473851 0.1246444 0.0594322 
Smed.23851 0.0843285 0.0232237 0.0232237 0.0000000 0.0974462 0.0472520 0.1242592 0.0592633 
Smed.19643 0.0852549 0.0977381 0.0977381 0.0974462 0.0000000 0.0477572 0.0995488 0.0475060 
Smed.5300  0.0354369 0.0473851 0.0473851 0.0472520 0.0477572 0.0000000 0.0730633 0.0116290 
Smed.3493  0.1118288 0.1246444 0.1246444 0.1242592 0.0995488 0.0730633 0.0000000 0.0855319 
Smed.18170 0.0474084 0.0594322 0.0594322 0.0592633 0.0475060 0.0116290 0.0855319 0.0000000 
