6
Smed.16838 0.0000000 3.9595414 0.3599481 0.3974029 0.3040011 0.2886275 
Smed.20915 3.9595414 0.0000000 3.0916614 4.0891646 3.7422483 4.0421888 
Smed.7201  0.3599481 3.0916614 0.0000000 0.4273232 0.3376683 0.3035558 
Smed.13369 0.3974029 4.0891646 0.4273232 0.0000000 0.4084705 0.3556113 
Smed.13085 0.3040011 3.7422483 0.3376683 0.4084705 0.0000000 0.1167576 
Smed.16402 0.2886275 4.0421888 0.3035558 0.3556113 0.1167576 0.0000000 
