7
Mlig.38381 0.0000000 0.0066734 0.0066734 0.0066734 0.8151390 0.5698597 0.5704890 
Mlig.38382 0.0066734 0.0000000 0.0000010 0.0000010 0.8176962 0.5714641 0.5720971 
Mlig.38383 0.0066734 0.0000010 0.0000000 0.0000010 0.8176962 0.5714641 0.5720971 
Mlig.38384 0.0066734 0.0000010 0.0000010 0.0000000 0.8176962 0.5714641 0.5720971 
Mlig.4412  0.8151390 0.8176962 0.8176962 0.8176962 0.0000000 0.1968498 0.1973820 
Mlig.4413  0.5698597 0.5714641 0.5714641 0.5714641 0.1968498 0.0000000 0.0101366 
Mlig.4414  0.5704890 0.5720971 0.5720971 0.5720971 0.1973820 0.0101366 0.0000000 
