15
Smed.381   0.0000000 1.2866853 1.1635969 1.2595574 1.2430282 1.2456777 1.2285138 1.2102392 1.2153178 1.2655784 1.8550039 1.8859138 1.2793224 1.3151427 1.3187753 
Smed.389   1.2866853 0.0000000 1.4422175 0.7678266 0.7816162 0.8331507 0.8222764 0.8085521 0.7810604 0.8483437 1.6384343 1.6375185 1.0066787 1.1639643 1.1674111 
Smed.8538  1.1635969 1.4422175 0.0000000 1.5762775 1.6098324 1.7036682 1.7339818 1.7092094 1.6242728 1.7331578 1.9387297 1.9475823 1.8690970 1.6666158 1.6638918 
Smed.18730 1.2595574 0.7678266 1.5762775 0.0000000 0.0378805 0.1802725 0.1786895 0.1715686 0.1826732 0.1845229 1.4829039 1.4641566 0.4808261 0.9203256 0.9308101 
Smed.20043 1.2430282 0.7816162 1.6098324 0.0378805 0.0000000 0.1913452 0.1896702 0.1825734 0.2009151 0.2015988 1.4486392 1.4302986 0.4567816 0.9042988 0.9147997 
Smed.28564 1.2456777 0.8331507 1.7036682 0.1802725 0.1913452 0.0000000 0.0107637 0.0053576 0.0638796 0.0873291 1.5328698 1.5133996 0.5028519 1.0490357 1.0522596 
Smed.14512 1.2285138 0.8222764 1.7339818 0.1786895 0.1896702 0.0107637 0.0000000 0.0053238 0.0634154 0.0866782 1.5023817 1.4834813 0.4970482 1.0478107 1.0510036 
Smed.25822 1.2102392 0.8085521 1.7092094 0.1715686 0.1825734 0.0053576 0.0053238 0.0000000 0.0573965 0.0805540 1.5061585 1.4872118 0.4869236 1.0324642 1.0356391 
Smed.17176 1.2153178 0.7810604 1.6242728 0.1826732 0.2009151 0.0638796 0.0634154 0.0573965 0.0000000 0.0496625 1.5582359 1.5383492 0.4939665 0.9806736 0.9914466 
Smed.25572 1.2655784 0.8483437 1.7331578 0.1845229 0.2015988 0.0873291 0.0866782 0.0805540 0.0496625 0.0000000 1.6296088 1.6087214 0.5120717 1.0245202 1.0356696 
Smed.21640 1.8550039 1.6384343 1.9387297 1.4829039 1.4486392 1.5328698 1.5023817 1.5061585 1.5582359 1.6296088 0.0000000 0.0115711 1.4413728 1.7014017 1.6978839 
Smed.28384 1.8859138 1.6375185 1.9475823 1.4641566 1.4302986 1.5133996 1.4834813 1.4872118 1.5383492 1.6087214 0.0115711 0.0000000 1.4127440 1.7252829 1.7217382 
Smed.732   1.2793224 1.0066787 1.8690970 0.4808261 0.4567816 0.5028519 0.4970482 0.4869236 0.4939665 0.5120717 1.4413728 1.4127440 0.0000000 1.0771555 1.0888956 
Smed.9922  1.3151427 1.1639643 1.6666158 0.9203256 0.9042988 1.0490357 1.0478107 1.0324642 0.9806736 1.0245202 1.7014017 1.7252829 1.0771555 0.0000000 0.0052641 
Smed.25570 1.3187753 1.1674111 1.6638918 0.9308101 0.9147997 1.0522596 1.0510036 1.0356391 0.9914466 1.0356696 1.6978839 1.7217382 1.0888956 0.0052641 0.0000000 
