6
Csin.4520  0.0000000 0.2053495 0.1613435 0.1940038 0.1214413 0.1931336 
Csin.7447  0.2053495 0.0000000 0.1889445 0.2554631 0.2104952 0.1714912 
Csin.7627  0.1613435 0.1889445 0.0000000 0.2177264 0.1499064 0.1619002 
Csin.5280  0.1940038 0.2554631 0.2177264 0.0000000 0.2035180 0.2394085 
Csin.2904  0.1214413 0.2104952 0.1499064 0.2035180 0.0000000 0.1952752 
Csin.4182  0.1931336 0.1714912 0.1619002 0.2394085 0.1952752 0.0000000 
