12
Smed.7397  0.0000000 0.3818000 2.2719553 0.4986774 5.1798339 0.9583675 0.3325013 0.1664463 0.3823744 0.2783428 0.3372965 0.4209006 
Smed.20006 0.3818000 0.0000000 2.3204575 0.6096262 4.3277366 0.6274822 0.3421938 0.2433656 0.2811202 0.1655219 0.2442451 0.4677458 
Smed.20389 2.2719553 2.3204575 0.0000000 2.1229645 0.5323071 5.0286186 2.5421071 2.1496284 2.3986408 1.9199489 2.1610129 1.8082566 
Smed.18795 0.4986774 0.6096262 2.1229645 0.0000000 4.5159015 1.1264133 0.4413593 0.3828939 0.5796928 0.4623495 0.4883005 0.6642472 
Smed.14202 5.1798339 4.3277366 0.5323071 4.5159015 0.0000000 2.4336437 5.4071766 4.6973030 5.2374954 4.6528076 4.5797626 4.1879944 
Smed.20993 0.9583675 0.6274822 5.0286186 1.1264133 2.4336437 0.0000000 0.9142413 0.7650689 0.8203624 0.7429455 0.7417862 1.3306897 
Smed.9686  0.3325013 0.3421938 2.5421071 0.4413593 5.4071766 0.9142413 0.0000000 0.1791070 0.2853402 0.2195195 0.2182913 0.3487642 
Smed.1825  0.1664463 0.2433656 2.1496284 0.3828939 4.6973030 0.7650689 0.1791070 0.0000000 0.2120144 0.1328338 0.1812126 0.3756246 
Smed.4676  0.3823744 0.2811202 2.3986408 0.5796928 5.2374954 0.8203624 0.2853402 0.2120144 0.0000000 0.0980890 0.2218691 0.5665585 
Smed.26398 0.2783428 0.1655219 1.9199489 0.4623495 4.6528076 0.7429455 0.2195195 0.1328338 0.0980890 0.0000000 0.1333818 0.4262821 
Smed.12101 0.3372965 0.2442451 2.1610129 0.4883005 4.5797626 0.7417862 0.2182913 0.1812126 0.2218691 0.1333818 0.0000000 0.5005357 
Smed.24565 0.4209006 0.4677458 1.8082566 0.6642472 4.1879944 1.3306897 0.3487642 0.3756246 0.5665585 0.4262821 0.5005357 0.0000000 
