7
Hdim.7346  0.0000000 0.6931933 0.5925883 0.4626893 0.3798786 0.7648404 0.5947195 
Hdim.5439  0.6931933 0.0000000 0.8262202 0.6364105 0.7340776 0.4191676 0.8681637 
Hdim.10691 0.5925883 0.8262202 0.0000000 0.4570434 0.3703923 0.5248098 0.3505437 
Hdim.4559  0.4626893 0.6364105 0.4570434 0.0000000 0.3733995 0.5441518 0.4080025 
Hdim.12194 0.3798786 0.7340776 0.3703923 0.3733995 0.0000000 0.5517047 0.3960750 
Hdim.7303  0.7648404 0.4191676 0.5248098 0.5441518 0.5517047 0.0000000 0.3837612 
Hdim.11983 0.5947195 0.8681637 0.3505437 0.4080025 0.3960750 0.3837612 0.0000000 
