9
Mlig.3132  0.0000000 0.0062357 0.0062357 0.5489761 0.5399370 0.5399370 0.9276659 0.1535959 0.1465475 
Mlig.3133  0.0062357 0.0000000 0.0000010 0.5589200 0.5498572 0.5498572 0.9273029 0.1465628 0.1395488 
Mlig.3134  0.0062357 0.0000010 0.0000000 0.5589200 0.5498572 0.5498572 0.9273029 0.1465628 0.1395488 
Mlig.15405 0.5489761 0.5589200 0.5589200 0.0000000 0.0061571 0.0061571 0.9699154 0.5259793 0.5164470 
Mlig.15406 0.5399370 0.5498572 0.5498572 0.0061571 0.0000000 0.0000010 0.9699358 0.5172610 0.5077596 
Mlig.15407 0.5399370 0.5498572 0.5498572 0.0061571 0.0000010 0.0000000 0.9699358 0.5172610 0.5077596 
Mlig.14342 0.9276659 0.9273029 0.9273029 0.9699154 0.9699358 0.9699358 0.0000000 0.9039552 0.8906550 
Mlig.30935 0.1535959 0.1465628 0.1465628 0.5259793 0.5172610 0.5172610 0.9039552 0.0000000 0.0062315 
Mlig.30936 0.1465475 0.1395488 0.1395488 0.5164470 0.5077596 0.5077596 0.8906550 0.0062315 0.0000000 
