8
Mlig.16734 0.0000000 0.0022859 0.0022859 0.7703139 0.5168957 0.5168957 0.8238984 0.8190617 
Mlig.16735 0.0022859 0.0000000 0.0000010 0.7791662 0.5230712 0.5230712 0.8331237 0.8282507 
Mlig.16736 0.0022859 0.0000010 0.0000000 0.7791662 0.5230712 0.5230712 0.8331237 0.8282507 
Mlig.44730 0.7703139 0.7791662 0.7791662 0.0000000 0.7601614 0.7601614 0.3505193 0.3460130 
Mlig.40787 0.5168957 0.5230712 0.5230712 0.7601614 0.0000000 0.0000010 0.7730223 0.7714501 
Mlig.40788 0.5168957 0.5230712 0.5230712 0.7601614 0.0000010 0.0000000 0.7730223 0.7714501 
Mlig.33651 0.8238984 0.8331237 0.8331237 0.3505193 0.7730223 0.7730223 0.0000000 0.0022850 
Mlig.39044 0.8190617 0.8282507 0.8282507 0.3460130 0.7714501 0.7714501 0.0022850 0.0000000 
