9
Mlig.35457 0.0000000 0.0267999 0.0000010 0.0000010 0.8790725 0.8790725 0.8790725 0.8096435 0.8096435 
Mlig.37745 0.0267999 0.0000000 0.0267999 0.0267999 0.8731380 0.8731380 0.8731380 0.8213263 0.8213263 
Mlig.35455 0.0000010 0.0267999 0.0000000 0.0000010 0.8790725 0.8790725 0.8790725 0.8096435 0.8096435 
Mlig.35456 0.0000010 0.0267999 0.0000010 0.0000000 0.8790725 0.8790725 0.8790725 0.8096435 0.8096435 
Mlig.31210 0.8790725 0.8731380 0.8790725 0.8790725 0.0000000 0.0000010 0.0000010 0.4675186 0.4675186 
Mlig.31208 0.8790725 0.8731380 0.8790725 0.8790725 0.0000010 0.0000000 0.0000010 0.4675186 0.4675186 
Mlig.31209 0.8790725 0.8731380 0.8790725 0.8790725 0.0000010 0.0000010 0.0000000 0.4675186 0.4675186 
Mlig.43567 0.8096435 0.8213263 0.8096435 0.8096435 0.4675186 0.4675186 0.4675186 0.0000000 0.0000010 
Mlig.43568 0.8096435 0.8213263 0.8096435 0.8096435 0.4675186 0.4675186 0.4675186 0.0000010 0.0000000 
